  6.367399E-01
          18 10.0000000
 -2.000000E+01 -1.000000E+01 -2.107210E+00 -1.806180E+00 -1.505150E+00 -1.204120E+00 -9.030900E-01 -6.020600E-01 -3.010300E-01  0.000000E+00
  3.010300E-01  6.020600E-01  9.030900E-01  1.204120E+00  1.505150E+00  1.806180E+00  2.107210E+00  2.408240E+00
          10 10.0000000
  0.000000E+00  1.000000E+01  2.000000E+01  3.000000E+01  4.000000E+01  5.000000E+01  6.000000E+01  7.000000E+01  8.000000E+01  8.900000E+01
          20  2.0000000
  1.000000E+00  3.000000E+00  5.000000E+00  7.000000E+00  9.000000E+00  1.100000E+01  1.300000E+01  1.500000E+01  1.700000E+01  1.900000E+01
  2.100000E+01  2.300000E+01  2.500000E+01  2.700000E+01  2.900000E+01  3.100000E+01  3.300000E+01  3.500000E+01  3.700000E+01  3.900000E+01
  2.594792E+00  2.599515E+00  2.647485E+00  2.708625E+00  2.815523E+00  3.088512E+00  3.510883E+00  4.441807E+00  6.455064E+00  1.029689E+01
  1.802855E+01  3.172074E+01  5.019659E+01  6.814108E+01  8.151179E+01  8.993429E+01  9.473952E+01  9.730857E+01  2.630020E+00  2.636552E+00
  2.691009E+00  2.752867E+00  2.858121E+00  3.136227E+00  3.578696E+00  4.530795E+00  6.599196E+00  1.054480E+01  1.841872E+01  3.223229E+01
  5.065713E+01  6.844144E+01  8.168679E+01  9.002941E+01  9.478918E+01  9.733408E+01  2.757160E+00  2.761245E+00  2.817085E+00  2.883215E+00
  3.000313E+00  3.297828E+00  3.774164E+00  4.815485E+00  7.057189E+00  1.130333E+01  1.965169E+01  3.382446E+01  5.202835E+01  6.933833E+01
  8.220729E+01  9.031297E+01  9.493754E+01  9.740971E+01  2.984115E+00  2.989829E+00  3.055180E+00  3.132674E+00  3.266342E+00  3.603992E+00
  4.163380E+00  5.373276E+00  7.887801E+00  1.278702E+01  2.192301E+01  3.654349E+01  5.429379E+01  7.080827E+01  8.306097E+01  9.077720E+01
  9.518044E+01  9.753397E+01  3.360450E+00  3.369345E+00  3.447054E+00  3.540590E+00  3.715142E+00  4.143497E+00  4.835820E+00  6.321982E+00
  9.527746E+00  1.519903E+01  2.551727E+01  4.049633E+01  5.742309E+01  7.282186E+01  8.422956E+01  9.141325E+01  9.551252E+01  9.770412E+01
  3.975971E+00  3.986067E+00  4.104353E+00  4.232825E+00  4.471097E+00  4.994798E+00  5.997443E+00  8.027504E+00  1.218843E+01  1.930299E+01
  3.085011E+01  4.575513E+01  6.136096E+01  7.534172E+01  8.569247E+01  9.220940E+01  9.592862E+01  9.791744E+01  5.056073E+00  5.067830E+00
  5.251598E+00  5.458514E+00  5.837525E+00  6.681162E+00  8.189260E+00  1.121158E+01  1.690816E+01  2.600839E+01  3.839065E+01  5.228899E+01
  6.604900E+01  7.833971E+01  8.743316E+01  9.315657E+01  9.642383E+01  9.817085E+01  7.227235E+00  7.241859E+00  7.580091E+00  7.957483E+00
  8.670265E+00  1.019358E+01  1.285888E+01  1.778829E+01  2.592656E+01  3.661797E+01  4.817056E+01  5.993180E+01  7.147240E+01  8.180288E+01
  8.944013E+01  9.424947E+01  9.699568E+01  9.846365E+01  1.326461E+01  1.329705E+01  1.418451E+01  1.510483E+01  1.680203E+01  2.012666E+01
  2.551235E+01  3.348953E+01  4.289783E+01  5.142165E+01  5.978703E+01  6.872542E+01  7.771292E+01  8.578784E+01  9.175090E+01  9.550759E+01
  9.765331E+01  9.880051E+01  4.963076E+01  4.974022E+01  5.060655E+01  5.138668E+01  5.232610E+01  5.357027E+01  5.537040E+01  5.760984E+01
  6.083702E+01  6.521012E+01  7.051991E+01  7.661524E+01  8.324644E+01  8.935218E+01  9.381464E+01  9.663313E+01  9.824429E+01  9.910303E+01
  2.594792E+00  2.596143E+00  2.635814E+00  2.665001E+00  2.759427E+00  2.914914E+00  3.252704E+00  3.939201E+00  5.300527E+00  8.271926E+00
  1.397265E+01  2.477683E+01  4.168506E+01  6.059783E+01  7.618923E+01  8.671990E+01  9.295211E+01  9.636541E+01  2.630020E+00  2.632576E+00
  2.677697E+00  2.710118E+00  2.801990E+00  2.960481E+00  3.305226E+00  4.009010E+00  5.414165E+00  8.470852E+00  1.428735E+01  2.526419E+01
  4.223790E+01  6.096695E+01  7.641640E+01  8.684592E+01  9.301943E+01  9.639989E+01  2.757160E+00  2.757645E+00  2.803546E+00  2.837003E+00
  2.940776E+00  3.113227E+00  3.487961E+00  4.254591E+00  5.768752E+00  9.090026E+00  1.533703E+01  2.675393E+01  4.375747E+01  6.207952E+01
  7.709102E+01  8.722292E+01  9.321978E+01  9.650364E+01  2.984115E+00  2.985459E+00  3.037907E+00  3.080728E+00  3.195093E+00  3.395955E+00
  3.835777E+00  4.721921E+00  6.482228E+00  1.026202E+01  1.726745E+01  2.939143E+01  4.635250E+01  6.391602E+01  7.820025E+01  8.784157E+01
  9.354781E+01  9.667312E+01  3.360450E+00  3.365625E+00  3.427603E+00  3.480595E+00  3.631632E+00  3.887316E+00  4.429712E+00  5.552152E+00
  7.728251E+00  1.231063E+01  2.041738E+01  3.338477E+01  4.995670E+01  6.642310E+01  7.971313E+01  8.868878E+01  9.399751E+01  9.690482E+01
  3.975971E+00  3.977640E+00  4.075523E+00  4.157885E+00  4.356070E+00  4.705559E+00  5.467559E+00  6.981953E+00  9.921463E+00  1.575247E+01
  2.534315E+01  3.891651E+01  5.462030E+01  6.957903E+01  8.161674E+01  8.974786E+01  9.455972E+01  9.719455E+01  5.056073E+00  5.055984E+00
  5.205642E+00  5.343303E+00  5.654267E+00  6.207474E+00  7.374658E+00  9.659598E+00  1.393748E+01  2.163986E+01  3.276339E+01  4.611460E+01
  6.016408E+01  7.330531E+01  8.387425E+01  9.100385E+01  9.522692E+01  9.753854E+01  7.227235E+00  7.232119E+00  7.495326E+00  7.751433E+00
  8.310352E+00  9.362986E+00  1.142198E+01  1.531188E+01  2.183613E+01  3.177461E+01  4.326667E+01  5.484169E+01  6.659760E+01  7.762250E+01
  8.647167E+01  9.245561E+01  9.599828E+01  9.793624E+01  1.326461E+01  1.326217E+01  1.394400E+01  1.457740E+01  1.588520E+01  1.823498E+01
  2.258236E+01  2.945065E+01  3.835625E+01  4.781408E+01  5.631679E+01  6.484171E+01  7.396425E+01  8.252654E+01  8.944036E+01  9.411451E+01
  9.687821E+01  9.839024E+01  4.963076E+01  4.960155E+01  5.045555E+01  5.096956E+01  5.184872E+01  5.293256E+01  5.447127E+01  5.650685E+01
  5.931586E+01  6.326066E+01  6.795892E+01  7.376417E+01  8.034683E+01  8.685991E+01  9.203745E+01  9.557273E+01  9.765273E+01  9.878664E+01
  2.594792E+00  2.587371E+00  2.635148E+00  2.662900E+00  2.733708E+00  2.863772E+00  3.197120E+00  3.735773E+00  4.914752E+00  7.315445E+00
  1.238917E+01  2.221950E+01  3.827895E+01  5.736906E+01  7.379559E+01  8.523221E+01  9.209766E+01  9.590559E+01  2.630020E+00  2.624728E+00
  2.675790E+00  2.705264E+00  2.774690E+00  2.909006E+00  3.240920E+00  3.806872E+00  5.010327E+00  7.488623E+00  1.269924E+01  2.269118E+01
  3.881041E+01  5.777414E+01  7.404280E+01  8.537216E+01  9.217213E+01  9.594381E+01  2.757160E+00  2.747592E+00  2.802870E+00  2.831681E+00
  2.910966E+00  3.054034E+00  3.413478E+00  4.021760E+00  5.359158E+00  8.050657E+00  1.367488E+01  2.415610E+01  4.041659E+01  5.897914E+01
  7.478870E+01  8.579196E+01  9.239640E+01  9.606008E+01  2.984115E+00  2.976006E+00  3.036500E+00  3.074217E+00  3.162883E+00  3.329813E+00
  3.764131E+00  4.468559E+00  6.014526E+00  9.142155E+00  1.551364E+01  2.677420E+01  4.312102E+01  6.096416E+01  7.601261E+01  8.648022E+01
  9.276443E+01  9.625089E+01  3.360450E+00  3.351894E+00  3.423336E+00  3.468645E+00  3.588962E+00  3.807348E+00  4.337347E+00  5.241683E+00
  7.192051E+00  1.106402E+01  1.855056E+01  3.077442E+01  4.693352E+01  6.368477E+01  7.767776E+01  8.742429E+01  9.326888E+01  9.651206E+01
  3.975971E+00  3.966448E+00  4.069566E+00  4.141760E+00  4.303108E+00  4.613961E+00  5.304138E+00  6.619617E+00  9.265805E+00  1.433881E+01
  2.336441E+01  3.640949E+01  5.182753E+01  6.709344E+01  7.977408E+01  8.860442E+01  9.390011E+01  9.683908E+01  5.056073E+00  5.043267E+00
  5.197047E+00  5.321120E+00  5.583357E+00  6.084910E+00  7.164880E+00  9.188176E+00  1.314049E+01  2.005013E+01  3.075995E+01  4.384902E+01
  5.773182E+01  7.114349E+01  8.226364E+01  9.000921E+01  9.465097E+01  9.722803E+01  7.227235E+00  7.201993E+00  7.483774E+00  7.719370E+00
  8.211970E+00  9.179862E+00  1.114164E+01  1.466296E+01  2.083784E+01  3.007235E+01  4.144887E+01  5.296500E+01  6.459254E+01  7.583535E+01
  8.514890E+01  9.163152E+01  9.551815E+01  9.767727E+01  1.326461E+01  1.323524E+01  1.390957E+01  1.448892E+01  1.567008E+01  1.789139E+01
  2.208389E+01  2.848266E+01  3.724119E+01  4.641903E+01  5.501081E+01  6.348286E+01  7.243021E+01  8.118269E+01  8.842524E+01  9.348306E+01
  9.650861E+01  9.819028E+01  4.963076E+01  4.952528E+01  5.041508E+01  5.084570E+01  5.158271E+01  5.266461E+01  5.416579E+01  5.613238E+01
  5.880960E+01  6.244344E+01  6.709719E+01  7.277592E+01  7.925725E+01  8.583179E+01  9.124207E+01  9.507751E+01  9.737389E+01  9.863426E+01
  2.594792E+00  2.589087E+00  2.624747E+00  2.660771E+00  2.720013E+00  2.847020E+00  3.122090E+00  3.638562E+00  4.724611E+00  6.969233E+00
  1.166076E+01  2.099714E+01  3.647691E+01  5.561061E+01  7.250175E+01  8.436507E+01  9.160429E+01  9.564851E+01  2.630020E+00  2.625748E+00
  2.665970E+00  2.703647E+00  2.764185E+00  2.891870E+00  3.170779E+00  3.710908E+00  4.822851E+00  7.123234E+00  1.195735E+01  2.146670E+01
  3.704210E+01  5.602797E+01  7.276215E+01  8.451216E+01  9.168216E+01  9.568810E+01  2.757160E+00  2.750360E+00  2.790860E+00  2.830380E+00
  2.899042E+00  3.031478E+00  3.344230E+00  3.927995E+00  5.152732E+00  7.682382E+00  1.290624E+01  2.291667E+01  3.865791E+01  5.728227E+01
  7.354223E+01  8.495550E+01  9.192052E+01  9.581181E+01  2.984115E+00  2.976510E+00  3.024446E+00  3.071515E+00  3.149255E+00  3.305179E+00
  3.680676E+00  4.352606E+00  5.785819E+00  8.732513E+00  1.468454E+01  2.551175E+01  4.136127E+01  5.934485E+01  7.482368E+01  8.568422E+01
  9.231116E+01  9.601495E+01  3.360450E+00  3.356422E+00  3.411310E+00  3.467708E+00  3.568683E+00  3.774264E+00  4.219588E+00  5.104564E+00
  6.919146E+00  1.059871E+01  1.766071E+01  2.951691E+01  4.524632E+01  6.217223E+01  7.658210E+01  8.668231E+01  9.284614E+01  9.629242E+01
  3.975971E+00  3.971024E+00  4.055667E+00  4.136883E+00  4.280278E+00  4.571402E+00  5.209962E+00  6.449908E+00  8.945532E+00  1.379117E+01
  2.242081E+01  3.518581E+01  5.031903E+01  6.572507E+01  7.878268E+01  8.793250E+01  9.351641E+01  9.664014E+01  5.056073E+00  5.047754E+00
  5.181420E+00  5.313236E+00  5.556643E+00  6.029393E+00  7.043521E+00  8.974911E+00  1.274519E+01  1.943375E+01  2.977616E+01  4.273868E+01
  5.641703E+01  6.995293E+01  8.139830E+01  8.942061E+01  9.431512E+01  9.705480E+01  7.227235E+00  7.216814E+00  7.460186E+00  7.708204E+00
  8.170577E+00  9.095031E+00  1.097676E+01  1.438895E+01  2.031583E+01  2.941698E+01  4.054391E+01  5.206343E+01  6.352870E+01  7.484799E+01
  8.443156E+01  9.114240E+01  9.523822E+01  9.753334E+01  1.326461E+01  1.324480E+01  1.386818E+01  1.445747E+01  1.560009E+01  1.775093E+01
  2.171389E+01  2.807175E+01  3.669868E+01  4.590902E+01  5.435786E+01  6.282163E+01  7.159155E+01  8.042829E+01  8.788337E+01  9.310535E+01
  9.629178E+01  9.808012E+01  4.963076E+01  4.954207E+01  5.032099E+01  5.087846E+01  5.153344E+01  5.255516E+01  5.415937E+01  5.599995E+01
  5.860765E+01  6.208080E+01  6.657700E+01  7.224019E+01  7.852225E+01  8.526061E+01  9.084417E+01  9.479931E+01  9.720354E+01  9.855225E+01
  2.594792E+00  2.592140E+00  2.627858E+00  2.655740E+00  2.709856E+00  2.830446E+00  3.072541E+00  3.588298E+00  4.631843E+00  6.658236E+00
  1.113977E+01  2.011120E+01  3.535372E+01  5.446984E+01  7.158801E+01  8.378491E+01  9.127695E+01  9.546118E+01  2.630020E+00  2.629687E+00
  2.668925E+00  2.697744E+00  2.753242E+00  2.874356E+00  3.123981E+00  3.645715E+00  4.727339E+00  6.812836E+00  1.142748E+01  2.056178E+01
  3.588695E+01  5.490237E+01  7.185790E+01  8.393691E+01  9.135726E+01  9.550169E+01  2.757160E+00  2.753854E+00  2.792604E+00  2.822821E+00
  2.885299E+00  3.015685E+00  3.285219E+00  3.858341E+00  5.046423E+00  7.349287E+00  1.235557E+01  2.200319E+01  3.754568E+01  5.618391E+01
  7.266093E+01  8.439694E+01  9.160543E+01  9.563082E+01  2.984115E+00  2.981263E+00  3.025275E+00  3.064660E+00  3.136473E+00  3.285709E+00
  3.605575E+00  4.272089E+00  5.689937E+00  8.370440E+00  1.408915E+01  2.458908E+01  4.032758E+01  5.829895E+01  7.398717E+01  8.515282E+01
  9.201190E+01  9.584245E+01  3.360450E+00  3.361439E+00  3.412786E+00  3.457143E+00  3.552925E+00  3.754330E+00  4.154925E+00  5.017806E+00
  6.776639E+00  1.017797E+01  1.702932E+01  2.857362E+01  4.430305E+01  6.119976E+01  7.580142E+01  8.618835E+01  9.256857E+01  9.613205E+01
  3.975971E+00  3.976639E+00  4.052805E+00  4.124497E+00  4.265992E+00  4.545878E+00  5.129109E+00  6.341984E+00  8.781542E+00  1.332990E+01
  2.175778E+01  3.426740E+01  4.941871E+01  6.485163E+01  7.807700E+01  8.748584E+01  9.326770E+01  9.649481E+01  5.056073E+00  5.051726E+00
  5.179110E+00  5.299095E+00  5.531695E+00  5.994776E+00  6.944943E+00  8.845994E+00  1.253725E+01  1.891397E+01  2.911257E+01  4.189212E+01
  5.563962E+01  6.919442E+01  8.078775E+01  8.903249E+01  9.409981E+01  9.692789E+01  7.227235E+00  7.223118E+00  7.456436E+00  7.689575E+00
  8.145699E+00  9.046598E+00  1.082545E+01  1.420465E+01  2.008230E+01  2.885439E+01  3.993564E+01  5.134589E+01  6.287243E+01  7.422518E+01
  8.392126E+01  9.082124E+01  9.506100E+01  9.742815E+01  1.326461E+01  1.325918E+01  1.385683E+01  1.442111E+01  1.555445E+01  1.766126E+01
  2.148617E+01  2.781882E+01  3.637711E+01  4.542509E+01  5.394066E+01  6.230197E+01  7.113556E+01  7.996812E+01  8.749952E+01  9.286015E+01
  9.615929E+01  9.799835E+01  4.963076E+01  4.958166E+01  5.029826E+01  5.082527E+01  5.149426E+01  5.249153E+01  5.400595E+01  5.590555E+01
  5.854150E+01  6.185569E+01  6.629895E+01  7.185644E+01  7.821478E+01  8.485860E+01  9.053710E+01  9.459978E+01  9.709933E+01  9.848920E+01
  2.594792E+00  2.596377E+00  2.611443E+00  2.648361E+00  2.713689E+00  2.822418E+00  3.050501E+00  3.540023E+00  4.538046E+00  6.569765E+00
  1.086502E+01  1.959050E+01  3.460864E+01  5.369651E+01  7.096941E+01  8.339484E+01  9.105048E+01  9.534853E+01  2.630020E+00  2.631444E+00
  2.652998E+00  2.690999E+00  2.757477E+00  2.866363E+00  3.104939E+00  3.603278E+00  4.635121E+00  6.718556E+00  1.115397E+01  2.003765E+01
  3.515310E+01  5.413321E+01  7.124052E+01  8.355000E+01  9.113399E+01  9.539025E+01  2.757160E+00  2.757277E+00  2.779656E+00  2.819502E+00
  2.888805E+00  3.006733E+00  3.261339E+00  3.810539E+00  4.938216E+00  7.228389E+00  1.205587E+01  2.147003E+01  3.682862E+01  5.544283E+01
  7.206457E+01  8.402126E+01  9.138725E+01  9.552254E+01  2.984115E+00  2.986192E+00  3.010042E+00  3.060278E+00  3.138101E+00  3.273463E+00
  3.577957E+00  4.219428E+00  5.543551E+00  8.245247E+00  1.378100E+01  2.404645E+01  3.964614E+01  5.758809E+01  7.341496E+01  8.479266E+01
  9.180479E+01  9.573917E+01  3.360450E+00  3.363115E+00  3.398541E+00  3.450193E+00  3.552960E+00  3.741078E+00  4.120684E+00  4.948754E+00
  6.640423E+00  1.003010E+01  1.668599E+01  2.803699E+01  4.363502E+01  6.053221E+01  7.526959E+01  8.585399E+01  9.237535E+01  9.603638E+01
  3.975971E+00  3.981213E+00  4.034596E+00  4.116582E+00  4.264380E+00  4.527748E+00  5.089688E+00  6.247847E+00  8.615666E+00  1.316087E+01
  2.139280E+01  3.374764E+01  4.880292E+01  6.427371E+01  7.758746E+01  8.718040E+01  9.309096E+01  9.640860E+01  5.056073E+00  5.060270E+00
  5.158169E+00  5.285640E+00  5.526632E+00  5.976558E+00  6.897813E+00  8.744720E+00  1.233969E+01  1.871981E+01  2.873338E+01  4.141797E+01
  5.509591E+01  6.868427E+01  8.035352E+01  8.876447E+01  9.394501E+01  9.685303E+01  7.227235E+00  7.229840E+00  7.432499E+00  7.663782E+00
  8.137638E+00  9.014915E+00  1.076595E+01  1.406728E+01  1.984953E+01  2.864044E+01  3.962831E+01  5.097569E+01  6.241874E+01  7.380294E+01
  8.355276E+01  9.059747E+01  9.493295E+01  9.736713E+01  1.326461E+01  1.327551E+01  1.382263E+01  1.437982E+01  1.552942E+01  1.760608E+01
  2.137579E+01  2.759900E+01  3.613840E+01  4.528481E+01  5.371225E+01  6.203436E+01  7.078577E+01  7.962710E+01  8.720741E+01  9.268886E+01
  9.605899E+01  9.795245E+01  4.963076E+01  4.965796E+01  5.020880E+01  5.064777E+01  5.150920E+01  5.248404E+01  5.401666E+01  5.582070E+01
  5.841825E+01  6.177409E+01  6.612348E+01  7.161552E+01  7.792098E+01  8.453741E+01  9.029021E+01  9.446669E+01  9.702033E+01  9.845412E+01
  2.594792E+00  2.589217E+00  2.626071E+00  2.655436E+00  2.704084E+00  2.829520E+00  3.042294E+00  3.510779E+00  4.469536E+00  6.485095E+00
  1.063225E+01  1.924384E+01  3.409682E+01  5.314992E+01  7.056377E+01  8.312502E+01  9.088626E+01  9.526151E+01  2.630020E+00  2.627640E+00
  2.666699E+00  2.697962E+00  2.747545E+00  2.871747E+00  3.093990E+00  3.575668E+00  4.571971E+00  6.607611E+00  1.089125E+01  1.971022E+01
  3.464897E+01  5.359386E+01  7.084231E+01  8.328408E+01  9.097002E+01  9.530350E+01  2.757160E+00  2.751080E+00  2.792756E+00  2.823551E+00
  2.879603E+00  3.020456E+00  3.251620E+00  3.784526E+00  4.860656E+00  7.144096E+00  1.179729E+01  2.114136E+01  3.631278E+01  5.491393E+01
  7.167487E+01  8.376310E+01  9.122858E+01  9.543880E+01  2.984115E+00  2.976812E+00  3.023597E+00  3.063831E+00  3.128098E+00  3.297524E+00
  3.570252E+00  4.180057E+00  5.483887E+00  8.120696E+00  1.351739E+01  2.370556E+01  3.914560E+01  5.708006E+01  7.304474E+01  8.454774E+01
  9.165235E+01  9.565896E+01  3.360450E+00  3.358127E+00  3.412325E+00  3.456705E+00  3.545441E+00  3.753557E+00  4.107909E+00  4.914390E+00
  6.532042E+00  9.930434E+00  1.640609E+01  2.767394E+01  4.316662E+01  6.006969E+01  7.492370E+01  8.562617E+01  9.223417E+01  9.596170E+01
  3.975971E+00  3.970754E+00  4.050666E+00  4.120025E+00  4.251189E+00  4.532815E+00  5.068562E+00  6.200771E+00  8.511784E+00  1.299837E+01
  2.108740E+01  3.339935E+01  4.838176E+01  6.381728E+01  7.727580E+01  8.697634E+01  9.296210E+01  9.634033E+01  5.056073E+00  5.046923E+00
  5.176020E+00  5.289454E+00  5.514571E+00  5.975935E+00  6.874093E+00  8.676339E+00  1.221295E+01  1.855815E+01  2.837082E+01  4.108895E+01
  5.472581E+01  6.828749E+01  8.008705E+01  8.858564E+01  9.383275E+01  9.679327E+01  7.227235E+00  7.211008E+00  7.453710E+00  7.671818E+00
  8.120085E+00  9.008436E+00  1.073020E+01  1.397480E+01  1.972047E+01  2.848459E+01  3.929480E+01  5.069583E+01  6.212416E+01  7.346066E+01
  8.333685E+01  9.044952E+01  9.483797E+01  9.731666E+01  1.326461E+01  1.324533E+01  1.384747E+01  1.439603E+01  1.550725E+01  1.757787E+01
  2.133588E+01  2.750114E+01  3.597202E+01  4.516825E+01  5.344575E+01  6.180684E+01  7.056545E+01  7.936909E+01  8.704610E+01  9.257600E+01
  9.598483E+01  9.791357E+01  4.963076E+01  4.955972E+01  5.030823E+01  5.077462E+01  5.147132E+01  5.238911E+01  5.398502E+01  5.574328E+01
  5.828735E+01  6.167977E+01  6.586259E+01  7.146926E+01  7.778426E+01  8.437278E+01  9.019922E+01  9.438592E+01  9.696481E+01  9.842471E+01
  2.594792E+00  2.588657E+00  2.629490E+00  2.648743E+00  2.701226E+00  2.812642E+00  3.026235E+00  3.494025E+00  4.449049E+00  6.377285E+00
  1.042208E+01  1.887194E+01  3.365484E+01  5.273693E+01  7.020159E+01  8.288724E+01  9.074786E+01  9.518687E+01  2.630020E+00  2.626623E+00
  2.670042E+00  2.689035E+00  2.745087E+00  2.854191E+00  3.079027E+00  3.554880E+00  4.540165E+00  6.519696E+00  1.067880E+01  1.932918E+01
  3.420688E+01  5.318186E+01  7.048433E+01  8.304824E+01  9.083274E+01  9.522964E+01  2.757160E+00  2.748772E+00  2.794760E+00  2.815578E+00
  2.877537E+00  2.994684E+00  3.232662E+00  3.762097E+00  4.824393E+00  7.057169E+00  1.156185E+01  2.075473E+01  3.587648E+01  5.451269E+01
  7.132687E+01  8.353389E+01  9.109624E+01  9.536707E+01  2.984115E+00  2.978839E+00  3.025601E+00  3.053130E+00  3.124344E+00  3.259966E+00
  3.546521E+00  4.157591E+00  5.425742E+00  8.030666E+00  1.327335E+01  2.331266E+01  3.871866E+01  5.670745E+01  7.271384E+01  8.432985E+01
  9.152674E+01  9.559099E+01  3.360450E+00  3.354187E+00  3.415524E+00  3.449161E+00  3.541892E+00  3.724286E+00  4.079154E+00  4.870530E+00
  6.487242E+00  9.810370E+00  1.618145E+01  2.727811E+01  4.275454E+01  5.971981E+01  7.461808E+01  8.542293E+01  9.211674E+01  9.589861E+01
  3.975971E+00  3.968268E+00  4.057270E+00  4.114050E+00  4.246164E+00  4.508708E+00  5.032804E+00  6.171981E+00  8.445066E+00  1.299523E+01
  2.082078E+01  3.300026E+01  4.800860E+01  6.351167E+01  7.700289E+01  8.679317E+01  9.285714E+01  9.628464E+01  5.056073E+00  5.045020E+00
  5.182675E+00  5.282137E+00  5.506712E+00  5.945284E+00  6.824434E+00  8.636287E+00  1.213230E+01  1.836052E+01  2.815864E+01  4.072723E+01
  5.440408E+01  6.802727E+01  7.985303E+01  8.843036E+01  9.374068E+01  9.674497E+01  7.227235E+00  7.211281E+00  7.469833E+00  7.672305E+00
  8.109155E+00  8.980677E+00  1.066605E+01  1.392139E+01  1.959583E+01  2.827851E+01  3.905831E+01  5.037771E+01  6.186339E+01  7.326994E+01
  8.314670E+01  9.032228E+01  9.476468E+01  9.727774E+01  1.326461E+01  1.324138E+01  1.387001E+01  1.438474E+01  1.547891E+01  1.752486E+01
  2.123831E+01  2.741718E+01  3.585681E+01  4.496443E+01  5.324723E+01  6.153295E+01  7.037334E+01  7.923909E+01  8.690881E+01  9.248035E+01
  9.592978E+01  9.788477E+01  4.963076E+01  4.958733E+01  5.043936E+01  5.080288E+01  5.143954E+01  5.244758E+01  5.385599E+01  5.577160E+01
  5.825533E+01  6.151921E+01  6.575372E+01  7.129662E+01  7.765163E+01  8.424532E+01  9.010210E+01  9.431458E+01  9.691869E+01  9.839919E+01
  2.594792E+00  2.597084E+00  2.617709E+00  2.650028E+00  2.699151E+00  2.738740E+00  3.024005E+00  3.479479E+00  4.410893E+00  6.314843E+00
  1.031135E+01  1.864617E+01  3.330994E+01  5.230246E+01  6.988680E+01  8.270845E+01  9.064553E+01  9.512705E+01  2.630020E+00  2.632302E+00
  2.658816E+00  2.691658E+00  2.743522E+00  2.773724E+00  3.074035E+00  3.536083E+00  4.494639E+00  6.472068E+00  1.057553E+01  1.910147E+01
  3.386737E+01  5.274193E+01  7.017155E+01  8.287113E+01  9.073205E+01  9.517178E+01  2.757160E+00  2.755632E+00  2.786071E+00  2.816968E+00
  2.874007E+00  2.933004E+00  3.231334E+00  3.738386E+00  4.792839E+00  6.965598E+00  1.145323E+01  2.050200E+01  3.554447E+01  5.408944E+01
  7.102367E+01  8.336285E+01  9.099780E+01  9.530962E+01  2.984115E+00  2.985687E+00  3.014893E+00  3.054197E+00  3.121942E+00  3.207690E+00
  3.541615E+00  4.137126E+00  5.362878E+00  7.946859E+00  1.313685E+01  2.305881E+01  3.838975E+01  5.630169E+01  7.242256E+01  8.416855E+01
  9.143329E+01  9.553661E+01  3.360450E+00  3.364920E+00  3.403721E+00  3.448437E+00  3.535737E+00  3.666943E+00  4.078505E+00  4.847373E+00
  6.442067E+00  9.693725E+00  1.602084E+01  2.703842E+01  4.244618E+01  5.933101E+01  7.434444E+01  8.527309E+01  9.202991E+01  9.584829E+01
  3.975971E+00  3.983316E+00  4.039070E+00  4.112602E+00  4.241290E+00  4.475380E+00  5.027187E+00  6.134533E+00  8.381802E+00  1.275679E+01
  2.064749E+01  3.276254E+01  4.772274E+01  6.315224E+01  7.674915E+01  8.665973E+01  9.277934E+01  9.623875E+01  5.056073E+00  5.057626E+00
  5.164174E+00  5.280909E+00  5.498330E+00  5.869397E+00  6.822403E+00  8.595984E+00  1.206576E+01  1.826475E+01  2.800363E+01  4.049841E+01
  5.415134E+01  6.770486E+01  7.962493E+01  8.831304E+01  9.367319E+01  9.670503E+01  7.227235E+00  7.230790E+00  7.438010E+00  7.667249E+00
  8.098950E+00  8.879160E+00  1.065873E+01  1.386955E+01  1.951067E+01  2.816951E+01  3.893804E+01  5.018444E+01  6.165224E+01  7.298689E+01
  8.295114E+01  9.022567E+01  9.470937E+01  9.724487E+01  1.326461E+01  1.328631E+01  1.381716E+01  1.437340E+01  1.546237E+01  1.746203E+01
  2.120757E+01  2.733648E+01  3.575040E+01  4.490294E+01  5.321031E+01  6.143091E+01  7.021349E+01  7.901190E+01  8.674666E+01  9.240817E+01
  9.588644E+01  9.786031E+01  4.963076E+01  4.969675E+01  5.021679E+01  5.071803E+01  5.144863E+01  5.235778E+01  5.395718E+01  5.574022E+01
  5.824220E+01  6.154782E+01  6.569557E+01  7.119370E+01  7.755493E+01  8.406248E+01  8.997349E+01  9.424982E+01  9.688237E+01  9.838257E+01
  2.594792E+00  2.593753E+00  2.619215E+00  2.644859E+00  2.702343E+00  2.803822E+00  3.029075E+00  3.481923E+00  4.393506E+00  6.275447E+00
  1.018691E+01  1.839136E+01  3.303234E+01  5.202478E+01  6.963865E+01  8.253463E+01  9.053961E+01  9.507217E+01  2.630020E+00  2.631863E+00
  2.659501E+00  2.685416E+00  2.744187E+00  2.845859E+00  3.078913E+00  3.532886E+00  4.484323E+00  6.402547E+00  1.044715E+01  1.885539E+01
  3.357625E+01  5.247110E+01  6.992392E+01  8.269643E+01  9.062400E+01  9.511660E+01  2.757160E+00  2.755112E+00  2.784922E+00  2.814054E+00
  2.878754E+00  2.985906E+00  3.233257E+00  3.737367E+00  4.772160E+00  6.903049E+00  1.131152E+01  2.024789E+01  3.526670E+01  5.380863E+01
  7.078403E+01  8.319405E+01  9.089462E+01  9.525647E+01  2.984115E+00  2.981874E+00  3.015435E+00  3.049949E+00  3.125421E+00  3.250979E+00
  3.543161E+00  4.132486E+00  5.354178E+00  7.869370E+00  1.299376E+01  2.281117E+01  3.811948E+01  5.602791E+01  7.219635E+01  8.400651E+01
  9.133500E+01  9.548595E+01  3.360450E+00  3.362245E+00  3.402862E+00  3.445480E+00  3.539431E+00  3.711323E+00  4.078587E+00  4.842957E+00
  6.416741E+00  9.614767E+00  1.585937E+01  2.679674E+01  4.218333E+01  5.909184E+01  7.413201E+01  8.512030E+01  9.193442E+01  9.580082E+01
  3.975971E+00  3.973668E+00  4.038382E+00  4.107949E+00  4.239445E+00  4.494053E+00  5.031406E+00  6.129117E+00  8.347670E+00  1.269587E+01
  2.048151E+01  3.254255E+01  4.747621E+01  6.293922E+01  7.656438E+01  8.651967E+01  9.269408E+01  9.619551E+01  5.056073E+00  5.053748E+00
  5.165786E+00  5.271622E+00  5.503818E+00  5.925766E+00  6.821859E+00  8.590394E+00  1.201738E+01  1.816808E+01  2.781015E+01  4.024842E+01
  5.394604E+01  6.751560E+01  7.945937E+01  8.818967E+01  9.359917E+01  9.666667E+01  7.227235E+00  7.222361E+00  7.440042E+00  7.656644E+00
  8.102093E+00  8.957607E+00  1.066334E+01  1.387633E+01  1.946271E+01  2.808254E+01  3.879359E+01  4.997499E+01  6.148005E+01  7.283115E+01
  8.282098E+01  9.012215E+01  9.464314E+01  9.721291E+01  1.326461E+01  1.325587E+01  1.382352E+01  1.437112E+01  1.545524E+01  1.748602E+01
  2.121100E+01  2.731147E+01  3.573119E+01  4.482241E+01  5.311911E+01  6.123520E+01  7.008312E+01  7.889174E+01  8.665118E+01  9.232555E+01
  9.583706E+01  9.783459E+01  4.963076E+01  4.960433E+01  5.029501E+01  5.069469E+01  5.146985E+01  5.245133E+01  5.389928E+01  5.566155E+01
  5.823687E+01  6.155108E+01  6.573367E+01  7.107767E+01  7.745340E+01  8.397784E+01  8.988174E+01  9.419939E+01  9.684731E+01  9.836040E+01
  2.594792E+00  2.599992E+00  2.628386E+00  2.651295E+00  2.694489E+00  2.808244E+00  3.009725E+00  3.461170E+00  4.355886E+00  6.228162E+00
  1.012155E+01  1.829532E+01  3.280466E+01  5.175904E+01  6.947778E+01  8.239223E+01  9.046743E+01  9.503795E+01  2.630020E+00  2.635392E+00
  2.668808E+00  2.692029E+00  2.742290E+00  2.848828E+00  3.059449E+00  3.524726E+00  4.446551E+00  6.362888E+00  1.038495E+01  1.876605E+01
  3.335238E+01  5.221468E+01  6.976534E+01  8.255736E+01  9.055666E+01  9.508298E+01  2.757160E+00  2.758416E+00  2.793899E+00  2.818037E+00
  2.870915E+00  2.989509E+00  3.217007E+00  3.724733E+00  4.735924E+00  6.843380E+00  1.125171E+01  2.016202E+01  3.503298E+01  5.356503E+01
  7.063120E+01  8.305727E+01  9.082666E+01  9.522372E+01  2.984115E+00  2.988347E+00  3.025410E+00  3.055091E+00  3.119126E+00  3.251781E+00
  3.523840E+00  4.109375E+00  5.315853E+00  7.826697E+00  1.291082E+01  2.271780E+01  3.790381E+01  5.579792E+01  7.204960E+01  8.387695E+01
  9.126915E+01  9.545464E+01  3.360450E+00  3.365619E+00  3.409694E+00  3.452692E+00  3.529833E+00  3.713970E+00  4.056938E+00  4.819229E+00
  6.372385E+00  9.554254E+00  1.574843E+01  2.666769E+01  4.197748E+01  5.886968E+01  7.399852E+01  8.499835E+01  9.187753E+01  9.577271E+01
  3.975971E+00  3.983218E+00  4.048884E+00  4.116924E+00  4.229693E+00  4.494696E+00  5.003896E+00  6.108220E+00  8.290596E+00  1.259697E+01
  2.037136E+01  3.240720E+01  4.728577E+01  6.273207E+01  7.644024E+01  8.640870E+01  9.264094E+01  9.617026E+01  5.056073E+00  5.058631E+00
  5.171793E+00  5.283834E+00  5.492285E+00  5.922971E+00  6.790912E+00  8.557981E+00  1.194635E+01  1.809132E+01  2.770375E+01  4.019950E+01
  5.377922E+01  6.734000E+01  7.935928E+01  8.808936E+01  9.355196E+01  9.664532E+01  7.227235E+00  7.236442E+00  7.448809E+00  7.674402E+00
  8.086123E+00  8.950683E+00  1.061828E+01  1.381357E+01  1.938554E+01  2.799191E+01  3.866741E+01  4.990878E+01  6.134475E+01  7.268948E+01
  8.274039E+01  9.003674E+01  9.460783E+01  9.719595E+01  1.326461E+01  1.328559E+01  1.382326E+01  1.439500E+01  1.542426E+01  1.748048E+01
  2.114216E+01  2.725596E+01  3.559871E+01  4.475932E+01  5.301083E+01  6.122637E+01  6.998516E+01  7.878310E+01  8.658987E+01  9.225657E+01
  9.581259E+01  9.782273E+01  4.963076E+01  4.967293E+01  5.023838E+01  5.084604E+01  5.136246E+01  5.243221E+01  5.388102E+01  5.566599E+01
  5.816708E+01  6.144424E+01  6.569602E+01  7.100899E+01  7.739030E+01  8.391646E+01  8.984430E+01  9.412975E+01  9.683614E+01  9.834999E+01
  2.594792E+00  2.592663E+00  2.611576E+00  2.636051E+00  2.691997E+00  2.800340E+00  3.006350E+00  3.453952E+00  4.347604E+00  6.177567E+00
  1.005589E+01  1.814954E+01  3.262658E+01  5.159149E+01  6.931318E+01  8.229619E+01  9.040675E+01  9.499622E+01  2.630020E+00  2.628071E+00
  2.652875E+00  2.678240E+00  2.737111E+00  2.841752E+00  3.054634E+00  3.504961E+00  4.435302E+00  6.319458E+00  1.030881E+01  1.861004E+01
  3.318743E+01  5.204649E+01  6.960105E+01  8.246321E+01  9.049579E+01  9.504211E+01  2.757160E+00  2.753156E+00  2.778716E+00  2.803893E+00
  2.868038E+00  2.984164E+00  3.208465E+00  3.713947E+00  4.722879E+00  6.802025E+00  1.117584E+01  1.999913E+01  3.488055E+01  5.340491E+01
  7.047005E+01  8.296542E+01  9.076776E+01  9.518372E+01  2.984115E+00  2.981265E+00  3.008743E+00  3.043070E+00  3.116393E+00  3.246171E+00
  3.518024E+00  4.111376E+00  5.295779E+00  7.755260E+00  1.284983E+01  2.255467E+01  3.774574E+01  5.564666E+01  7.189684E+01  8.378871E+01
  9.121390E+01  9.541692E+01  3.360450E+00  3.357654E+00  3.396811E+00  3.439405E+00  3.527128E+00  3.705572E+00  4.047940E+00  4.817074E+00
  6.342971E+00  9.481260E+00  1.570149E+01  2.653414E+01  4.183494E+01  5.872654E+01  7.385701E+01  8.491860E+01  9.182579E+01  9.573647E+01
  3.975971E+00  3.972407E+00  4.032011E+00  4.099305E+00  4.229087E+00  4.483361E+00  4.994388E+00  6.094115E+00  8.265296E+00  1.253263E+01
  2.030522E+01  3.228304E+01  4.716474E+01  6.260905E+01  7.630903E+01  8.633540E+01  9.259431E+01  9.613809E+01  5.056073E+00  5.047799E+00
  5.155106E+00  5.263396E+00  5.494996E+00  5.914149E+00  6.776106E+00  8.569545E+00  1.192511E+01  1.801084E+01  2.767405E+01  4.010180E+01
  5.366489E+01  6.723133E+01  7.924422E+01  8.802984E+01  9.351124E+01  9.661557E+01  7.227235E+00  7.229198E+00  7.429108E+00  7.651563E+00
  8.082866E+00  8.945127E+00  1.059823E+01  1.381341E+01  1.936734E+01  2.788669E+01  3.863983E+01  4.983072E+01  6.125260E+01  7.260625E+01
  8.264467E+01  8.998909E+01  9.457416E+01  9.716998E+01  1.326461E+01  1.325343E+01  1.380431E+01  1.435216E+01  1.543377E+01  1.746682E+01
  2.110617E+01  2.727754E+01  3.559452E+01  4.467301E+01  5.301459E+01  6.121042E+01  6.991633E+01  7.872540E+01  8.651632E+01  9.222437E+01
  9.578683E+01  9.780180E+01  4.963076E+01  4.960638E+01  5.016774E+01  5.073120E+01  5.147472E+01  5.242145E+01  5.384559E+01  5.571459E+01
  5.813979E+01  6.140254E+01  6.569364E+01  7.100694E+01  7.733028E+01  8.384396E+01  8.979726E+01  9.410935E+01  9.681597E+01  9.833583E+01
  2.594792E+00  2.595706E+00  2.621475E+00  2.642758E+00  2.691691E+00  2.798125E+00  2.997760E+00  3.439959E+00  4.333922E+00  6.134276E+00
  9.965113E+00  1.804314E+01  3.252077E+01  5.145673E+01  6.921964E+01  8.221260E+01  9.035823E+01  9.496893E+01  2.630020E+00  2.633990E+00
  2.663142E+00  2.686178E+00  2.735972E+00  2.837903E+00  3.043002E+00  3.506018E+00  4.426496E+00  6.285451E+00  1.023957E+01  1.848746E+01
  3.304295E+01  5.191164E+01  6.950912E+01  8.238000E+01  9.044735E+01  9.501463E+01  2.757160E+00  2.758044E+00  2.788795E+00  2.810390E+00
  2.866934E+00  2.980104E+00  3.200382E+00  3.702104E+00  4.716072E+00  6.762553E+00  1.112225E+01  1.989524E+01  3.475268E+01  5.327383E+01
  7.037732E+01  8.288331E+01  9.072079E+01  9.515742E+01  2.984115E+00  2.986838E+00  3.019574E+00  3.048748E+00  3.114671E+00  3.243073E+00
  3.508571E+00  4.090731E+00  5.283072E+00  7.707814E+00  1.277756E+01  2.244588E+01  3.762386E+01  5.552324E+01  7.181112E+01  8.371112E+01
  9.116889E+01  9.539149E+01  3.360450E+00  3.363918E+00  3.404314E+00  3.442806E+00  3.526388E+00  3.699639E+00  4.035705E+00  4.791268E+00
  6.332706E+00  9.437031E+00  1.561359E+01  2.642118E+01  4.170467E+01  5.861705E+01  7.378483E+01  8.484566E+01  9.178437E+01  9.571262E+01
  3.975971E+00  3.980200E+00  4.039999E+00  4.107084E+00  4.225116E+00  4.478067E+00  4.980505E+00  6.070660E+00  8.248884E+00  1.248189E+01
  2.025369E+01  3.215451E+01  4.704280E+01  6.250336E+01  7.625235E+01  8.626999E+01  9.255614E+01  9.611597E+01  5.056073E+00  5.062397E+00
  5.164298E+00  5.269759E+00  5.491957E+00  5.910769E+00  6.771086E+00  8.516113E+00  1.189754E+01  1.795338E+01  2.756056E+01  3.996710E+01
  5.357395E+01  6.714709E+01  7.919218E+01  8.797146E+01  9.347810E+01  9.659712E+01  7.227235E+00  7.228327E+00  7.445439E+00  7.653863E+00
  8.087923E+00  8.932486E+00  1.057981E+01  1.375971E+01  1.933624E+01  2.783151E+01  3.849783E+01  4.976173E+01  6.116987E+01  7.253556E+01
  8.260603E+01  8.994061E+01  9.454687E+01  9.715504E+01  1.326461E+01  1.327063E+01  1.380609E+01  1.436703E+01  1.543134E+01  1.744779E+01
  2.110985E+01  2.719341E+01  3.558723E+01  4.463520E+01  5.289455E+01  6.111814E+01  6.986062E+01  7.867354E+01  8.649209E+01  9.218643E+01
  9.576476E+01  9.779102E+01  4.963076E+01  4.968497E+01  5.018098E+01  5.071340E+01  5.146169E+01  5.242940E+01  5.387325E+01  5.567025E+01
  5.810484E+01  6.134554E+01  6.558140E+01  7.094983E+01  7.727285E+01  8.380419E+01  8.977129E+01  9.408400E+01  9.679710E+01  9.832877E+01
  2.594792E+00  2.588809E+00  2.614437E+00  2.642952E+00  2.695167E+00  2.799321E+00  3.001389E+00  3.435015E+00  4.341972E+00  6.142952E+00
  9.965811E+00  1.798074E+01  3.234764E+01  5.128151E+01  6.908421E+01  8.212312E+01  9.031371E+01  9.493990E+01  2.630020E+00  2.627331E+00
  2.655124E+00  2.686165E+00  2.738493E+00  2.841039E+00  3.050297E+00  3.497480E+00  4.429244E+00  6.252553E+00  1.019677E+01  1.843511E+01
  3.290329E+01  5.174014E+01  6.937778E+01  8.229080E+01  9.040431E+01  9.498603E+01  2.757160E+00  2.751962E+00  2.779449E+00  2.812311E+00
  2.869909E+00  2.979784E+00  3.203247E+00  3.697241E+00  4.717857E+00  6.734658E+00  1.106732E+01  1.982490E+01  3.459901E+01  5.310886E+01
  7.025105E+01  8.279712E+01  9.067885E+01  9.512956E+01  2.984115E+00  2.979032E+00  3.009530E+00  3.047845E+00  3.117143E+00  3.243835E+00
  3.513457E+00  4.082441E+00  5.280545E+00  7.695200E+00  1.273590E+01  2.236344E+01  3.747616E+01  5.536241E+01  7.169019E+01  8.362820E+01
  9.112871E+01  9.536496E+01  3.360450E+00  3.356548E+00  3.396539E+00  3.442382E+00  3.528583E+00  3.701779E+00  4.037574E+00  4.781734E+00
  6.328712E+00  9.421361E+00  1.557358E+01  2.634469E+01  4.157046E+01  5.846121E+01  7.366410E+01  8.476845E+01  9.174672E+01  9.568771E+01
  3.975971E+00  3.970690E+00  4.030539E+00  4.106596E+00  4.229537E+00  4.475930E+00  4.977448E+00  6.050443E+00  8.246333E+00  1.247599E+01
  2.015456E+01  3.209272E+01  4.692107E+01  6.235923E+01  7.614038E+01  8.619825E+01  9.252242E+01  9.609254E+01  5.056073E+00  5.046691E+00
  5.155350E+00  5.269992E+00  5.493209E+00  5.906885E+00  6.755368E+00  8.494795E+00  1.190297E+01  1.793583E+01  2.749586E+01  3.990393E+01
  5.344683E+01  6.701584E+01  7.909975E+01  8.790818E+01  9.344988E+01  9.657636E+01  7.227235E+00  7.207884E+00  7.428095E+00  7.647977E+00
  8.089255E+00  8.928610E+00  1.057603E+01  1.374081E+01  1.932347E+01  2.781913E+01  3.850754E+01  4.970848E+01  6.107106E+01  7.242261E+01
  8.252753E+01  8.988644E+01  9.452324E+01  9.713710E+01  1.326461E+01  1.324907E+01  1.379060E+01  1.435655E+01  1.544070E+01  1.743958E+01
  2.107098E+01  2.714784E+01  3.555942E+01  4.463901E+01  5.289840E+01  6.108666E+01  6.976183E+01  7.857923E+01  8.643017E+01  9.214218E+01
  9.574834E+01  9.777679E+01  4.963076E+01  4.956361E+01  5.014880E+01  5.074070E+01  5.145964E+01  5.242029E+01  5.380213E+01  5.565961E+01
  5.815683E+01  6.138346E+01  6.558630E+01  7.089305E+01  7.708923E+01  8.371713E+01  8.972218E+01  9.405308E+01  9.678599E+01  9.831846E+01
  2.594792E+00  2.594876E+00  2.616047E+00  2.638537E+00  2.693300E+00  2.804039E+00  3.003889E+00  3.431398E+00  4.322938E+00  6.082651E+00
  9.913554E+00  1.786734E+01  3.203574E+01  5.114306E+01  6.895750E+01  8.203538E+01  9.025854E+01  9.491526E+01  2.630020E+00  2.632919E+00
  2.656293E+00  2.681022E+00  2.738476E+00  2.841731E+00  3.051383E+00  3.491863E+00  4.422355E+00  6.231354E+00  1.015027E+01  1.831176E+01
  3.262804E+01  5.160320E+01  6.925214E+01  8.220491E+01  9.034829E+01  9.496209E+01  2.757160E+00  2.755050E+00  2.780690E+00  2.806181E+00
  2.868398E+00  2.986563E+00  3.207184E+00  3.674965E+00  4.701159E+00  6.694535E+00  1.102513E+01  1.971802E+01  3.438447E+01  5.297142E+01
  7.012896E+01  8.271464E+01  9.062437E+01  9.510583E+01  2.984115E+00  2.983423E+00  3.011564E+00  3.042077E+00  3.115610E+00  3.248516E+00
  3.526009E+00  4.074264E+00  5.255835E+00  7.641855E+00  1.268106E+01  2.224322E+01  3.714496E+01  5.523353E+01  7.157532E+01  8.354704E+01
  9.107778E+01  9.534229E+01  3.360450E+00  3.364386E+00  3.396542E+00  3.435089E+00  3.528098E+00  3.705725E+00  4.056108E+00  4.773797E+00
  6.313335E+00  9.348935E+00  1.550910E+01  2.622394E+01  4.126332E+01  5.834424E+01  7.355601E+01  8.469311E+01  9.169775E+01  9.566653E+01
  3.975971E+00  3.978001E+00  4.029315E+00  4.097377E+00  4.227932E+00  4.478409E+00  4.998068E+00  6.038698E+00  8.219911E+00  1.239993E+01
  2.011795E+01  3.197857E+01  4.666315E+01  6.225780E+01  7.604559E+01  8.613006E+01  9.247863E+01  9.607400E+01  5.056073E+00  5.060989E+00
  5.154289E+00  5.261746E+00  5.492106E+00  5.910508E+00  6.767570E+00  8.480315E+00  1.185879E+01  1.782593E+01  2.745927E+01  3.978731E+01
  5.320038E+01  6.692781E+01  7.901565E+01  8.784882E+01  9.341034E+01  9.656057E+01  7.227235E+00  7.225926E+00  7.422821E+00  7.642968E+00
  8.085425E+00  8.933826E+00  1.059457E+01  1.372286E+01  1.929110E+01  2.771103E+01  3.843364E+01  4.960004E+01  6.084653E+01  7.235520E+01
  8.245257E+01  8.983681E+01  9.448979E+01  9.712454E+01  1.326461E+01  1.326782E+01  1.377168E+01  1.434027E+01  1.543616E+01  1.744440E+01
  2.110829E+01  2.709791E+01  3.549290E+01  4.452722E+01  5.282179E+01  6.101654E+01  6.957513E+01  7.853250E+01  8.638053E+01  9.210350E+01
  9.571915E+01  9.776815E+01  4.963076E+01  4.965390E+01  5.011415E+01  5.061558E+01  5.144666E+01  5.241466E+01  5.374563E+01  5.566408E+01
  5.811306E+01  6.126725E+01  6.550282E+01  7.083739E+01  7.708289E+01  8.368170E+01  8.969475E+01  9.401946E+01  9.675888E+01  9.831219E+01
  2.594792E+00  2.594712E+00  2.625380E+00  2.641954E+00  2.696295E+00  2.791417E+00  2.994972E+00  3.424274E+00  4.299955E+00  6.052310E+00
  9.869925E+00  1.776472E+01  3.205245E+01  5.104157E+01  6.884946E+01  8.198196E+01  9.020852E+01  9.489559E+01  2.630020E+00  2.629611E+00
  2.667026E+00  2.686327E+00  2.738465E+00  2.831309E+00  3.040242E+00  3.485130E+00  4.390434E+00  6.197172E+00  1.013228E+01  1.820761E+01
  3.260877E+01  5.149986E+01  6.914215E+01  8.215158E+01  9.029854E+01  9.494205E+01  2.757160E+00  2.755278E+00  2.792588E+00  2.810204E+00
  2.870412E+00  2.971294E+00  3.196594E+00  3.675609E+00  4.670031E+00  6.644427E+00  1.098316E+01  1.959562E+01  3.430559E+01  5.287650E+01
  7.002435E+01  8.266124E+01  9.057582E+01  9.508636E+01  2.984115E+00  2.984142E+00  3.022197E+00  3.048916E+00  3.117250E+00  3.235058E+00
  3.503247E+00  4.063467E+00  5.232263E+00  7.623313E+00  1.262316E+01  2.214061E+01  3.718097E+01  5.514275E+01  7.147231E+01  8.349921E+01
  9.103051E+01  9.532429E+01  3.360450E+00  3.363318E+00  3.409714E+00  3.441902E+00  3.527039E+00  3.691455E+00  4.028323E+00  4.764434E+00
  6.272324E+00  9.313169E+00  1.543524E+01  2.611648E+01  4.129076E+01  5.826029E+01  7.346023E+01  8.464845E+01  9.165335E+01  9.564964E+01
  3.975971E+00  3.978461E+00  4.045147E+00  4.103066E+00  4.226367E+00  4.464058E+00  4.971128E+00  6.035122E+00  8.184171E+00  1.234303E+01
  2.003880E+01  3.186450E+01  4.667392E+01  6.218132E+01  7.595419E+01  8.609138E+01  9.243600E+01  9.605917E+01  5.056073E+00  5.059854E+00
  5.173032E+00  5.268488E+00  5.485984E+00  5.893995E+00  6.744635E+00  8.470668E+00  1.181895E+01  1.778137E+01  2.736386E+01  3.968077E+01
  5.322467E+01  6.686450E+01  7.893449E+01  8.781622E+01  9.337192E+01  9.654723E+01  7.227235E+00  7.226758E+00  7.448571E+00  7.653958E+00
  8.076399E+00  8.905455E+00  1.055130E+01  1.371637E+01  1.924269E+01  2.766151E+01  3.838417E+01  4.951046E+01  6.087656E+01  7.230122E+01
  8.238672E+01  8.981258E+01  9.445615E+01  9.711311E+01  1.326461E+01  1.327318E+01  1.382453E+01  1.435597E+01  1.541859E+01  1.740868E+01
  2.105138E+01  2.711262E+01  3.544742E+01  4.447875E+01  5.281695E+01  6.094476E+01  6.961523E+01  7.849512E+01  8.632575E+01  9.208767E+01
  9.569282E+01  9.775923E+01  4.963076E+01  4.964531E+01  5.031875E+01  5.069756E+01  5.143206E+01  5.239630E+01  5.380209E+01  5.570948E+01
  5.808670E+01  6.123732E+01  6.552701E+01  7.080753E+01  7.701687E+01  8.364117E+01  8.965762E+01  9.401286E+01  9.673638E+01  9.830296E+01
  2.594792E+00  2.557721E+00  2.622367E+00  2.651188E+00  2.692879E+00  2.788524E+00  2.989286E+00  3.415204E+00  4.288918E+00  6.045850E+00
  9.803767E+00  1.770782E+01  3.196000E+01  5.092319E+01  6.876389E+01  8.193014E+01  9.019004E+01  9.487370E+01  2.630020E+00  2.595497E+00
  2.663294E+00  2.693962E+00  2.735579E+00  2.828963E+00  3.038298E+00  3.476889E+00  4.380568E+00  6.179356E+00  1.004909E+01  1.816318E+01
  3.251708E+01  5.138493E+01  6.905421E+01  8.210137E+01  9.028134E+01  9.492069E+01  2.757160E+00  2.717750E+00  2.789150E+00  2.819581E+00
  2.865950E+00  2.969712E+00  3.195599E+00  3.670006E+00  4.656625E+00  6.666706E+00  1.089401E+01  1.956622E+01  3.425111E+01  5.275968E+01
  6.993774E+01  8.261186E+01  9.055899E+01  9.506609E+01  2.984115E+00  2.942456E+00  3.019294E+00  3.056021E+00  3.113414E+00  3.233098E+00
  3.498585E+00  4.056396E+00  5.221833E+00  7.634075E+00  1.254279E+01  2.211016E+01  3.706813E+01  5.502895E+01  7.139439E+01  8.345153E+01
  9.101470E+01  9.530428E+01  3.360450E+00  3.314206E+00  3.406308E+00  3.449361E+00  3.524480E+00  3.684601E+00  4.026689E+00  4.751839E+00
  6.257317E+00  9.409698E+00  1.537649E+01  2.607411E+01  4.121789E+01  5.814904E+01  7.338158E+01  8.460548E+01  9.164093E+01  9.563129E+01
  3.975971E+00  3.918421E+00  4.041065E+00  4.112943E+00  4.223103E+00  4.460470E+00  4.964755E+00  6.021384E+00  8.167956E+00  1.242424E+01
  1.995732E+01  3.184265E+01  4.661780E+01  6.207642E+01  7.588914E+01  8.605075E+01  9.242561E+01  9.604192E+01  5.056073E+00  4.989352E+00
  5.168810E+00  5.277303E+00  5.487005E+00  5.894646E+00  6.738207E+00  8.449218E+00  1.180445E+01  1.786867E+01  2.728778E+01  3.966996E+01
  5.318839E+01  6.677183E+01  7.887180E+01  8.778051E+01  9.336407E+01  9.653257E+01  7.227235E+00  7.118000E+00  7.444579E+00  7.655746E+00
  8.077862E+00  8.902200E+00  1.055507E+01  1.369243E+01  1.922562E+01  2.776131E+01  3.830049E+01  4.950177E+01  6.086750E+01  7.222032E+01
  8.233094E+01  8.978425E+01  9.445193E+01  9.710128E+01  1.326461E+01  1.306149E+01  1.381839E+01  1.436196E+01  1.542615E+01  1.741097E+01
  2.105122E+01  2.706721E+01  3.542664E+01  4.457001E+01  5.275389E+01  6.096018E+01  6.959473E+01  7.842667E+01  8.627896E+01  9.206532E+01
  9.569122E+01  9.775043E+01  4.963076E+01  4.877092E+01  5.026630E+01  5.079042E+01  5.147717E+01  5.234471E+01  5.381186E+01  5.566448E+01
  5.807560E+01  6.126483E+01  6.546917E+01  7.079356E+01  7.689851E+01  8.358406E+01  8.962422E+01  9.399115E+01  9.673675E+01  9.829890E+01
  2.594792E+00  2.598999E+00  2.620044E+00  2.641904E+00  2.693247E+00  2.789773E+00  2.989191E+00  3.426710E+00  4.287337E+00  6.049401E+00
  9.793271E+00  1.766414E+01  3.194135E+01  5.087187E+01  6.868741E+01  8.186747E+01  9.016467E+01  9.485873E+01  2.630020E+00  2.635798E+00
  2.662534E+00  2.685964E+00  2.735829E+00  2.830321E+00  3.034138E+00  3.483342E+00  4.384649E+00  6.194499E+00  1.005460E+01  1.810279E+01
  3.250162E+01  5.133374E+01  6.898347E+01  8.203848E+01  9.025655E+01  9.490578E+01  2.757160E+00  2.759788E+00  2.787300E+00  2.811025E+00
  2.865865E+00  2.969141E+00  3.190500E+00  3.682705E+00  4.670783E+00  6.665510E+00  1.090239E+01  1.951342E+01  3.419597E+01  5.270742E+01
  6.986549E+01  8.255141E+01  9.053506E+01  9.505170E+01  2.984115E+00  2.989357E+00  3.017393E+00  3.048030E+00  3.114196E+00  3.233172E+00
  3.495117E+00  4.073796E+00  5.231670E+00  7.599474E+00  1.253637E+01  2.205618E+01  3.708477E+01  5.498482E+01  7.132507E+01  8.339364E+01
  9.099164E+01  9.529037E+01  3.360450E+00  3.367329E+00  3.403627E+00  3.440958E+00  3.523513E+00  3.690351E+00  4.021019E+00  4.762196E+00
  6.244012E+00  9.304121E+00  1.533898E+01  2.601066E+01  4.120316E+01  5.811165E+01  7.332339E+01  8.454993E+01  9.161963E+01  9.561813E+01
  3.975971E+00  3.985222E+00  4.039469E+00  4.104448E+00  4.221633E+00  4.464632E+00  4.963316E+00  6.042726E+00  8.188346E+00  1.232815E+01
  1.993458E+01  3.179353E+01  4.656967E+01  6.204823E+01  7.582758E+01  8.599989E+01  9.240759E+01  9.602986E+01  5.056073E+00  5.065684E+00
  5.166371E+00  5.268181E+00  5.487497E+00  5.895225E+00  6.733390E+00  8.477256E+00  1.181252E+01  1.778047E+01  2.726745E+01  3.960936E+01
  5.313753E+01  6.674131E+01  7.882529E+01  8.773543E+01  9.334833E+01  9.652157E+01  7.227235E+00  7.236636E+00  7.439348E+00  7.649526E+00
  8.075036E+00  8.911564E+00  1.055346E+01  1.372534E+01  1.923013E+01  2.764479E+01  3.829470E+01  4.940833E+01  6.081521E+01  7.220393E+01
  8.229669E+01  8.974433E+01  9.444009E+01  9.709190E+01  1.326461E+01  1.329249E+01  1.382193E+01  1.435085E+01  1.541133E+01  1.741290E+01
  2.103988E+01  2.714619E+01  3.544156E+01  4.448168E+01  5.274675E+01  6.090750E+01  6.957471E+01  7.841791E+01  8.625607E+01  9.203309E+01
  9.568430E+01  9.774210E+01  4.963076E+01  4.973777E+01  5.028440E+01  5.074048E+01  5.142749E+01  5.242737E+01  5.383469E+01  5.571015E+01
  5.817509E+01  6.127987E+01  6.544106E+01  7.070619E+01  7.693948E+01  8.355519E+01  8.962228E+01  9.397520E+01  9.672829E+01  9.829300E+01
  2.594792E+00  2.591649E+00  2.619598E+00  2.638440E+00  2.684649E+00  2.795205E+00  2.991553E+00  3.415713E+00  4.276029E+00  6.011280E+00
  9.771244E+00  1.764163E+01  3.185250E+01  5.076244E+01  6.863889E+01  8.183212E+01  9.013300E+01  9.484784E+01  2.630020E+00  2.628293E+00
  2.660987E+00  2.682435E+00  2.724412E+00  2.834678E+00  3.042600E+00  3.474851E+00  4.339071E+00  6.137673E+00  1.000712E+01  1.808549E+01
  3.241070E+01  5.122586E+01  6.893614E+01  8.200378E+01  9.022472E+01  9.489631E+01  2.757160E+00  2.754563E+00  2.786215E+00  2.808240E+00
  2.854894E+00  2.973591E+00  3.184371E+00  3.668635E+00  4.621325E+00  6.604249E+00  1.085799E+01  1.948297E+01  3.410866E+01  5.260803E+01
  6.982300E+01  8.251624E+01  9.050291E+01  9.504239E+01  2.984115E+00  2.981664E+00  3.015638E+00  3.044607E+00  3.106268E+00  3.239948E+00
  3.497812E+00  4.051244E+00  5.222550E+00  7.552752E+00  1.250482E+01  2.202185E+01  3.699582E+01  5.489004E+01  7.128314E+01  8.336202E+01
  9.096204E+01  9.528300E+01  3.360450E+00  3.359875E+00  3.401626E+00  3.439013E+00  3.512706E+00  3.692592E+00  4.021581E+00  4.750871E+00
  6.240624E+00  9.245473E+00  1.533952E+01  2.599771E+01  4.111849E+01  5.802231E+01  7.328326E+01  8.452039E+01  9.159187E+01  9.561031E+01
  3.975971E+00  3.973639E+00  4.036325E+00  4.100414E+00  4.219661E+00  4.465755E+00  4.957523E+00  6.012926E+00  8.140930E+00  1.227200E+01
  1.991306E+01  3.176546E+01  4.650470E+01  6.196687E+01  7.579745E+01  8.597662E+01  9.238035E+01  9.602367E+01  5.056073E+00  5.052585E+00
  5.164804E+00  5.264383E+00  5.480108E+00  5.899486E+00  6.737515E+00  8.440581E+00  1.177805E+01  1.769925E+01  2.723646E+01  3.961697E+01
  5.307138E+01  6.668027E+01  7.880072E+01  8.771428E+01  9.332670E+01  9.651602E+01  7.227235E+00  7.219447E+00  7.436278E+00  7.643167E+00
  8.072417E+00  8.912706E+00  1.054655E+01  1.368823E+01  1.921726E+01  2.756533E+01  3.825508E+01  4.945095E+01  6.077101E+01  7.215227E+01
  8.227994E+01  8.972971E+01  9.442004E+01  9.708907E+01  1.326461E+01  1.325515E+01  1.380423E+01  1.434712E+01  1.544047E+01  1.741574E+01
  2.101943E+01  2.708446E+01  3.541190E+01  4.444342E+01  5.273436E+01  6.094581E+01  6.954545E+01  7.838485E+01  8.624702E+01  9.202248E+01
  9.566748E+01  9.773988E+01  4.963076E+01  4.956868E+01  5.024881E+01  5.069463E+01  5.147618E+01  5.242938E+01  5.368631E+01  5.569779E+01
  5.807880E+01  6.124413E+01  6.549465E+01  7.081642E+01  7.689702E+01  8.353487E+01  8.959949E+01  9.395896E+01  9.671086E+01  9.828924E+01
  2.594792E+00  2.594471E+00  2.620742E+00  2.642427E+00  2.683939E+00  2.786111E+00  2.987989E+00  3.398930E+00  4.260780E+00  6.034541E+00
  9.691170E+00  1.753674E+01  3.176543E+01  5.067076E+01  6.855317E+01  8.177637E+01  9.011560E+01  9.483742E+01  2.630020E+00  2.632287E+00
  2.662477E+00  2.686112E+00  2.727293E+00  2.828491E+00  3.035112E+00  3.457007E+00  4.344079E+00  6.173951E+00  9.939716E+00  1.798209E+01
  3.233049E+01  5.113425E+01  6.885014E+01  8.194746E+01  9.020857E+01  9.488340E+01  2.757160E+00  2.755901E+00  2.787566E+00  2.811525E+00
  2.858696E+00  2.967148E+00  3.191783E+00  3.650893E+00  4.633423E+00  6.640116E+00  1.079982E+01  1.937440E+01  3.401695E+01  5.251658E+01
  6.973962E+01  8.246143E+01  9.048889E+01  9.503070E+01  2.984115E+00  2.982569E+00  3.016091E+00  3.047720E+00  3.106442E+00  3.231695E+00
  3.496540E+00  4.030804E+00  5.221064E+00  7.583539E+00  1.242511E+01  2.189641E+01  3.691052E+01  5.479909E+01  7.120220E+01  8.330965E+01
  9.094819E+01  9.526955E+01  3.360450E+00  3.363884E+00  3.403774E+00  3.440759E+00  3.514738E+00  3.690266E+00  4.019824E+00  4.726704E+00
  6.328951E+00  9.277099E+00  1.525242E+01  2.587467E+01  4.105419E+01  5.793977E+01  7.320910E+01  8.447165E+01  9.157964E+01  9.559956E+01
  3.975971E+00  3.977202E+00  4.039036E+00  4.105067E+00  4.214117E+00  4.460205E+00  4.955344E+00  5.990530E+00  8.186515E+00  1.230009E+01
  1.982857E+01  3.163573E+01  4.643751E+01  6.189042E+01  7.572818E+01  8.592905E+01  9.237182E+01  9.601505E+01  5.056073E+00  5.059498E+00
  5.165509E+00  5.268048E+00  5.474807E+00  5.891863E+00  6.731467E+00  8.410711E+00  1.185172E+01  1.773422E+01  2.714924E+01  3.946140E+01
  5.303504E+01  6.660929E+01  7.873886E+01  8.767465E+01  9.331867E+01  9.650775E+01  7.227235E+00  7.225114E+00  7.436703E+00  7.648991E+00
  8.066430E+00  8.906306E+00  1.053888E+01  1.365403E+01  1.930434E+01  2.762221E+01  3.815536E+01  4.932814E+01  6.071747E+01  7.209125E+01
  8.222905E+01  8.969362E+01  9.441718E+01  9.708262E+01  1.326461E+01  1.326911E+01  1.381296E+01  1.435537E+01  1.541334E+01  1.741849E+01
  2.101383E+01  2.702254E+01  3.546515E+01  4.445454E+01  5.263861E+01  6.080423E+01  6.950732E+01  7.833731E+01  8.620531E+01  9.199542E+01
  9.566698E+01  9.773668E+01  4.963076E+01  4.961812E+01  5.025909E+01  5.073426E+01  5.143884E+01  5.243959E+01  5.383955E+01  5.572185E+01
  5.813162E+01  6.125664E+01  6.541107E+01  7.071982E+01  7.685181E+01  8.350467E+01  8.956829E+01  9.394396E+01  9.671472E+01  9.828365E+01
  4.821571E+00  4.940110E+00  4.971342E+00  5.221264E+00  5.480409E+00  6.356972E+00  7.703733E+00  1.009548E+01  1.424424E+01  2.125519E+01
  3.163107E+01  4.529294E+01  6.071706E+01  7.497149E+01  8.545933E+01  9.208459E+01  9.586818E+01  9.788794E+01  4.821571E+00  4.839116E+00
  4.989776E+00  5.143783E+00  5.482405E+00  5.800617E+00  6.976962E+00  8.858465E+00  1.214469E+01  1.798934E+01  2.660441E+01  3.886565E+01
  5.392999E+01  6.905049E+01  8.128632E+01  8.958524E+01  9.447478E+01  9.715128E+01  4.821571E+00  4.669157E+00  5.039888E+00  5.002444E+00
  5.296672E+00  5.631963E+00  6.732270E+00  8.508462E+00  1.150477E+01  1.661472E+01  2.479567E+01  3.652433E+01  5.128950E+01  6.662343E+01
  7.943272E+01  8.843568E+01  9.380739E+01  9.679000E+01  4.821571E+00  4.863827E+00  4.979404E+00  5.078603E+00  5.231785E+00  5.608545E+00
  6.638965E+00  8.359486E+00  1.125248E+01  1.611384E+01  2.393258E+01  3.537999E+01  4.969220E+01  6.527510E+01  7.844570E+01  8.775515E+01
  9.341606E+01  9.658768E+01  4.821571E+00  4.844404E+00  4.956965E+00  5.041826E+00  5.218560E+00  5.567389E+00  6.538165E+00  8.174033E+00
  1.114258E+01  1.570376E+01  2.334690E+01  3.453609E+01  4.884537E+01  6.434325E+01  7.775097E+01  8.729129E+01  9.316222E+01  9.644064E+01
  4.821571E+00  4.839496E+00  4.912023E+00  4.974669E+00  5.234560E+00  5.592435E+00  6.481301E+00  8.100537E+00  1.097736E+01  1.550551E+01
  2.299348E+01  3.406372E+01  4.824216E+01  6.367770E+01  7.722166E+01  8.698491E+01  9.298465E+01  9.635462E+01  4.821571E+00  4.835242E+00
  4.978836E+00  5.050419E+00  5.259128E+00  5.529470E+00  6.467008E+00  8.046721E+00  1.083119E+01  1.536452E+01  2.262712E+01  3.372577E+01
  4.781659E+01  6.327053E+01  7.694071E+01  8.677435E+01  9.285471E+01  9.628473E+01  4.821571E+00  4.694465E+00  5.155046E+00  5.045702E+00
  5.240016E+00  5.564946E+00  6.366636E+00  8.034259E+00  1.076574E+01  1.515126E+01  2.241522E+01  3.334354E+01  4.747393E+01  6.296546E+01
  7.668138E+01  8.659351E+01  9.274664E+01  9.622696E+01  4.821571E+00  4.865870E+00  4.917762E+00  4.959042E+00  5.208149E+00  5.438006E+00
  6.443485E+00  7.978680E+00  1.075839E+01  1.518191E+01  2.228352E+01  3.315601E+01  4.718367E+01  6.257774E+01  7.641218E+01  8.644170E+01
  9.266344E+01  9.618307E+01  4.821571E+00  4.870360E+00  4.987869E+00  4.926850E+00  5.188227E+00  5.535508E+00  6.490956E+00  7.992155E+00
  1.069118E+01  1.510543E+01  2.224312E+01  3.287291E+01  4.693354E+01  6.236007E+01  7.622137E+01  8.631310E+01  9.257613E+01  9.613867E+01
  4.821571E+00  4.698179E+00  4.943837E+00  5.164615E+00  5.124728E+00  5.530001E+00  6.396733E+00  7.959804E+00  1.064811E+01  1.499429E+01
  2.214383E+01  3.275899E+01  4.675106E+01  6.219197E+01  7.609673E+01  8.619075E+01  9.253553E+01  9.611158E+01  4.821571E+00  4.889653E+00
  4.914607E+00  5.009607E+00  5.200881E+00  5.556353E+00  6.358463E+00  7.944655E+00  1.059951E+01  1.496074E+01  2.204648E+01  3.266429E+01
  4.661238E+01  6.206231E+01  7.597386E+01  8.612486E+01  9.248786E+01  9.607877E+01  4.821571E+00  4.894118E+00  4.944314E+00  4.987199E+00
  5.211341E+00  5.495979E+00  6.397985E+00  7.924290E+00  1.055014E+01  1.489638E+01  2.190018E+01  3.258879E+01  4.648027E+01  6.194018E+01
  7.589345E+01  8.606258E+01  9.244854E+01  9.605999E+01  4.821571E+00  4.755660E+00  4.875679E+00  4.999413E+00  5.230505E+00  5.505061E+00
  6.336094E+00  7.917389E+00  1.059438E+01  1.491669E+01  2.188725E+01  3.250408E+01  4.625627E+01  6.179822E+01  7.580605E+01  8.599194E+01
  9.241532E+01  9.603710E+01  4.821571E+00  4.884737E+00  4.809744E+00  4.930330E+00  5.218747E+00  5.527374E+00  6.317296E+00  7.911494E+00
  1.061093E+01  1.478201E+01  2.182330E+01  3.238618E+01  4.596721E+01  6.168949E+01  7.570513E+01  8.591852E+01  9.236503E+01  9.601907E+01
  4.821571E+00  4.910932E+00  5.024417E+00  4.972629E+00  5.164791E+00  5.460190E+00  6.307043E+00  7.921957E+00  1.055841E+01  1.478050E+01
  2.177915E+01  3.228608E+01  4.604728E+01  6.160310E+01  7.560472E+01  8.588671E+01  9.232146E+01  9.600148E+01  4.821571E+00  4.746810E+00
  4.999033E+00  5.056181E+00  5.212792E+00  5.441510E+00  6.344716E+00  7.927632E+00  1.053257E+01  1.475856E+01  2.169581E+01  3.225945E+01
  4.591494E+01  6.151894E+01  7.551584E+01  8.584534E+01  9.231460E+01  9.598731E+01  4.821571E+00  4.928945E+00  4.988444E+00  4.994503E+00
  5.179096E+00  5.514711E+00  6.314039E+00  7.911984E+00  1.062121E+01  1.479183E+01  2.165944E+01  3.218335E+01  4.592103E+01  6.145344E+01
  7.548719E+01  8.579200E+01  9.229953E+01  9.597479E+01  4.821571E+00  4.880529E+00  4.938062E+00  4.954635E+00  5.228487E+00  5.521516E+00
  6.268876E+00  7.978260E+00  1.043962E+01  1.478924E+01  2.165158E+01  3.221605E+01  4.585639E+01  6.139332E+01  7.545142E+01  8.576417E+01
  9.226229E+01  9.596434E+01  4.821571E+00  4.892121E+00  4.959879E+00  4.983231E+00  5.209460E+00  5.537341E+00  6.339996E+00  7.921668E+00
  1.061568E+01  1.478384E+01  2.153798E+01  3.207743E+01  4.575017E+01  6.131086E+01  7.537945E+01  8.572373E+01  9.226097E+01  9.595580E+01
