  6.357271E-01
          18 10.0000000
 -2.000000E+01 -1.000000E+01 -2.107210E+00 -1.806180E+00 -1.505150E+00 -1.204120E+00 -9.030900E-01 -6.020600E-01 -3.010300E-01  0.000000E+00
  3.010300E-01  6.020600E-01  9.030900E-01  1.204120E+00  1.505150E+00  1.806180E+00  2.107210E+00  2.408240E+00
          10 10.0000000
  0.000000E+00  1.000000E+01  2.000000E+01  3.000000E+01  4.000000E+01  5.000000E+01  6.000000E+01  7.000000E+01  8.000000E+01  8.900000E+01
          20  2.0000000
  1.000000E+00  3.000000E+00  5.000000E+00  7.000000E+00  9.000000E+00  1.100000E+01  1.300000E+01  1.500000E+01  1.700000E+01  1.900000E+01
  2.100000E+01  2.300000E+01  2.500000E+01  2.700000E+01  2.900000E+01  3.100000E+01  3.300000E+01  3.500000E+01  3.700000E+01  3.900000E+01
  2.581543E+00  2.575195E+00  2.645996E+00  2.681152E+00  2.810059E+00  3.043945E+00  3.503906E+00  4.416016E+00  6.367676E+00  1.026367E+01
  1.799121E+01  3.168945E+01  5.019824E+01  6.814050E+01  8.149866E+01  8.993481E+01  9.473647E+01  9.730398E+01  2.616699E+00  2.612305E+00
  2.690918E+00  2.731445E+00  2.853516E+00  3.084961E+00  3.568848E+00  4.509766E+00  6.507324E+00  1.050000E+01  1.839258E+01  3.220312E+01
  5.066040E+01  6.843835E+01  8.167432E+01  9.002991E+01  9.478624E+01  9.732939E+01  2.747559E+00  2.744629E+00  2.811035E+00  2.867188E+00
  2.990723E+00  3.251465E+00  3.789062E+00  4.816406E+00  6.963379E+00  1.128076E+01  1.963037E+01  3.378271E+01  5.203076E+01  6.933594E+01
  8.219250E+01  9.031256E+01  9.493523E+01  9.740562E+01  2.982422E+00  2.978516E+00  3.053711E+00  3.125977E+00  3.265625E+00  3.560547E+00
  4.176758E+00  5.366211E+00  7.858887E+00  1.274707E+01  2.188721E+01  3.651416E+01  5.430420E+01  7.080542E+01  8.304785E+01  9.077747E+01
  9.517795E+01  9.752991E+01  3.363281E+00  3.360352E+00  3.454102E+00  3.541016E+00  3.726562E+00  4.080078E+00  4.853516E+00  6.339844E+00
  9.391602E+00  1.521289E+01  2.546582E+01  4.046777E+01  5.743628E+01  7.282153E+01  8.421997E+01  9.141296E+01  9.551062E+01  9.770040E+01
  3.977539E+00  3.974609E+00  4.103516E+00  4.215820E+00  4.475586E+00  4.962891E+00  6.021484E+00  8.022461E+00  1.204492E+01  1.929297E+01
  3.080371E+01  4.572021E+01  6.137012E+01  7.534058E+01  8.567871E+01  9.220825E+01  9.592737E+01  9.791353E+01  5.068359E+00  5.061523E+00
  5.255859E+00  5.464844E+00  5.846680E+00  6.628906E+00  8.215820E+00  1.121680E+01  1.687305E+01  2.598438E+01  3.834863E+01  5.223535E+01
  6.606250E+01  7.833789E+01  8.742310E+01  9.315601E+01  9.642285E+01  9.816734E+01  7.238281E+00  7.224609E+00  7.607422E+00  7.947266E+00
  8.675781E+00  1.009570E+01  1.288867E+01  1.779883E+01  2.590820E+01  3.659570E+01  4.814258E+01  5.986914E+01  7.148828E+01  8.179443E+01
  8.943091E+01  9.424927E+01  9.699426E+01  9.845993E+01  1.331250E+01  1.329297E+01  1.422266E+01  1.511719E+01  1.683984E+01  2.002734E+01
  2.557812E+01  3.351953E+01  4.275000E+01  5.141016E+01  5.974219E+01  6.867969E+01  7.773438E+01  8.577930E+01  9.174219E+01  9.550757E+01
  9.765173E+01  9.879749E+01  4.954688E+01  4.959375E+01  5.057812E+01  5.126562E+01  5.218750E+01  5.346875E+01  5.537500E+01  5.760938E+01
  6.096875E+01  6.515625E+01  7.048438E+01  7.660938E+01  8.330469E+01  8.927344E+01  9.380664E+01  9.663086E+01  9.824316E+01  9.910010E+01
  2.581543E+00  2.576172E+00  2.627441E+00  2.663086E+00  2.752441E+00  2.917480E+00  3.258301E+00  3.919922E+00  5.270508E+00  8.218262E+00
  1.384961E+01  2.478809E+01  4.167310E+01  6.055762E+01  7.617188E+01  8.670758E+01  9.294595E+01  9.635010E+01  2.616699E+00  2.613281E+00
  2.670898E+00  2.709961E+00  2.802734E+00  2.970215E+00  3.302246E+00  3.998047E+00  5.377441E+00  8.420410E+00  1.416699E+01  2.526025E+01
  4.218652E+01  6.093359E+01  7.639978E+01  8.683429E+01  9.301419E+01  9.638484E+01  2.747559E+00  2.742676E+00  2.789062E+00  2.830566E+00
  2.930664E+00  3.110840E+00  3.479492E+00  4.229492E+00  5.744141E+00  9.039062E+00  1.530029E+01  2.675977E+01  4.373730E+01  6.205127E+01
  7.707642E+01  8.721124E+01  9.321530E+01  9.648851E+01  2.982422E+00  2.976562E+00  3.029297E+00  3.082031E+00  3.208008E+00  3.403320E+00
  3.837891E+00  4.707031E+00  6.476074E+00  1.022461E+01  1.723438E+01  2.938184E+01  4.633301E+01  6.388672E+01  7.818579E+01  8.783105E+01
  9.354269E+01  9.665878E+01  3.363281E+00  3.356445E+00  3.426758E+00  3.487305E+00  3.640625E+00  3.903320E+00  4.449219E+00  5.515625E+00
  7.734375E+00  1.226465E+01  2.036475E+01  3.335254E+01  4.997021E+01  6.639990E+01  7.970508E+01  8.867810E+01  9.399341E+01  9.689149E+01
  3.977539E+00  3.972656E+00  4.065430E+00  4.143555E+00  4.354492E+00  4.712891E+00  5.477539E+00  6.960938E+00  9.912109E+00  1.570410E+01
  2.524805E+01  3.890186E+01  5.459277E+01  6.954150E+01  8.160229E+01  8.973706E+01  9.455499E+01  9.718201E+01  5.068359E+00  5.059570E+00
  5.199219E+00  5.357422E+00  5.674805E+00  6.221680E+00  7.401367E+00  9.644531E+00  1.392969E+01  2.160449E+01  3.270996E+01  4.611133E+01
  6.016113E+01  7.327979E+01  8.385986E+01  9.099536E+01  9.522284E+01  9.752792E+01  7.238281E+00  7.230469E+00  7.509766E+00  7.769531E+00
  8.337891E+00  9.406250E+00  1.145312E+01  1.528711E+01  2.181445E+01  3.173242E+01  4.318262E+01  5.480957E+01  6.659668E+01  7.758545E+01
  8.646216E+01  9.244727E+01  9.599329E+01  9.792657E+01  1.331250E+01  1.328125E+01  1.394531E+01  1.458984E+01  1.592578E+01  1.830469E+01
  2.262500E+01  2.944531E+01  3.839453E+01  4.774219E+01  5.626953E+01  6.486523E+01  7.395703E+01  8.251270E+01  8.943555E+01  9.410547E+01
  9.687451E+01  9.838269E+01  4.954688E+01  4.951562E+01  5.031250E+01  5.089062E+01  5.185938E+01  5.303125E+01  5.445312E+01  5.642188E+01
  5.932812E+01  6.323438E+01  6.790625E+01  7.389062E+01  8.042188E+01  8.688281E+01  9.205469E+01  9.556055E+01  9.764648E+01  9.878320E+01
  2.581543E+00  2.572754E+00  2.622070E+00  2.653320E+00  2.721680E+00  2.861816E+00  3.156738E+00  3.729004E+00  4.907715E+00  7.323242E+00
  1.236621E+01  2.223389E+01  3.828052E+01  5.735181E+01  7.379700E+01  8.522546E+01  9.210233E+01  9.591083E+01  2.616699E+00  2.611816E+00
  2.662109E+00  2.699219E+00  2.769043E+00  2.907227E+00  3.212891E+00  3.802246E+00  4.992676E+00  7.498535E+00  1.266699E+01  2.270557E+01
  3.880884E+01  5.775391E+01  7.404712E+01  8.536560E+01  9.217749E+01  9.594942E+01  2.747559E+00  2.743164E+00  2.783203E+00  2.819824E+00
  2.895508E+00  3.049805E+00  3.368652E+00  4.012695E+00  5.344238E+00  8.069336E+00  1.364697E+01  2.417529E+01  4.042041E+01  5.896021E+01
  7.479065E+01  8.578534E+01  9.240161E+01  9.606552E+01  2.982422E+00  2.973633E+00  3.018555E+00  3.068359E+00  3.166992E+00  3.333984E+00
  3.714844E+00  4.466797E+00  6.010254E+00  9.173340E+00  1.548584E+01  2.678662E+01  4.312109E+01  6.094287E+01  7.601001E+01  8.647382E+01
  9.276984E+01  9.625650E+01  3.363281E+00  3.351562E+00  3.415039E+00  3.476562E+00  3.596680E+00  3.823242E+00  4.297852E+00  5.251953E+00
  7.204102E+00  1.108789E+01  1.852393E+01  3.079590E+01  4.693359E+01  6.366040E+01  7.768408E+01  8.741760E+01  9.327441E+01  9.651785E+01
  3.977539E+00  3.966797E+00  4.049805E+00  4.124023E+00  4.301758E+00  4.614258E+00  5.291016E+00  6.637695E+00  9.273438E+00  1.436621E+01
  2.333203E+01  3.641357E+01  5.181836E+01  6.706494E+01  7.977344E+01  8.859778E+01  9.390466E+01  9.684430E+01  5.068359E+00  5.058594E+00
  5.177734E+00  5.329102E+00  5.600586E+00  6.113281E+00  7.154297E+00  9.216797E+00  1.315430E+01  2.009961E+01  3.072754E+01  4.385547E+01
  5.772070E+01  7.111963E+01  8.226196E+01  9.000220E+01  9.465576E+01  9.723349E+01  7.238281E+00  7.222656E+00  7.484375E+00  7.728516E+00
  8.220703E+00  9.212891E+00  1.111523E+01  1.473047E+01  2.084766E+01  3.009961E+01  4.140625E+01  5.297461E+01  6.457227E+01  7.580078E+01
  8.513574E+01  9.162280E+01  9.552258E+01  9.768219E+01  1.331250E+01  1.327344E+01  1.390234E+01  1.449609E+01  1.572266E+01  1.794141E+01
  2.201562E+01  2.853516E+01  3.728125E+01  4.642969E+01  5.496094E+01  6.350391E+01  7.238867E+01  8.114551E+01  8.841895E+01  9.347803E+01
  9.651147E+01  9.819543E+01  4.954688E+01  4.948438E+01  5.018750E+01  5.079688E+01  5.156250E+01  5.262500E+01  5.420312E+01  5.617188E+01
  5.884375E+01  6.242188E+01  6.703125E+01  7.276562E+01  7.909375E+01  8.579688E+01  9.125000E+01  9.506836E+01  9.736621E+01  9.863477E+01
  2.581543E+00  2.574219E+00  2.615234E+00  2.646973E+00  2.715332E+00  2.833496E+00  3.086426E+00  3.620117E+00  4.697754E+00  6.905273E+00
  1.170410E+01  2.095020E+01  3.644849E+01  5.561108E+01  7.246985E+01  8.435968E+01  9.160495E+01  9.563852E+01  2.616699E+00  2.612305E+00
  2.656738E+00  2.692383E+00  2.763184E+00  2.883301E+00  3.143555E+00  3.691895E+00  4.805664E+00  7.061035E+00  1.198877E+01  2.141455E+01
  3.698975E+01  5.603052E+01  7.272620E+01  8.450598E+01  9.168335E+01  9.567810E+01  2.747559E+00  2.742676E+00  2.776855E+00  2.814453E+00
  2.904297E+00  3.020020E+00  3.307617E+00  3.928711E+00  5.126465E+00  7.610840E+00  1.292822E+01  2.286963E+01  3.862451E+01  5.728223E+01
  7.351086E+01  8.495001E+01  9.192084E+01  9.580185E+01  2.982422E+00  2.977539E+00  3.010742E+00  3.059570E+00  3.160156E+00  3.294922E+00
  3.642578E+00  4.358398E+00  5.777832E+00  8.670410E+00  1.472412E+01  2.546680E+01  4.138623E+01  5.934668E+01  7.479163E+01  8.567743E+01
  9.231268E+01  9.600563E+01  3.363281E+00  3.356445E+00  3.409180E+00  3.463867E+00  3.583008E+00  3.780273E+00  4.193359E+00  5.105469E+00
  6.899414E+00  1.052344E+01  1.769971E+01  2.945703E+01  4.528467E+01  6.217554E+01  7.654932E+01  8.667554E+01  9.284796E+01  9.628397E+01
  3.977539E+00  3.971680E+00  4.043945E+00  4.112305E+00  4.290039E+00  4.581055E+00  5.165039E+00  6.436523E+00  8.931641E+00  1.370898E+01
  2.244434E+01  3.512695E+01  5.030908E+01  6.572168E+01  7.874829E+01  8.792554E+01  9.351807E+01  9.663193E+01  5.068359E+00  5.057617E+00
  5.172852E+00  5.311523E+00  5.579102E+00  6.040039E+00  7.014648E+00  8.998047E+00  1.272656E+01  1.935645E+01  2.982324E+01  4.268457E+01
  5.640625E+01  6.994971E+01  8.136719E+01  8.941211E+01  9.431769E+01  9.704767E+01  7.238281E+00  7.232422E+00  7.470703E+00  7.710938E+00
  8.212891E+00  9.113281E+00  1.092188E+01  1.439258E+01  2.032617E+01  2.932227E+01  4.060938E+01  5.199902E+01  6.348145E+01  7.484180E+01
  8.439844E+01  9.113330E+01  9.523999E+01  9.752698E+01  1.331250E+01  1.328125E+01  1.386328E+01  1.445312E+01  1.568359E+01  1.779688E+01
  2.168359E+01  2.810156E+01  3.669531E+01  4.580469E+01  5.440430E+01  6.276367E+01  7.156641E+01  8.042383E+01  8.785059E+01  9.309521E+01
  9.629321E+01  9.807458E+01  4.954688E+01  4.956250E+01  5.014062E+01  5.071875E+01  5.156250E+01  5.251562E+01  5.410938E+01  5.595312E+01
  5.853125E+01  6.204688E+01  6.657812E+01  7.218750E+01  7.846875E+01  8.524219E+01  9.082031E+01  9.478125E+01  9.720215E+01  9.854785E+01
  2.581543E+00  2.574707E+00  2.614746E+00  2.643555E+00  2.700684E+00  2.818359E+00  3.053711E+00  3.559082E+00  4.621094E+00  6.683105E+00
  1.124609E+01  2.009668E+01  3.534058E+01  5.442212E+01  7.155420E+01  8.376495E+01  9.126184E+01  9.545297E+01  2.616699E+00  2.611816E+00
  2.656738E+00  2.686523E+00  2.750000E+00  2.866211E+00  3.107910E+00  3.628906E+00  4.727051E+00  6.846191E+00  1.153076E+01  2.054639E+01
  3.588940E+01  5.484839E+01  7.182373E+01  8.391882E+01  9.134314E+01  9.549454E+01  2.747559E+00  2.742188E+00  2.774902E+00  2.807129E+00
  2.888184E+00  3.017578E+00  3.287109E+00  3.832520E+00  5.037598E+00  7.377930E+00  1.245654E+01  2.198828E+01  3.753516E+01  5.613281E+01
  7.263232E+01  8.437891E+01  9.159113E+01  9.562331E+01  2.982422E+00  2.974609E+00  3.008789E+00  3.052734E+00  3.141602E+00  3.293945E+00
  3.599609E+00  4.252930E+00  5.651367E+00  8.390625E+00  1.421289E+01  2.456787E+01  4.032959E+01  5.824731E+01  7.395264E+01  8.513623E+01
  9.199768E+01  9.583517E+01  3.363281E+00  3.356445E+00  3.404297E+00  3.454102E+00  3.563477E+00  3.756836E+00  4.160156E+00  4.993164E+00
  6.761719E+00  1.020801E+01  1.713721E+01  2.855664E+01  4.429053E+01  6.115454E+01  7.577271E+01  8.617188E+01  9.255548E+01  9.612555E+01
  3.977539E+00  3.970703E+00  4.041016E+00  4.103516E+00  4.260742E+00  4.549805E+00  5.128906E+00  6.318359E+00  8.756836E+00  1.336133E+01
  2.184473E+01  3.424316E+01  4.940088E+01  6.479980E+01  7.804541E+01  8.746814E+01  9.325336E+01  9.648849E+01  5.068359E+00  5.057617E+00
  5.162109E+00  5.297852E+00  5.548828E+00  6.016602E+00  6.971680E+00  8.829102E+00  1.253027E+01  1.895410E+01  2.921191E+01  4.186719E+01
  5.561572E+01  6.914209E+01  8.075537E+01  8.901721E+01  9.408667E+01  9.692270E+01  7.238281E+00  7.228516E+00  7.464844E+00  7.691406E+00
  8.169922E+00  9.060547E+00  1.084570E+01  1.418555E+01  2.007422E+01  2.887695E+01  4.005273E+01  5.131836E+01  6.283789E+01  7.416602E+01
  8.389209E+01  9.080591E+01  9.504797E+01  9.742340E+01  1.331250E+01  1.328125E+01  1.385938E+01  1.446875E+01  1.561719E+01  1.771094E+01
  2.152734E+01  2.780078E+01  3.640234E+01  4.545312E+01  5.402930E+01  6.224805E+01  7.109570E+01  7.990625E+01  8.746973E+01  9.284766E+01
  9.614722E+01  9.799438E+01  4.954688E+01  4.953125E+01  5.015625E+01  5.068750E+01  5.153125E+01  5.246875E+01  5.400000E+01  5.579688E+01
  5.842188E+01  6.190625E+01  6.635938E+01  7.181250E+01  7.803906E+01  8.480469E+01  9.049609E+01  9.458594E+01  9.708594E+01  9.848486E+01
  2.581543E+00  2.575195E+00  2.613770E+00  2.637695E+00  2.708496E+00  2.803711E+00  3.041504E+00  3.529785E+00  4.526855E+00  6.551270E+00
  1.083838E+01  1.958643E+01  3.459253E+01  5.367773E+01  7.097400E+01  8.339874E+01  9.104675E+01  9.533943E+01  2.616699E+00  2.611328E+00
  2.656250E+00  2.682129E+00  2.758789E+00  2.847168E+00  3.095703E+00  3.582520E+00  4.628906E+00  6.718750E+00  1.111377E+01  2.003271E+01
  3.514502E+01  5.411279E+01  7.124695E+01  8.355518E+01  9.112927E+01  9.538182E+01  2.747559E+00  2.743652E+00  2.773926E+00  2.818848E+00
  2.881348E+00  3.001465E+00  3.250977E+00  3.812500E+00  4.925293E+00  7.239746E+00  1.202637E+01  2.146729E+01  3.680371E+01  5.541724E+01
  7.206982E+01  8.402576E+01  9.138327E+01  9.551373E+01  2.982422E+00  2.977539E+00  3.006836E+00  3.046875E+00  3.128906E+00  3.271484E+00
  3.581055E+00  4.223633E+00  5.522949E+00  8.231934E+00  1.374561E+01  2.405420E+01  3.961914E+01  5.756567E+01  7.342212E+01  8.479883E+01
  9.180054E+01  9.573070E+01  3.363281E+00  3.359375E+00  3.405273E+00  3.448242E+00  3.548828E+00  3.750977E+00  4.130859E+00  4.942383E+00
  6.623047E+00  1.002637E+01  1.664551E+01  2.803662E+01  4.361377E+01  6.051904E+01  7.527783E+01  8.585803E+01  9.237207E+01  9.602853E+01
  3.977539E+00  3.974609E+00  4.039062E+00  4.094727E+00  4.250000E+00  4.520508E+00  5.078125E+00  6.251953E+00  8.590820E+00  1.315527E+01
  2.133398E+01  3.374902E+01  4.877539E+01  6.422314E+01  7.759692E+01  8.718567E+01  9.308734E+01  9.640085E+01  5.068359E+00  5.059570E+00
  5.172852E+00  5.285156E+00  5.531250E+00  5.983398E+00  6.906250E+00  8.756836E+00  1.233008E+01  1.872363E+01  2.870117E+01  4.143359E+01
  5.506689E+01  6.864404E+01  8.036426E+01  8.877014E+01  9.394196E+01  9.684592E+01  7.238281E+00  7.234375E+00  7.460938E+00  7.677734E+00
  8.140625E+00  9.041016E+00  1.076172E+01  1.408594E+01  1.984180E+01  2.861914E+01  3.959570E+01  5.098047E+01  6.238477E+01  7.376318E+01
  8.356592E+01  9.060010E+01  9.492859E+01  9.735974E+01  1.331250E+01  1.328906E+01  1.385547E+01  1.442969E+01  1.556641E+01  1.764453E+01
  2.141406E+01  2.763281E+01  3.612891E+01  4.525781E+01  5.368359E+01  6.203516E+01  7.073633E+01  7.960645E+01  8.722070E+01  9.268945E+01
  9.605591E+01  9.794580E+01  4.954688E+01  4.953125E+01  5.014062E+01  5.064062E+01  5.148438E+01  5.245312E+01  5.390625E+01  5.578125E+01
  5.834375E+01  6.175000E+01  6.610938E+01  7.162500E+01  7.775781E+01  8.453906E+01  9.030859E+01  9.446484E+01  9.701562E+01  9.844727E+01
  2.581543E+00  2.571289E+00  2.614258E+00  2.637695E+00  2.707031E+00  2.810059E+00  3.041504E+00  3.506836E+00  4.480469E+00  6.467773E+00
  1.062793E+01  1.921143E+01  3.413916E+01  5.314868E+01  7.057800E+01  8.311755E+01  9.088629E+01  9.524788E+01  2.616699E+00  2.611328E+00
  2.657715E+00  2.681152E+00  2.755859E+00  2.854980E+00  3.092285E+00  3.578125E+00  4.554199E+00  6.628906E+00  1.089111E+01  1.966455E+01
  3.469531E+01  5.358862E+01  7.085620E+01  8.327527E+01  9.097131E+01  9.529099E+01  2.747559E+00  2.740723E+00  2.774902E+00  2.815430E+00
  2.875977E+00  2.990723E+00  3.252930E+00  3.771484E+00  4.876953E+00  7.134277E+00  1.179199E+01  2.108594E+01  3.635986E+01  5.490649E+01
  7.168994E+01  8.375378E+01  9.122958E+01  9.542609E+01  2.982422E+00  2.975586E+00  3.007812E+00  3.043945E+00  3.144531E+00  3.261719E+00
  3.574219E+00  4.179688E+00  5.457031E+00  8.125977E+00  1.349268E+01  2.366602E+01  3.918799E+01  5.707690E+01  7.305981E+01  8.454053E+01
  9.165405E+01  9.564772E+01  3.363281E+00  3.356445E+00  3.404297E+00  3.445312E+00  3.543945E+00  3.736328E+00  4.104492E+00  4.919922E+00
  6.548828E+00  9.894531E+00  1.637695E+01  2.764795E+01  4.320312E+01  6.006226E+01  7.493945E+01  8.561792E+01  9.223590E+01  9.595102E+01
  3.977539E+00  3.969727E+00  4.038086E+00  4.091797E+00  4.244141E+00  4.503906E+00  5.064453E+00  6.217773E+00  8.507812E+00  1.300977E+01
  2.103906E+01  3.336377E+01  4.841113E+01  6.380518E+01  7.729077E+01  8.696680E+01  9.296429E+01  9.633154E+01  5.068359E+00  5.058594E+00
  5.174805E+00  5.283203E+00  5.540039E+00  5.978516E+00  6.893555E+00  8.708984E+00  1.222070E+01  1.855273E+01  2.838965E+01  4.106543E+01
  5.475195E+01  6.827783E+01  8.010327E+01  8.857996E+01  9.383533E+01  9.678583E+01  7.238281E+00  7.224609E+00  7.457031E+00  7.685547E+00
  8.150391E+00  9.013672E+00  1.073828E+01  1.399805E+01  1.970117E+01  2.843750E+01  3.929297E+01  5.066895E+01  6.213379E+01  7.345752E+01
  8.334717E+01  9.044287E+01  9.484082E+01  9.731116E+01  1.331250E+01  1.327344E+01  1.385547E+01  1.441797E+01  1.556250E+01  1.758984E+01
  2.134375E+01  2.750391E+01  3.597656E+01  4.510547E+01  5.344531E+01  6.179492E+01  7.056445E+01  7.936426E+01  8.705957E+01  9.256836E+01
  9.598755E+01  9.791064E+01  4.954688E+01  4.950000E+01  5.014062E+01  5.064062E+01  5.148438E+01  5.242188E+01  5.389062E+01  5.567188E+01
  5.825000E+01  6.162500E+01  6.590625E+01  7.145312E+01  7.765625E+01  8.437500E+01  9.019531E+01  9.438086E+01  9.696582E+01  9.841992E+01
  2.581543E+00  2.572754E+00  2.611328E+00  2.638184E+00  2.699707E+00  2.811035E+00  3.024414E+00  3.478027E+00  4.417480E+00  6.384277E+00
  1.045410E+01  1.891064E+01  3.362720E+01  5.269800E+01  7.019885E+01  8.285712E+01  9.074387E+01  9.517331E+01  2.616699E+00  2.610840E+00
  2.653320E+00  2.682129E+00  2.744629E+00  2.856445E+00  3.075195E+00  3.549316E+00  4.516602E+00  6.538574E+00  1.072217E+01  1.935010E+01
  3.418311E+01  5.313965E+01  7.048438E+01  8.301892E+01  9.082962E+01  9.521646E+01  2.747559E+00  2.741211E+00  2.771973E+00  2.817383E+00
  2.866211E+00  2.988770E+00  3.231445E+00  3.769043E+00  4.806152E+00  7.029785E+00  1.161182E+01  2.078760E+01  3.585986E+01  5.447339E+01
  7.132922E+01  8.350537E+01  9.109222E+01  9.535333E+01  2.982422E+00  2.974609E+00  3.002930E+00  3.048828E+00  3.126953E+00  3.276367E+00
  3.553711E+00  4.171875E+00  5.407227E+00  8.037109E+00  1.329199E+01  2.333350E+01  3.870068E+01  5.667041E+01  7.271814E+01  8.430298E+01
  9.152240E+01  9.557785E+01  3.363281E+00  3.356445E+00  3.399414E+00  3.450195E+00  3.538086E+00  3.731445E+00  4.096680E+00  4.875977E+00
  6.489258E+00  9.810547E+00  1.617285E+01  2.731836E+01  4.274121E+01  5.967847E+01  7.462231E+01  8.539490E+01  9.211420E+01  9.588562E+01
  3.977539E+00  3.968750E+00  4.031250E+00  4.107422E+00  4.230469E+00  4.533203E+00  5.049805E+00  6.179688E+00  8.418945E+00  1.289648E+01
  2.080859E+01  3.303271E+01  4.797607E+01  6.346436E+01  7.700464E+01  8.676575E+01  9.285376E+01  9.627151E+01  5.068359E+00  5.057617E+00
  5.167969E+00  5.296875E+00  5.518555E+00  5.967773E+00  6.851562E+00  8.647461E+00  1.211816E+01  1.842578E+01  2.814453E+01  4.075000E+01
  5.437207E+01  6.798633E+01  7.985571E+01  8.840271E+01  9.373853E+01  9.673288E+01  7.238281E+00  7.222656E+00  7.462891E+00  7.683594E+00
  8.126953E+00  9.005859E+00  1.068359E+01  1.394336E+01  1.959180E+01  2.831055E+01  3.907227E+01  5.039941E+01  6.182520E+01  7.321777E+01
  8.314746E+01  9.029541E+01  9.476135E+01  9.726672E+01  1.331250E+01  1.328125E+01  1.383594E+01  1.441016E+01  1.550000E+01  1.757812E+01
  2.128125E+01  2.744531E+01  3.585156E+01  4.501172E+01  5.329492E+01  6.160352E+01  7.033203E+01  7.919043E+01  8.690527E+01  9.245410E+01
  9.592725E+01  9.787512E+01  4.954688E+01  4.950000E+01  5.012500E+01  5.067188E+01  5.139062E+01  5.246875E+01  5.390625E+01  5.573438E+01
  5.818750E+01  6.164062E+01  6.582812E+01  7.128125E+01  7.751562E+01  8.422656E+01  9.007031E+01  9.429492E+01  9.692285E+01  9.839160E+01
  2.581543E+00  2.572266E+00  2.610840E+00  2.631348E+00  2.686523E+00  2.812988E+00  3.012207E+00  3.483398E+00  4.409668E+00  6.326172E+00
  1.032812E+01  1.867285E+01  3.329248E+01  5.231714E+01  6.990747E+01  8.268396E+01  9.063663E+01  9.511636E+01  2.616699E+00  2.610352E+00
  2.653320E+00  2.675293E+00  2.734863E+00  2.838867E+00  3.061035E+00  3.533691E+00  4.509766E+00  6.481934E+00  1.057861E+01  1.911133E+01
  3.385400E+01  5.276294E+01  7.019336E+01  8.284680E+01  9.072354E+01  9.516051E+01  2.747559E+00  2.743652E+00  2.787598E+00  2.812012E+00
  2.856445E+00  2.993652E+00  3.234375E+00  3.737793E+00  4.791992E+00  6.976562E+00  1.146826E+01  2.052686E+01  3.553174E+01  5.410229E+01
  7.104578E+01  8.333838E+01  9.098926E+01  9.529900E+01  2.982422E+00  2.974609E+00  3.004883E+00  3.038086E+00  3.121094E+00  3.262695E+00
  3.536133E+00  4.135742E+00  5.371094E+00  7.943359E+00  1.315088E+01  2.308643E+01  3.838037E+01  5.630981E+01  7.244580E+01  8.414246E+01
  9.142462E+01  9.552647E+01  3.363281E+00  3.355469E+00  3.416016E+00  3.438477E+00  3.540039E+00  3.732422E+00  4.091797E+00  4.851562E+00
  6.434570E+00  9.700195E+00  1.600830E+01  2.706201E+01  4.244678E+01  5.934497E+01  7.437036E+01  8.524829E+01  9.202234E+01  9.583847E+01
  3.977539E+00  3.974609E+00  4.032227E+00  4.101562E+00  4.246094E+00  4.515625E+00  5.021484E+00  6.151367E+00  8.371094E+00  1.277539E+01
  2.063770E+01  3.278711E+01  4.770801E+01  6.315674E+01  7.677417E+01  8.663232E+01  9.277142E+01  9.622894E+01  5.068359E+00  5.060547E+00
  5.169922E+00  5.287109E+00  5.507812E+00  5.959961E+00  6.833984E+00  8.627930E+00  1.205371E+01  1.829590E+01  2.796777E+01  4.053320E+01
  5.412891E+01  6.771240E+01  7.965283E+01  8.828674E+01  9.366736E+01  9.669608E+01  7.238281E+00  7.224609E+00  7.466797E+00  7.671875E+00
  8.103516E+00  8.996094E+00  1.067383E+01  1.390820E+01  1.951953E+01  2.817773E+01  3.891992E+01  5.020996E+01  6.162988E+01  7.298242E+01
  8.297705E+01  9.019897E+01  9.470325E+01  9.723645E+01  1.331250E+01  1.328125E+01  1.383594E+01  1.439062E+01  1.549219E+01  1.757031E+01
  2.124219E+01  2.738281E+01  3.575000E+01  4.490625E+01  5.318750E+01  6.144727E+01  7.018945E+01  7.900879E+01  8.677051E+01  9.238281E+01
  9.588330E+01  9.785266E+01  4.954688E+01  4.953125E+01  5.012500E+01  5.059375E+01  5.140625E+01  5.243750E+01  5.381250E+01  5.573438E+01
  5.817188E+01  6.150000E+01  6.575000E+01  7.126562E+01  7.740625E+01  8.408594E+01  8.996484E+01  9.422656E+01  9.688672E+01  9.837402E+01
  2.581543E+00  2.570801E+00  2.607910E+00  2.631836E+00  2.689941E+00  2.811035E+00  3.015625E+00  3.463867E+00  4.357422E+00  6.256836E+00
  1.022217E+01  1.843848E+01  3.296826E+01  5.200098E+01  6.965002E+01  8.251752E+01  9.054471E+01  9.506021E+01  2.616699E+00  2.608398E+00
  2.649414E+00  2.678711E+00  2.737305E+00  2.854004E+00  3.051758E+00  3.528320E+00  4.457520E+00  6.399902E+00  1.048975E+01  1.888672E+01
  3.352490E+01  5.245093E+01  6.993689E+01  8.268231E+01  9.063266E+01  9.510481E+01  2.747559E+00  2.739746E+00  2.782715E+00  2.813477E+00
  2.873535E+00  2.988281E+00  3.222168E+00  3.717285E+00  4.733398E+00  6.896484E+00  1.136084E+01  2.029932E+01  3.520508E+01  5.380005E+01
  7.079517E+01  8.317871E+01  9.090051E+01  9.524472E+01  2.982422E+00  2.972656E+00  3.001953E+00  3.040039E+00  3.122070E+00  3.255859E+00
  3.539062E+00  4.128906E+00  5.328613E+00  7.861816E+00  1.303564E+01  2.285498E+01  3.806250E+01  5.602319E+01  7.220972E+01  8.399072E+01
  9.134088E+01  9.547491E+01  3.363281E+00  3.353516E+00  3.409180E+00  3.439453E+00  3.538086E+00  3.725586E+00  4.077148E+00  4.837891E+00
  6.397461E+00  9.605469E+00  1.588184E+01  2.683105E+01  4.214014E+01  5.907983E+01  7.414575E+01  8.510608E+01  9.194421E+01  9.579016E+01
  3.977539E+00  3.965820E+00  4.026367E+00  4.116211E+00  4.246094E+00  4.502930E+00  5.006836E+00  6.115234E+00  8.330078E+00  1.266602E+01
  2.051270E+01  3.256836E+01  4.741699E+01  6.291943E+01  7.657227E+01  8.650439E+01  9.270013E+01  9.618542E+01  5.068359E+00  5.052734E+00
  5.164062E+00  5.288086E+00  5.507812E+00  5.953125E+00  6.833008E+00  8.582031E+00  1.199512E+01  1.817383E+01  2.785156E+01  4.033789E+01
  5.387891E+01  6.750732E+01  7.947632E+01  8.817517E+01  9.360559E+01  9.665778E+01  7.238281E+00  7.220703E+00  7.458984E+00  7.673828E+00
  8.119141E+00  8.996094E+00  1.065039E+01  1.386523E+01  1.943945E+01  2.804883E+01  3.881641E+01  5.005371E+01  6.141309E+01  7.281445E+01
  8.283594E+01  9.010742E+01  9.465186E+01  9.720447E+01  1.331250E+01  1.326172E+01  1.383594E+01  1.439062E+01  1.548828E+01  1.754688E+01
  2.122266E+01  2.732031E+01  3.567578E+01  4.478516E+01  5.312500E+01  6.134766E+01  7.001172E+01  7.888477E+01  8.665820E+01  9.231201E+01
  9.584424E+01  9.782812E+01  4.954688E+01  4.943750E+01  5.010938E+01  5.065625E+01  5.142188E+01  5.246875E+01  5.379688E+01  5.570312E+01
  5.812500E+01  6.143750E+01  6.570312E+01  7.115625E+01  7.730469E+01  8.397656E+01  8.988281E+01  9.417578E+01  9.686133E+01  9.835645E+01
  2.581543E+00  2.573242E+00  2.609375E+00  2.627930E+00  2.693848E+00  2.796387E+00  3.001953E+00  3.434570E+00  4.375977E+00  6.203613E+00
  1.009961E+01  1.831348E+01  3.277441E+01  5.176514E+01  6.943762E+01  8.239960E+01  9.047458E+01  9.502788E+01  2.616699E+00  2.610352E+00
  2.651855E+00  2.673340E+00  2.739746E+00  2.841309E+00  3.054688E+00  3.507812E+00  4.462891E+00  6.347168E+00  1.037207E+01  1.876123E+01
  3.333105E+01  5.221509E+01  6.972778E+01  8.256415E+01  9.056366E+01  9.507297E+01  2.747559E+00  2.741699E+00  2.783691E+00  2.808594E+00
  2.877441E+00  2.975098E+00  3.209961E+00  3.705566E+00  4.752441E+00  6.825195E+00  1.123730E+01  2.016602E+01  3.502002E+01  5.357275E+01
  7.059033E+01  8.306201E+01  9.083307E+01  9.521442E+01  2.982422E+00  2.974609E+00  3.000977E+00  3.036133E+00  3.125000E+00  3.239258E+00
  3.522461E+00  4.117188E+00  5.315918E+00  7.787598E+00  1.289502E+01  2.271924E+01  3.787646E+01  5.580396E+01  7.201367E+01  8.388342E+01
  9.127722E+01  9.544525E+01  3.363281E+00  3.356445E+00  3.412109E+00  3.434570E+00  3.540039E+00  3.710938E+00  4.058594E+00  4.804688E+00
  6.377930E+00  9.520508E+00  1.574072E+01  2.669775E+01  4.196289E+01  5.888330E+01  7.395801E+01  8.500500E+01  9.188483E+01  9.576300E+01
  3.977539E+00  3.972656E+00  4.028320E+00  4.109375E+00  4.251953E+00  4.482422E+00  4.998047E+00  6.094727E+00  8.309570E+00  1.257422E+01
  2.035449E+01  3.244043E+01  4.727051E+01  6.273438E+01  7.640161E+01  8.641138E+01  9.264758E+01  9.616125E+01  5.068359E+00  5.058594E+00
  5.165039E+00  5.280273E+00  5.528320E+00  5.927734E+00  6.807617E+00  8.566406E+00  1.199414E+01  1.805957E+01  2.769141E+01  4.022656E+01
  5.375195E+01  6.734277E+01  7.932251E+01  8.809473E+01  9.355908E+01  9.663669E+01  7.238281E+00  7.230469E+00  7.455078E+00  7.656250E+00
  8.123047E+00  8.958984E+00  1.063477E+01  1.381836E+01  1.943359E+01  2.793750E+01  3.865039E+01  4.996875E+01  6.129785E+01  7.268164E+01
  8.269775E+01  9.004077E+01  9.461487E+01  9.718781E+01  1.331250E+01  1.328125E+01  1.384375E+01  1.437109E+01  1.551953E+01  1.749609E+01
  2.116797E+01  2.726953E+01  3.567969E+01  4.469922E+01  5.298438E+01  6.130273E+01  6.993359E+01  7.878223E+01  8.654785E+01  9.226172E+01
  9.581763E+01  9.781543E+01  4.954688E+01  4.950000E+01  5.012500E+01  5.062500E+01  5.150000E+01  5.237500E+01  5.378125E+01  5.571875E+01
  5.812500E+01  6.135938E+01  6.565625E+01  7.110938E+01  7.725000E+01  8.389062E+01  8.978906E+01  9.414062E+01  9.683398E+01  9.834375E+01
  2.581543E+00  2.573242E+00  2.608398E+00  2.633789E+00  2.681152E+00  2.802734E+00  3.007812E+00  3.440430E+00  4.330566E+00  6.159668E+00
  1.004639E+01  1.813428E+01  3.257959E+01  5.158374E+01  6.927649E+01  8.228699E+01  9.040576E+01  9.498619E+01  2.616699E+00  2.611328E+00
  2.650391E+00  2.677734E+00  2.730469E+00  2.845703E+00  3.046387E+00  3.496582E+00  4.429688E+00  6.296875E+00  1.031689E+01  1.858594E+01
  3.312988E+01  5.204492E+01  6.956970E+01  8.245447E+01  9.049445E+01  9.503217E+01  2.747559E+00  2.741211E+00  2.784668E+00  2.812500E+00
  2.866699E+00  2.978516E+00  3.199219E+00  3.705566E+00  4.702637E+00  6.789062E+00  1.118457E+01  1.998926E+01  3.482471E+01  5.340015E+01
  7.043567E+01  8.295703E+01  9.076666E+01  9.517424E+01  2.982422E+00  2.977539E+00  3.001953E+00  3.040039E+00  3.114258E+00  3.246094E+00
  3.510742E+00  4.101562E+00  5.285156E+00  7.743652E+00  1.284912E+01  2.253955E+01  3.769141E+01  5.564307E+01  7.186694E+01  8.378174E+01
  9.121338E+01  9.540747E+01  3.363281E+00  3.352539E+00  3.415039E+00  3.439453E+00  3.529297E+00  3.716797E+00  4.043945E+00  4.802734E+00
  6.344727E+00  9.468750E+00  1.567334E+01  2.651904E+01  4.178076E+01  5.873218E+01  7.382471E+01  8.491077E+01  9.182605E+01  9.572751E+01
  3.977539E+00  3.967773E+00  4.027344E+00  4.118164E+00  4.234375E+00  4.487305E+00  4.997070E+00  6.089844E+00  8.249023E+00  1.250293E+01
  2.029395E+01  3.225879E+01  4.708838E+01  6.260107E+01  7.628052E+01  8.632751E+01  9.259412E+01  9.612891E+01  5.068359E+00  5.056641E+00
  5.169922E+00  5.287109E+00  5.509766E+00  5.935547E+00  6.785156E+00  8.544922E+00  1.191895E+01  1.798730E+01  2.763477E+01  4.004883E+01
  5.359375E+01  6.723438E+01  7.921826E+01  8.802271E+01  9.351196E+01  9.660876E+01  7.238281E+00  7.220703E+00  7.460938E+00  7.664062E+00
  8.093750E+00  8.974609E+00  1.062109E+01  1.378320E+01  1.934180E+01  2.786523E+01  3.862695E+01  4.982129E+01  6.117676E+01  7.260059E+01
  8.261719E+01  8.998145E+01  9.457483E+01  9.716461E+01  1.331250E+01  1.328125E+01  1.384375E+01  1.438281E+01  1.547656E+01  1.754688E+01
  2.113672E+01  2.722656E+01  3.554688E+01  4.462500E+01  5.299219E+01  6.117188E+01  6.984766E+01  7.873047E+01  8.649219E+01  9.221777E+01
  9.578760E+01  9.779822E+01  4.954688E+01  4.946875E+01  5.012500E+01  5.067188E+01  5.137500E+01  5.248438E+01  5.381250E+01  5.567188E+01
  5.803125E+01  6.132812E+01  6.564062E+01  7.098438E+01  7.715625E+01  8.382812E+01  8.974609E+01  9.410547E+01  9.681250E+01  9.833105E+01
  2.581543E+00  2.572754E+00  2.608398E+00  2.631348E+00  2.683105E+00  2.797852E+00  3.007324E+00  3.448730E+00  4.324219E+00  6.116211E+00
  1.002783E+01  1.800879E+01  3.244531E+01  5.139844E+01  6.918018E+01  8.220178E+01  9.033740E+01  9.496303E+01  2.616699E+00  2.609863E+00
  2.651855E+00  2.673828E+00  2.732910E+00  2.838379E+00  3.041016E+00  3.495605E+00  4.419922E+00  6.262207E+00  1.027881E+01  1.846533E+01
  3.300781E+01  5.185010E+01  6.947400E+01  8.237256E+01  9.042755E+01  9.500809E+01  2.747559E+00  2.741211E+00  2.785645E+00  2.809570E+00
  2.867188E+00  2.975586E+00  3.195801E+00  3.692871E+00  4.691895E+00  6.741699E+00  1.114795E+01  1.985791E+01  3.468701E+01  5.324829E+01
  7.034595E+01  8.287317E+01  9.069946E+01  9.515074E+01  2.982422E+00  2.974609E+00  3.002930E+00  3.035156E+00  3.113281E+00  3.242188E+00
  3.524414E+00  4.083008E+00  5.282227E+00  7.684570E+00  1.280225E+01  2.242822E+01  3.757031E+01  5.547876E+01  7.177271E+01  8.370264E+01
  9.114966E+01  9.538593E+01  3.363281E+00  3.353516E+00  3.414062E+00  3.437500E+00  3.529297E+00  3.710938E+00  4.059570E+00  4.782227E+00
  6.328125E+00  9.413086E+00  1.562939E+01  2.639648E+01  4.166113E+01  5.857031E+01  7.374780E+01  8.483813E+01  9.176367E+01  9.570630E+01
  3.977539E+00  3.972656E+00  4.029297E+00  4.110352E+00  4.240234E+00  4.484375E+00  4.997070E+00  6.068359E+00  8.252930E+00  1.245117E+01
  2.023828E+01  3.213574E+01  4.699854E+01  6.246924E+01  7.621436E+01  8.626099E+01  9.253760E+01  9.610965E+01  5.068359E+00  5.059570E+00
  5.163086E+00  5.279297E+00  5.511719E+00  5.927734E+00  6.779297E+00  8.512695E+00  1.191895E+01  1.792773E+01  2.758008E+01  3.996191E+01
  5.352148E+01  6.711182E+01  7.915845E+01  8.796606E+01  9.346094E+01  9.659119E+01  7.238281E+00  7.226562E+00  7.462891E+00  7.660156E+00
  8.099609E+00  8.955078E+00  1.062305E+01  1.378711E+01  1.935742E+01  2.780078E+01  3.857422E+01  4.974805E+01  6.111035E+01  7.248730E+01
  8.257178E+01  8.993481E+01  9.452979E+01  9.714911E+01  1.331250E+01  1.327344E+01  1.385547E+01  1.439453E+01  1.548047E+01  1.751953E+01
  2.115625E+01  2.719531E+01  3.557812E+01  4.457812E+01  5.294531E+01  6.112891E+01  6.978906E+01  7.862500E+01  8.645898E+01  9.218066E+01
  9.574438E+01  9.778564E+01  4.954688E+01  4.954688E+01  5.010938E+01  5.064062E+01  5.140625E+01  5.246875E+01  5.379688E+01  5.568750E+01
  5.807812E+01  6.134375E+01  6.562500E+01  7.085938E+01  7.710156E+01  8.372656E+01  8.972656E+01  9.408398E+01  9.677930E+01  9.831934E+01
  2.581543E+00  2.574219E+00  2.604980E+00  2.630371E+00  2.684570E+00  2.793457E+00  2.996094E+00  3.436035E+00  4.331055E+00  6.107910E+00
  9.943848E+00  1.794092E+01  3.229639E+01  5.127930E+01  6.904822E+01  8.213068E+01  9.031543E+01  9.493912E+01  2.616699E+00  2.610840E+00
  2.647949E+00  2.673340E+00  2.733398E+00  2.836914E+00  3.044922E+00  3.486328E+00  4.401855E+00  6.257324E+00  1.020361E+01  1.838672E+01
  3.285889E+01  5.173682E+01  6.934204E+01  8.229932E+01  9.040546E+01  9.498557E+01  2.747559E+00  2.741699E+00  2.781250E+00  2.810059E+00
  2.868164E+00  2.970215E+00  3.201660E+00  3.679688E+00  4.697754E+00  6.737305E+00  1.106592E+01  1.978467E+01  3.455078E+01  5.310474E+01
  7.021802E+01  8.280530E+01  9.067957E+01  9.512909E+01  2.982422E+00  2.973633E+00  2.996094E+00  3.049805E+00  3.115234E+00  3.249023E+00
  3.510742E+00  4.071289E+00  5.248047E+00  7.687012E+00  1.270752E+01  2.232764E+01  3.742773E+01  5.535620E+01  7.165674E+01  8.363647E+01
  9.113068E+01  9.536462E+01  3.363281E+00  3.354492E+00  3.412109E+00  3.434570E+00  3.531250E+00  3.703125E+00  4.042969E+00  4.785156E+00
  6.301758E+00  9.401367E+00  1.553711E+01  2.631348E+01  4.152344E+01  5.846289E+01  7.362671E+01  8.477820E+01  9.174817E+01  9.568805E+01
  3.977539E+00  3.969727E+00  4.025391E+00  4.105469E+00  4.239258E+00  4.476562E+00  4.979492E+00  6.050781E+00  8.214844E+00  1.242969E+01
  2.013672E+01  3.205176E+01  4.685742E+01  6.235889E+01  7.610547E+01  8.620691E+01  9.252362E+01  9.609320E+01  5.068359E+00  5.059570E+00
  5.159180E+00  5.276367E+00  5.509766E+00  5.936523E+00  6.776367E+00  8.512695E+00  1.188086E+01  1.791406E+01  2.748047E+01  3.986426E+01
  5.339062E+01  6.702100E+01  7.906396E+01  8.791772E+01  9.345105E+01  9.657751E+01  7.238281E+00  7.222656E+00  7.453125E+00  7.656250E+00
  8.095703E+00  8.943359E+00  1.058789E+01  1.376367E+01  1.931250E+01  2.777930E+01  3.846875E+01  4.965527E+01  6.100684E+01  7.242285E+01
  8.249219E+01  8.989844E+01  9.452515E+01  9.713831E+01  1.331250E+01  1.326953E+01  1.382422E+01  1.438281E+01  1.548047E+01  1.750000E+01
  2.110156E+01  2.719922E+01  3.553516E+01  4.455469E+01  5.287109E+01  6.104883E+01  6.971484E+01  7.858789E+01  8.640234E+01  9.215283E+01
  9.574854E+01  9.777881E+01  4.954688E+01  4.950000E+01  5.006250E+01  5.064062E+01  5.140625E+01  5.240625E+01  5.378125E+01  5.568750E+01
  5.806250E+01  6.131250E+01  6.556250E+01  7.089062E+01  7.704688E+01  8.371094E+01  8.967969E+01  9.406055E+01  9.677930E+01  9.831348E+01
  2.581543E+00  2.574707E+00  2.602051E+00  2.629395E+00  2.687012E+00  2.793457E+00  2.998047E+00  3.428223E+00  4.310547E+00  6.094238E+00
  9.934082E+00  1.787842E+01  3.219678E+01  5.110791E+01  6.894385E+01  8.205255E+01  9.025964E+01  9.490765E+01  2.616699E+00  2.611328E+00
  2.644531E+00  2.671387E+00  2.735840E+00  2.837891E+00  3.048828E+00  3.493652E+00  4.402344E+00  6.231445E+00  1.018652E+01  1.832129E+01
  3.275586E+01  5.156616E+01  6.922595E+01  8.222192E+01  9.035065E+01  9.495451E+01  2.747559E+00  2.743164E+00  2.777832E+00  2.809082E+00
  2.871094E+00  2.989746E+00  3.202148E+00  3.668457E+00  4.684082E+00  6.707031E+00  1.104053E+01  1.971875E+01  3.444531E+01  5.293579E+01
  7.012231E+01  8.273096E+01  9.062671E+01  9.509885E+01  2.982422E+00  2.976562E+00  2.989258E+00  3.048828E+00  3.114258E+00  3.246094E+00
  3.511719E+00  4.075195E+00  5.257324E+00  7.651855E+00  1.269141E+01  2.226123E+01  3.732666E+01  5.519971E+01  7.156665E+01  8.356616E+01
  9.108002E+01  9.533566E+01  3.363281E+00  3.355469E+00  3.404297E+00  3.432617E+00  3.533203E+00  3.702148E+00  4.045898E+00  4.769531E+00
  6.299805E+00  9.369141E+00  1.551074E+01  2.623340E+01  4.143213E+01  5.830884E+01  7.354419E+01  8.471252E+01  9.170087E+01  9.566080E+01
  3.977539E+00  3.969727E+00  4.023438E+00  4.107422E+00  4.241211E+00  4.467773E+00  4.978516E+00  6.049805E+00  8.191406E+00  1.240332E+01
  2.010938E+01  3.198193E+01  4.676855E+01  6.221777E+01  7.602905E+01  8.614746E+01  9.248053E+01  9.606854E+01  5.068359E+00  5.059570E+00
  5.154297E+00  5.277344E+00  5.511719E+00  5.930664E+00  6.774414E+00  8.504883E+00  1.185938E+01  1.787402E+01  2.743750E+01  3.980078E+01
  5.331152E+01  6.689258E+01  7.899463E+01  8.786670E+01  9.341382E+01  9.655585E+01  7.238281E+00  7.224609E+00  7.449219E+00  7.658203E+00
  8.097656E+00  8.949219E+00  1.058203E+01  1.374414E+01  1.927539E+01  2.774414E+01  3.844531E+01  4.960938E+01  6.095020E+01  7.231641E+01
  8.243359E+01  8.985474E+01  9.449353E+01  9.712042E+01  1.331250E+01  1.328906E+01  1.381641E+01  1.438281E+01  1.548047E+01  1.749219E+01
  2.110938E+01  2.715625E+01  3.546875E+01  4.454688E+01  5.286328E+01  6.102148E+01  6.967773E+01  7.849902E+01  8.636816E+01  9.211914E+01
  9.572583E+01  9.776465E+01  4.954688E+01  4.953125E+01  5.010938E+01  5.060938E+01  5.145312E+01  5.243750E+01  5.381250E+01  5.571875E+01
  5.807812E+01  6.132812E+01  6.554688E+01  7.085938E+01  7.702344E+01  8.364062E+01  8.965625E+01  9.403320E+01  9.675977E+01  9.830371E+01
  2.581543E+00  2.574219E+00  2.605957E+00  2.630371E+00  2.679688E+00  2.790039E+00  2.993164E+00  3.416504E+00  4.292480E+00  6.096680E+00
  9.833496E+00  1.777979E+01  3.209082E+01  5.100464E+01  6.885559E+01  8.196069E+01  9.021310E+01  9.489160E+01  2.616699E+00  2.612305E+00
  2.649414E+00  2.673340E+00  2.730957E+00  2.834961E+00  3.044434E+00  3.487793E+00  4.389160E+00  6.208984E+00  1.011572E+01  1.823096E+01
  3.265430E+01  5.146533E+01  6.915295E+01  8.212732E+01  9.030499E+01  9.493851E+01  2.747559E+00  2.743164E+00  2.781738E+00  2.809082E+00
  2.864258E+00  2.982422E+00  3.196777E+00  3.675293E+00  4.662598E+00  6.656738E+00  1.096143E+01  1.964404E+01  3.435449E+01  5.283984E+01
  7.003333E+01  8.263989E+01  9.058221E+01  9.508398E+01  2.982422E+00  2.977539E+00  2.996094E+00  3.051758E+00  3.111328E+00  3.246094E+00
  3.503906E+00  4.065430E+00  5.239746E+00  7.657715E+00  1.260645E+01  2.216260E+01  3.723193E+01  5.510522E+01  7.148584E+01  8.347900E+01
  9.103613E+01  9.532101E+01  3.363281E+00  3.353516E+00  3.409180E+00  3.436523E+00  3.524414E+00  3.700195E+00  4.039062E+00  4.753906E+00
  6.285156E+00  9.335938E+00  1.541504E+01  2.616797E+01  4.135840E+01  5.822803E+01  7.347290E+01  8.463062E+01  9.166083E+01  9.564691E+01
  3.977539E+00  3.973633E+00  4.022461E+00  4.106445E+00  4.235352E+00  4.470703E+00  4.975586E+00  6.036133E+00  8.185547E+00  1.235254E+01
  2.000684E+01  3.193506E+01  4.671680E+01  6.214600E+01  7.596167E+01  8.607300E+01  9.244281E+01  9.605603E+01  5.068359E+00  5.061523E+00
  5.163086E+00  5.281250E+00  5.502930E+00  5.923828E+00  6.785156E+00  8.485352E+00  1.183105E+01  1.783594E+01  2.734277E+01  3.975000E+01
  5.325391E+01  6.683496E+01  7.894531E+01  8.779565E+01  9.337891E+01  9.654425E+01  7.238281E+00  7.232422E+00  7.451172E+00  7.666016E+00
  8.085938E+00  8.943359E+00  1.057812E+01  1.372656E+01  1.926367E+01  2.776367E+01  3.835547E+01  4.957812E+01  6.092480E+01  7.226465E+01
  8.239697E+01  8.979663E+01  9.446326E+01  9.711121E+01  1.331250E+01  1.329297E+01  1.383203E+01  1.438672E+01  1.544922E+01  1.747656E+01
  2.109766E+01  2.712500E+01  3.546094E+01  4.448828E+01  5.278516E+01  6.099609E+01  6.965039E+01  7.846777E+01  8.633398E+01  9.207178E+01
  9.570044E+01  9.775757E+01  4.954688E+01  4.953125E+01  5.010938E+01  5.064062E+01  5.139062E+01  5.237500E+01  5.379688E+01  5.568750E+01
  5.807812E+01  6.118750E+01  6.546875E+01  7.081250E+01  7.698438E+01  8.359375E+01  8.965234E+01  9.399805E+01  9.674609E+01  9.830078E+01
  2.581543E+00  2.570312E+00  2.607910E+00  2.627441E+00  2.679688E+00  2.784668E+00  2.987305E+00  3.406738E+00  4.280273E+00  6.053711E+00
  9.781738E+00  1.772510E+01  3.200537E+01  5.091284E+01  6.875940E+01  8.193347E+01  9.018469E+01  9.487358E+01  2.616699E+00  2.607910E+00
  2.647949E+00  2.670898E+00  2.729004E+00  2.830566E+00  3.039062E+00  3.472656E+00  4.369629E+00  6.204102E+00  1.003711E+01  1.815771E+01
  3.257129E+01  5.137085E+01  6.905688E+01  8.210486E+01  9.027661E+01  9.492101E+01  2.747559E+00  2.739746E+00  2.782715E+00  2.806641E+00
  2.864258E+00  2.978516E+00  3.190918E+00  3.664062E+00  4.647461E+00  6.674805E+00  1.090527E+01  1.957031E+01  3.427148E+01  5.275024E+01
  6.993701E+01  8.261523E+01  9.055420E+01  9.506628E+01  2.982422E+00  2.971680E+00  3.000000E+00  3.047852E+00  3.110352E+00  3.241211E+00
  3.500000E+00  4.052734E+00  5.219727E+00  7.611816E+00  1.255078E+01  2.210840E+01  3.715674E+01  5.502002E+01  7.139233E+01  8.345520E+01
  9.101062E+01  9.530432E+01  3.363281E+00  3.353516E+00  3.410156E+00  3.430664E+00  3.535156E+00  3.694336E+00  4.030273E+00  4.758789E+00
  6.265625E+00  9.319336E+00  1.539209E+01  2.607812E+01  4.126855E+01  5.814502E+01  7.338477E+01  8.460791E+01  9.163611E+01  9.563190E+01
  3.977539E+00  3.968750E+00  4.028320E+00  4.101562E+00  4.229492E+00  4.465820E+00  4.963867E+00  6.013672E+00  8.168945E+00  1.234863E+01
  1.998828E+01  3.183740E+01  4.662842E+01  6.206787E+01  7.588330E+01  8.605444E+01  9.242169E+01  9.604166E+01  5.068359E+00  5.056641E+00
  5.162109E+00  5.274414E+00  5.500000E+00  5.918945E+00  6.768555E+00  8.462891E+00  1.181836E+01  1.780469E+01  2.731445E+01  3.965137E+01
  5.318555E+01  6.676514E+01  7.887524E+01  8.778320E+01  9.336011E+01  9.653253E+01  7.238281E+00  7.216797E+00  7.453125E+00  7.658203E+00
  8.083984E+00  8.935547E+00  1.057227E+01  1.370508E+01  1.922656E+01  2.767188E+01  3.830664E+01  4.948438E+01  6.084668E+01  7.220703E+01
  8.233496E+01  8.978540E+01  9.444800E+01  9.710120E+01  1.331250E+01  1.327734E+01  1.382812E+01  1.438672E+01  1.544141E+01  1.747266E+01
  2.106641E+01  2.708984E+01  3.543750E+01  4.446094E+01  5.277734E+01  6.093750E+01  6.960156E+01  7.841895E+01  8.628320E+01  9.206592E+01
  9.568726E+01  9.774927E+01  4.954688E+01  4.946875E+01  5.009375E+01  5.062500E+01  5.137500E+01  5.240625E+01  5.376562E+01  5.565625E+01
  5.804688E+01  6.125000E+01  6.545312E+01  7.079688E+01  7.692969E+01  8.357031E+01  8.960547E+01  9.399219E+01  9.673438E+01  9.829590E+01
  2.581543E+00  2.571289E+00  2.604492E+00  2.628418E+00  2.678711E+00  2.783691E+00  2.981445E+00  3.402344E+00  4.268555E+00  6.037598E+00
  9.755859E+00  1.765674E+01  3.189502E+01  5.086304E+01  6.869495E+01  8.188416E+01  9.014777E+01  9.485452E+01  2.616699E+00  2.608887E+00
  2.645996E+00  2.670410E+00  2.726074E+00  2.826660E+00  3.028320E+00  3.469238E+00  4.359863E+00  6.182129E+00  1.002100E+01  1.810303E+01
  3.245557E+01  5.132739E+01  6.899365E+01  8.205566E+01  9.023999E+01  9.490218E+01  2.747559E+00  2.740234E+00  2.779785E+00  2.806152E+00
  2.861816E+00  2.973145E+00  3.185547E+00  3.657715E+00  4.633789E+00  6.653320E+00  1.087549E+01  1.949365E+01  3.415332E+01  5.270361E+01
  6.987573E+01  8.256860E+01  9.051825E+01  9.504741E+01  2.982422E+00  2.976562E+00  2.998047E+00  3.048828E+00  3.107422E+00  3.237305E+00
  3.491211E+00  4.060547E+00  5.204102E+00  7.600586E+00  1.251172E+01  2.203467E+01  3.704053E+01  5.497949E+01  7.133276E+01  8.341138E+01
  9.097601E+01  9.528647E+01  3.363281E+00  3.352539E+00  3.407227E+00  3.430664E+00  3.534180E+00  3.690430E+00  4.041016E+00  4.750977E+00
  6.245117E+00  9.301758E+00  1.531982E+01  2.600928E+01  4.116211E+01  5.810742E+01  7.333032E+01  8.456543E+01  9.160352E+01  9.561447E+01
  3.977539E+00  3.966797E+00  4.023438E+00  4.104492E+00  4.229492E+00  4.460938E+00  4.953125E+00  6.024414E+00  8.135742E+00  1.231836E+01
  1.990723E+01  3.175391E+01  4.652344E+01  6.204346E+01  7.583447E+01  8.601538E+01  9.239191E+01  9.602631E+01  5.068359E+00  5.058594E+00
  5.159180E+00  5.272461E+00  5.499023E+00  5.914062E+00  6.747070E+00  8.456055E+00  1.178809E+01  1.778125E+01  2.723633E+01  3.959082E+01
  5.309863E+01  6.674561E+01  7.883081E+01  8.775024E+01  9.333337E+01  9.651819E+01  7.238281E+00  7.224609E+00  7.451172E+00  7.658203E+00
  8.093750E+00  8.933594E+00  1.057812E+01  1.370703E+01  1.921094E+01  2.765430E+01  3.825977E+01  4.944922E+01  6.076953E+01  7.219629E+01
  8.229932E+01  8.975610E+01  9.442493E+01  9.708868E+01  1.331250E+01  1.327734E+01  1.382422E+01  1.439844E+01  1.544141E+01  1.746484E+01
  2.106250E+01  2.710156E+01  3.543750E+01  4.446094E+01  5.271875E+01  6.090430E+01  6.953711E+01  7.842285E+01  8.625391E+01  9.204443E+01
  9.567065E+01  9.773926E+01  4.954688E+01  4.950000E+01  5.010938E+01  5.064062E+01  5.140625E+01  5.235938E+01  5.375000E+01  5.565625E+01
  5.806250E+01  6.120312E+01  6.542188E+01  7.078125E+01  7.687500E+01  8.355469E+01  8.957812E+01  9.397852E+01  9.671875E+01  9.829004E+01
  2.581543E+00  2.574219E+00  2.605469E+00  2.641602E+00  2.678223E+00  2.785156E+00  2.981934E+00  3.399902E+00  4.257324E+00  6.034180E+00
  9.761230E+00  1.757812E+01  3.186572E+01  5.075513E+01  6.862317E+01  8.182214E+01  9.013721E+01  9.484277E+01  2.616699E+00  2.611816E+00
  2.648926E+00  2.669922E+00  2.728516E+00  2.827637E+00  3.033203E+00  3.464355E+00  4.346680E+00  6.171875E+00  1.001123E+01  1.800928E+01
  3.242822E+01  5.122070E+01  6.892004E+01  8.199390E+01  9.022961E+01  9.489059E+01  2.747559E+00  2.741699E+00  2.781250E+00  2.805664E+00
  2.863770E+00  2.973145E+00  3.200195E+00  3.669434E+00  4.646973E+00  6.637207E+00  1.086621E+01  1.941797E+01  3.412695E+01  5.260010E+01
  6.981116E+01  8.250684E+01  9.050806E+01  9.503647E+01  2.982422E+00  2.974609E+00  2.999023E+00  3.045898E+00  3.110352E+00  3.236328E+00
  3.491211E+00  4.055664E+00  5.187012E+00  7.575195E+00  1.249316E+01  2.195361E+01  3.701758E+01  5.488013E+01  7.126416E+01  8.335254E+01
  9.096722E+01  9.527615E+01  3.363281E+00  3.354492E+00  3.410156E+00  3.429688E+00  3.537109E+00  3.689453E+00  4.034180E+00  4.745117E+00
  6.228516E+00  9.275391E+00  1.529492E+01  2.593604E+01  4.114258E+01  5.801562E+01  7.326855E+01  8.451111E+01  9.159680E+01  9.560547E+01
  3.977539E+00  3.968750E+00  4.022461E+00  4.100586E+00  4.230469E+00  4.460938E+00  4.952148E+00  6.015625E+00  8.120117E+00  1.228906E+01
  1.988965E+01  3.169043E+01  4.650781E+01  6.195605E+01  7.578198E+01  8.596362E+01  9.238678E+01  9.601804E+01  5.068359E+00  5.058594E+00
  5.166992E+00  5.268555E+00  5.502930E+00  5.914062E+00  6.756836E+00  8.452148E+00  1.178027E+01  1.775098E+01  2.722559E+01  3.953711E+01
  5.308496E+01  6.667285E+01  7.878687E+01  8.770483E+01  9.333154E+01  9.651196E+01  7.238281E+00  7.228516E+00  7.451172E+00  7.652344E+00
  8.101562E+00  8.923828E+00  1.057227E+01  1.370508E+01  1.918164E+01  2.759766E+01  3.824414E+01  4.938574E+01  6.076172E+01  7.214355E+01
  8.226904E+01  8.971826E+01  9.442700E+01  9.708398E+01  1.331250E+01  1.328125E+01  1.382031E+01  1.438281E+01  1.545312E+01  1.746094E+01
  2.106250E+01  2.707812E+01  3.538672E+01  4.441797E+01  5.271875E+01  6.086133E+01  6.953516E+01  7.837988E+01  8.623145E+01  9.201270E+01
  9.567358E+01  9.773608E+01  4.954688E+01  4.951562E+01  5.010938E+01  5.062500E+01  5.143750E+01  5.240625E+01  5.381250E+01  5.567188E+01
  5.803125E+01  6.123438E+01  6.545312E+01  7.076562E+01  7.686719E+01  8.354688E+01  8.956641E+01  9.395117E+01  9.672070E+01  9.828613E+01
  2.581543E+00  2.572754E+00  2.604004E+00  2.641602E+00  2.679688E+00  2.782715E+00  2.982422E+00  3.393555E+00  4.277832E+00  6.005859E+00
  9.694824E+00  1.756006E+01  3.178027E+01  5.065649E+01  6.856372E+01  8.177332E+01  9.010999E+01  9.481885E+01  2.616699E+00  2.611816E+00
  2.646484E+00  2.669922E+00  2.728516E+00  2.821777E+00  3.031250E+00  3.457520E+00  4.341309E+00  6.148438E+00  9.952148E+00  1.800391E+01
  3.233887E+01  5.111572E+01  6.886255E+01  8.194531E+01  9.020258E+01  9.486694E+01  2.747559E+00  2.742188E+00  2.780273E+00  2.803223E+00
  2.862305E+00  2.968750E+00  3.198242E+00  3.663574E+00  4.636230E+00  6.625488E+00  1.079736E+01  1.939697E+01  3.404443E+01  5.250220E+01
  6.975049E+01  8.246069E+01  9.048279E+01  9.501343E+01  2.982422E+00  2.976562E+00  2.997070E+00  3.044922E+00  3.107422E+00  3.231445E+00
  3.486328E+00  4.048828E+00  5.194824E+00  7.548828E+00  1.243018E+01  2.193066E+01  3.693652E+01  5.478296E+01  7.121582E+01  8.330835E+01
  9.094293E+01  9.525378E+01  3.363281E+00  3.354492E+00  3.407227E+00  3.426758E+00  3.538086E+00  3.701172E+00  4.031250E+00  4.735352E+00
  6.240234E+00  9.247070E+00  1.522607E+01  2.589160E+01  4.106152E+01  5.793042E+01  7.322046E+01  8.447131E+01  9.157471E+01  9.558459E+01
  3.977539E+00  3.967773E+00  4.024414E+00  4.099609E+00  4.228516E+00  4.458984E+00  4.947266E+00  6.003906E+00  8.121094E+00  1.226562E+01
  1.982324E+01  3.163818E+01  4.642773E+01  6.187256E+01  7.573755E+01  8.592786E+01  9.236646E+01  9.599960E+01  5.068359E+00  5.059570E+00
  5.160156E+00  5.269531E+00  5.496094E+00  5.908203E+00  6.748047E+00  8.450195E+00  1.177344E+01  1.771777E+01  2.715137E+01  3.948730E+01
  5.301270E+01  6.659961E+01  7.874927E+01  8.767285E+01  9.331287E+01  9.649548E+01  7.238281E+00  7.224609E+00  7.445312E+00  7.658203E+00
  8.097656E+00  8.941406E+00  1.056836E+01  1.367969E+01  1.917188E+01  2.757227E+01  3.818750E+01  4.933789E+01  6.069824E+01  7.208105E+01
  8.223633E+01  8.969312E+01  9.441199E+01  9.707050E+01  1.331250E+01  1.328125E+01  1.381641E+01  1.438281E+01  1.542969E+01  1.744531E+01
  2.106250E+01  2.707031E+01  3.539844E+01  4.438672E+01  5.267969E+01  6.081445E+01  6.948438E+01  7.833008E+01  8.621094E+01  9.199170E+01
  9.566357E+01  9.772595E+01  4.954688E+01  4.948438E+01  5.012500E+01  5.062500E+01  5.143750E+01  5.239062E+01  5.381250E+01  5.565625E+01
  5.806250E+01  6.120312E+01  6.540625E+01  7.071875E+01  7.683594E+01  8.351562E+01  8.955469E+01  9.393555E+01  9.671094E+01  9.827539E+01
  4.586135E+00  4.660543E+00  4.849649E+00  4.971044E+00  5.319409E+00  6.138173E+00  7.762958E+00  1.017122E+01  1.449048E+01  2.123292E+01
  3.159637E+01  4.529435E+01  6.080671E+01  7.490811E+01  8.544945E+01  9.208936E+01  9.586646E+01  9.788383E+01  4.586135E+00  4.589208E+00
  4.788422E+00  4.868124E+00  5.445669E+00  5.899343E+00  6.986485E+00  8.877978E+00  1.216571E+01  1.796067E+01  2.652946E+01  3.888348E+01
  5.403859E+01  6.909387E+01  8.131197E+01  8.957284E+01  9.447128E+01  9.713857E+01  4.586135E+00  4.569070E+00  4.713547E+00  4.899580E+00
  5.220636E+00  5.683704E+00  6.799453E+00  8.562841E+00  1.150218E+01  1.666411E+01  2.480765E+01  3.656667E+01  5.113469E+01  6.659365E+01
  7.945860E+01  8.842699E+01  9.380465E+01  9.679284E+01  4.586135E+00  4.631909E+00  4.690293E+00  4.898038E+00  5.319473E+00  5.551951E+00
  6.554169E+00  8.350996E+00  1.122341E+01  1.605461E+01  2.398965E+01  3.535727E+01  4.964853E+01  6.526617E+01  7.842236E+01  8.772867E+01
  9.341473E+01  9.657979E+01  4.586135E+00  4.588766E+00  4.770867E+00  4.889276E+00  5.249453E+00  5.566975E+00  6.459287E+00  8.136969E+00
  1.112722E+01  1.575879E+01  2.345567E+01  3.454170E+01  4.871328E+01  6.428159E+01  7.772401E+01  8.727065E+01  9.314616E+01  9.643567E+01
  4.586135E+00  4.643695E+00  4.651997E+00  4.849095E+00  5.208023E+00  5.514658E+00  6.356110E+00  8.102083E+00  1.093145E+01  1.550240E+01
  2.297021E+01  3.407164E+01  4.808339E+01  6.371140E+01  7.725878E+01  8.698347E+01  9.298276E+01  9.634599E+01  4.586135E+00  4.523967E+00
  4.710104E+00  4.838102E+00  5.281998E+00  5.503293E+00  6.364480E+00  8.039865E+00  1.082144E+01  1.540462E+01  2.265753E+01  3.372969E+01
  4.774148E+01  6.329331E+01  7.696536E+01  8.676870E+01  9.285809E+01  9.627813E+01  4.586135E+00  4.535131E+00  4.664524E+00  4.865863E+00
  5.066962E+00  5.586176E+00  6.367359E+00  8.020296E+00  1.074050E+01  1.529518E+01  2.250448E+01  3.337931E+01  4.733794E+01  6.294376E+01
  7.666679E+01  8.656358E+01  9.274944E+01  9.621854E+01  4.586135E+00  4.560970E+00  4.717067E+00  4.783913E+00  5.093778E+00  5.554158E+00
  6.373983E+00  8.006324E+00  1.072474E+01  1.516210E+01  2.235453E+01  3.318579E+01  4.707876E+01  6.262001E+01  7.640651E+01  8.642346E+01
  9.266835E+01  9.617352E+01  4.586135E+00  4.493873E+00  4.714546E+00  4.855280E+00  5.150562E+00  5.561064E+00  6.306875E+00  8.004044E+00
  1.065757E+01  1.505718E+01  2.228279E+01  3.299222E+01  4.679964E+01  6.237503E+01  7.621785E+01  8.629688E+01  9.259474E+01  9.613055E+01
  4.586135E+00  4.527244E+00  4.703539E+00  4.798529E+00  5.227053E+00  5.444657E+00  6.286675E+00  7.940279E+00  1.063806E+01  1.495786E+01
  2.212071E+01  3.285728E+01  4.665100E+01  6.219937E+01  7.602658E+01  8.620756E+01  9.254314E+01  9.610477E+01  4.586135E+00  4.572922E+00
  4.767142E+00  4.906201E+00  5.020441E+00  5.581010E+00  6.292623E+00  7.942735E+00  1.057109E+01  1.492185E+01  2.208153E+01  3.268089E+01
  4.646417E+01  6.206361E+01  7.591465E+01  8.611974E+01  9.248880E+01  9.607446E+01  4.586135E+00  4.588627E+00  4.714746E+00  4.878438E+00
  5.123995E+00  5.578451E+00  6.318786E+00  7.940597E+00  1.058351E+01  1.491075E+01  2.202252E+01  3.255956E+01  4.634557E+01  6.187661E+01
  7.584456E+01  8.605940E+01  9.242941E+01  9.605464E+01  4.586135E+00  4.545359E+00  4.666725E+00  4.855142E+00  5.130756E+00  5.511353E+00
  6.271201E+00  7.935034E+00  1.055956E+01  1.489376E+01  2.191514E+01  3.248850E+01  4.624264E+01  6.181303E+01  7.573902E+01  8.600871E+01
  9.241792E+01  9.603893E+01  4.586135E+00  4.586139E+00  4.653823E+00  4.855528E+00  5.208544E+00  5.476137E+00  6.307471E+00  7.948281E+00
  1.055211E+01  1.488654E+01  2.188371E+01  3.241823E+01  4.615287E+01  6.166719E+01  7.565826E+01  8.594270E+01  9.237252E+01  9.601307E+01
  4.586135E+00  4.564257E+00  4.700180E+00  4.878897E+00  5.111753E+00  5.523580E+00  6.311173E+00  7.918238E+00  1.057529E+01  1.484249E+01
  2.176177E+01  3.233361E+01  4.607048E+01  6.158775E+01  7.560667E+01  8.586710E+01  9.233578E+01  9.600136E+01  4.586135E+00  4.530968E+00
  4.716928E+00  4.829062E+00  5.119791E+00  5.549182E+00  6.268434E+00  7.906525E+00  1.048644E+01  1.480780E+01  2.170378E+01  3.229931E+01
  4.598875E+01  6.151064E+01  7.551689E+01  8.585182E+01  9.231126E+01  9.598779E+01  4.586135E+00  4.553907E+00  4.714956E+00  4.884242E+00
  5.106295E+00  5.486079E+00  6.230999E+00  7.879195E+00  1.052741E+01  1.479863E+01  2.165589E+01  3.222821E+01  4.587566E+01  6.146720E+01
  7.546043E+01  8.581433E+01  9.228491E+01  9.597237E+01  4.586135E+00  4.562232E+00  4.720174E+00  4.873623E+00  5.168065E+00  5.521711E+00
  6.286736E+00  7.913548E+00  1.047061E+01  1.479719E+01  2.165192E+01  3.217068E+01  4.584090E+01  6.138970E+01  7.541866E+01  8.575414E+01
  9.227769E+01  9.596327E+01  4.586135E+00  4.527986E+00  4.736382E+00  4.796803E+00  5.138981E+00  5.484040E+00  6.271453E+00  7.914126E+00
  1.053034E+01  1.479749E+01  2.159314E+01  3.211461E+01  4.579471E+01  6.131296E+01  7.536629E+01  8.572079E+01  9.225516E+01  9.594347E+01
