  6.387946E-01
          18 10.0000000
 -2.000000E+01 -1.000000E+01 -2.107210E+00 -1.806180E+00 -1.505150E+00 -1.204120E+00 -9.030900E-01 -6.020600E-01 -3.010300E-01  0.000000E+00
  3.010300E-01  6.020600E-01  9.030900E-01  1.204120E+00  1.505150E+00  1.806180E+00  2.107210E+00  2.408240E+00
          10 10.0000000
  0.000000E+00  1.000000E+01  2.000000E+01  3.000000E+01  4.000000E+01  5.000000E+01  6.000000E+01  7.000000E+01  8.000000E+01  8.900000E+01
          20  2.0000000
  1.000000E+00  3.000000E+00  5.000000E+00  7.000000E+00  9.000000E+00  1.100000E+01  1.300000E+01  1.500000E+01  1.700000E+01  1.900000E+01
  2.100000E+01  2.300000E+01  2.500000E+01  2.700000E+01  2.900000E+01  3.100000E+01  3.300000E+01  3.500000E+01  3.700000E+01  3.900000E+01
  2.572196E+00  2.572598E+00  2.621745E+00  2.685295E+00  2.790583E+00  3.013546E+00  3.480984E+00  4.534219E+00  6.336822E+00  1.026478E+01
  1.797698E+01  3.175704E+01  5.018509E+01  6.814353E+01  8.150572E+01  8.993583E+01  9.474534E+01  9.730508E+01  2.611934E+00  2.611161E+00
  2.664809E+00  2.725411E+00  2.831076E+00  3.066241E+00  3.545346E+00  4.624549E+00  6.478971E+00  1.050858E+01  1.837821E+01  3.227563E+01
  5.063990E+01  6.844380E+01  8.168020E+01  9.003072E+01  9.479491E+01  9.733059E+01  2.730619E+00  2.732597E+00  2.788911E+00  2.856493E+00
  2.972623E+00  3.222129E+00  3.744926E+00  4.901026E+00  6.930690E+00  1.126941E+01  1.961577E+01  3.385875E+01  5.201595E+01  6.933871E+01
  8.220033E+01  9.031417E+01  9.494311E+01  9.740620E+01  2.956642E+00  2.958325E+00  3.023913E+00  3.100903E+00  3.236362E+00  3.525203E+00
  4.121737E+00  5.410090E+00  7.804800E+00  1.272917E+01  2.187648E+01  3.658960E+01  5.428046E+01  7.080962E+01  8.305451E+01  9.077826E+01
  9.518527E+01  9.753050E+01  3.327514E+00  3.332043E+00  3.411025E+00  3.508834E+00  3.677995E+00  4.039562E+00  4.789019E+00  6.378334E+00
  9.326914E+00  1.518754E+01  2.547989E+01  4.052378E+01  5.741169E+01  7.282604E+01  8.422342E+01  9.141415E+01  9.551768E+01  9.770074E+01
  3.944196E+00  3.945097E+00  4.062697E+00  4.190882E+00  4.428206E+00  4.925548E+00  5.942383E+00  8.112562E+00  1.197795E+01  1.930318E+01
  3.081961E+01  4.580965E+01  6.135172E+01  7.534693E+01  8.568580E+01  9.221015E+01  9.593399E+01  9.791387E+01  5.009117E+00  5.011408E+00
  5.203801E+00  5.408587E+00  5.780233E+00  6.554075E+00  8.124497E+00  1.130721E+01  1.678139E+01  2.599269E+01  3.835980E+01  5.233850E+01
  6.604458E+01  7.834348E+01  8.742651E+01  9.315653E+01  9.642944E+01  9.816745E+01  7.157717E+00  7.154747E+00  7.515076E+00  7.878865E+00
  8.587214E+00  1.001022E+01  1.275996E+01  1.791350E+01  2.584158E+01  3.662208E+01  4.815668E+01  5.998575E+01  7.147197E+01  8.180981E+01
  8.943516E+01  9.424991E+01  9.700165E+01  9.846039E+01  1.315197E+01  1.315364E+01  1.405323E+01  1.497564E+01  1.667853E+01  1.989612E+01
  2.537754E+01  3.368876E+01  4.267815E+01  5.144088E+01  5.979263E+01  6.878876E+01  7.772330E+01  8.579663E+01  9.174638E+01  9.550806E+01
  9.765949E+01  9.879724E+01  4.953120E+01  4.951948E+01  5.058132E+01  5.132159E+01  5.220270E+01  5.355314E+01  5.526149E+01  5.789232E+01
  6.088226E+01  6.531372E+01  7.047293E+01  7.670186E+01  8.333141E+01  8.936002E+01  9.381068E+01  9.663691E+01  9.825096E+01  9.910168E+01
  2.572196E+00  2.576587E+00  2.613906E+00  2.654836E+00  2.732344E+00  2.891043E+00  3.247893E+00  3.892728E+00  5.354726E+00  8.186523E+00
  1.397514E+01  2.483705E+01  4.167662E+01  6.061228E+01  7.619073E+01  8.672416E+01  9.296288E+01  9.636681E+01  2.611934E+00  2.614824E+00
  2.656172E+00  2.696766E+00  2.770931E+00  2.937923E+00  3.299190E+00  3.969992E+00  5.456660E+00  8.388179E+00  1.428561E+01  2.532308E+01
  4.218466E+01  6.098761E+01  7.641748E+01  8.685107E+01  9.303082E+01  9.640147E+01  2.730619E+00  2.735413E+00  2.780790E+00  2.826785E+00
  2.908105E+00  3.086553E+00  3.483031E+00  4.209127E+00  5.849513E+00  9.005115E+00  1.533693E+01  2.681663E+01  4.373706E+01  6.210598E+01
  7.709411E+01  8.722769E+01  9.323145E+01  9.650451E+01  2.956642E+00  2.958102E+00  3.010840E+00  3.062346E+00  3.160019E+00  3.369369E+00
  3.819834E+00  4.674156E+00  6.539174E+00  1.019565E+01  1.726252E+01  2.945553E+01  4.633636E+01  6.393646E+01  7.820160E+01  8.784601E+01
  9.355903E+01  9.667413E+01  3.327514E+00  3.329560E+00  3.394048E+00  3.463692E+00  3.591173E+00  3.850447E+00  4.415612E+00  5.497587E+00
  7.837403E+00  1.222528E+01  2.040338E+01  3.343776E+01  4.997158E+01  6.644918E+01  7.971831E+01  8.869167E+01  9.400755E+01  9.690570E+01
  3.944196E+00  3.949404E+00  4.038947E+00  4.130383E+00  4.303299E+00  4.668672E+00  5.432823E+00  6.915650E+00  1.004089E+01  1.563225E+01
  2.533132E+01  3.896865E+01  5.460242E+01  6.959110E+01  8.161732E+01  8.975128E+01  9.457014E+01  9.719569E+01  5.009117E+00  5.008540E+00
  5.163950E+00  5.307903E+00  5.585331E+00  6.158649E+00  7.332889E+00  9.579930E+00  1.416470E+01  2.151949E+01  3.275005E+01  4.616151E+01
  6.015380E+01  7.332925E+01  8.387080E+01  9.100677E+01  9.523559E+01  9.753951E+01  7.157717E+00  7.164799E+00  7.437398E+00  7.704540E+00
  8.224465E+00  9.283985E+00  1.139038E+01  1.520465E+01  2.198371E+01  3.164697E+01  4.324237E+01  5.487833E+01  6.659531E+01  7.763373E+01
  8.647343E+01  9.245865E+01  9.600595E+01  9.793732E+01  1.315197E+01  1.316991E+01  1.381351E+01  1.449852E+01  1.571494E+01  1.810480E+01
  2.250290E+01  2.931857E+01  3.841452E+01  4.768970E+01  5.628765E+01  6.489809E+01  7.397220E+01  8.255508E+01  8.944656E+01  9.411746E+01
  9.688651E+01  9.839126E+01  4.953120E+01  4.951430E+01  5.038034E+01  5.098446E+01  5.171077E+01  5.286794E+01  5.435320E+01  5.646056E+01
  5.908255E+01  6.315709E+01  6.801466E+01  7.384657E+01  8.041788E+01  8.691442E+01  9.207117E+01  9.557441E+01  9.765112E+01  9.878828E+01
  2.572196E+00  2.570917E+00  2.610806E+00  2.639197E+00  2.709262E+00  2.849653E+00  3.128530E+00  3.704503E+00  4.891811E+00  7.309037E+00
  1.234085E+01  2.217272E+01  3.820579E+01  5.734364E+01  7.376250E+01  8.520669E+01  9.209052E+01  9.590198E+01  2.611934E+00  2.609346E+00
  2.652633E+00  2.678601E+00  2.747858E+00  2.893720E+00  3.179639E+00  3.774059E+00  4.996303E+00  7.487893E+00  1.264256E+01  2.264336E+01
  3.873842E+01  5.774734E+01  7.401060E+01  8.534620E+01  9.216492E+01  9.594054E+01  2.730619E+00  2.731349E+00  2.777024E+00  2.806625E+00
  2.883329E+00  3.038471E+00  3.352109E+00  3.988518E+00  5.352621E+00  8.060492E+00  1.361520E+01  2.411858E+01  4.034925E+01  5.895287E+01
  7.475585E+01  8.576669E+01  9.238898E+01  9.605628E+01  2.956642E+00  2.955060E+00  3.008244E+00  3.044530E+00  3.129880E+00  3.312791E+00
  3.673355E+00  4.426483E+00  6.016175E+00  9.162126E+00  1.544592E+01  2.672836E+01  4.304637E+01  6.093668E+01  7.597669E+01  8.645568E+01
  9.275786E+01  9.624718E+01  3.327514E+00  3.325806E+00  3.388939E+00  3.438847E+00  3.554812E+00  3.774727E+00  4.243225E+00  5.199222E+00
  7.166736E+00  1.109923E+01  1.850585E+01  3.072602E+01  4.686526E+01  6.365966E+01  7.765050E+01  8.740035E+01  9.326289E+01  9.650857E+01
  3.944196E+00  3.943492E+00  4.034545E+00  4.101040E+00  4.255131E+00  4.579324E+00  5.234185E+00  6.562175E+00  9.264381E+00  1.434012E+01
  2.329920E+01  3.636225E+01  5.176339E+01  6.707341E+01  7.974588E+01  8.858256E+01  9.389419E+01  9.683569E+01  5.009117E+00  5.008533E+00
  5.154343E+00  5.273766E+00  5.525611E+00  6.046202E+00  7.074782E+00  9.139503E+00  1.310784E+01  2.008789E+01  3.069066E+01  4.379777E+01
  5.767529E+01  7.113161E+01  8.223653E+01  8.998785E+01  9.464596E+01  9.722488E+01  7.157717E+00  7.153674E+00  7.422094E+00  7.653960E+00
  8.139997E+00  9.132236E+00  1.102069E+01  1.458827E+01  2.082849E+01  3.009686E+01  4.139316E+01  5.292364E+01  6.454900E+01  7.582523E+01
  8.511997E+01  9.161423E+01  9.551412E+01  9.767484E+01  1.315197E+01  1.314167E+01  1.377869E+01  1.437796E+01  1.553580E+01  1.776918E+01
  2.184892E+01  2.837891E+01  3.726334E+01  4.646495E+01  5.494769E+01  6.345863E+01  7.238785E+01  8.117814E+01  8.840930E+01  9.346995E+01
  9.650553E+01  9.818830E+01  4.953120E+01  4.950521E+01  5.033134E+01  5.082019E+01  5.147847E+01  5.260157E+01  5.412041E+01  5.611275E+01
  5.888189E+01  6.245638E+01  6.706381E+01  7.279067E+01  7.921983E+01  8.580010E+01  9.125690E+01  9.507227E+01  9.736886E+01  9.863554E+01
  2.572196E+00  2.564005E+00  2.604665E+00  2.635354E+00  2.697129E+00  2.817068E+00  3.086280E+00  3.614909E+00  4.712581E+00  6.895524E+00
  1.167463E+01  2.094699E+01  3.643533E+01  5.560834E+01  7.245818E+01  8.435621E+01  9.160751E+01  9.564970E+01  2.611934E+00  2.604260E+00
  2.647218E+00  2.676792E+00  2.734886E+00  2.861603E+00  3.135798E+00  3.687290E+00  4.812889E+00  7.047932E+00  1.196543E+01  2.141156E+01
  3.697230E+01  5.601848E+01  7.271854E+01  8.450336E+01  9.168425E+01  9.568877E+01  2.730619E+00  2.723758E+00  2.770723E+00  2.804799E+00
  2.867831E+00  3.004389E+00  3.302593E+00  3.899577E+00  5.139190E+00  7.597610E+00  1.290876E+01  2.284231E+01  3.860103E+01  5.727371E+01
  7.349948E+01  8.494702E+01  9.192263E+01  9.581220E+01  2.956642E+00  2.948354E+00  2.999402E+00  3.040311E+00  3.114350E+00  3.273640E+00
  3.618910E+00  4.323554E+00  5.758530E+00  8.657056E+00  1.469461E+01  2.544233E+01  4.136423E+01  5.933479E+01  7.478175E+01  8.567522E+01
  9.231541E+01  9.601555E+01  3.327514E+00  3.319268E+00  3.381954E+00  3.433924E+00  3.535605E+00  3.737412E+00  4.173389E+00  5.069532E+00
  6.902486E+00  1.051406E+01  1.766237E+01  2.943636E+01  4.526729E+01  6.216984E+01  7.653957E+01  8.667380E+01  9.285009E+01  9.629353E+01
  3.944196E+00  3.934284E+00  4.022950E+00  4.093610E+00  4.235657E+00  4.529618E+00  5.154369E+00  6.403411E+00  8.914926E+00  1.369734E+01
  2.242013E+01  3.512308E+01  5.029133E+01  6.571663E+01  7.874146E+01  8.792371E+01  9.351981E+01  9.664143E+01  5.009117E+00  4.989453E+00
  5.140027E+00  5.263160E+00  5.502583E+00  5.978616E+00  6.967117E+00  8.919649E+00  1.271021E+01  1.933197E+01  2.977886E+01  4.267844E+01
  5.639324E+01  6.994682E+01  8.136247E+01  8.941370E+01  9.431924E+01  9.705576E+01  7.157717E+00  7.131142E+00  7.398163E+00  7.636819E+00
  8.101433E+00  9.036441E+00  1.086573E+01  1.432065E+01  2.029812E+01  2.931181E+01  4.055151E+01  5.201047E+01  6.348168E+01  7.484573E+01
  8.439666E+01  9.113674E+01  9.524313E+01  9.753510E+01  1.315197E+01  1.311303E+01  1.374405E+01  1.434107E+01  1.547033E+01  1.763271E+01
  2.160368E+01  2.799623E+01  3.668624E+01  4.581066E+01  5.435530E+01  6.278977E+01  7.157981E+01  8.043503E+01  8.785442E+01  9.310226E+01
  9.629671E+01  9.808141E+01  4.953120E+01  4.933292E+01  5.024142E+01  5.076351E+01  5.150022E+01  5.258199E+01  5.405167E+01  5.591827E+01
  5.861170E+01  6.202570E+01  6.655891E+01  7.224300E+01  7.862125E+01  8.525672E+01  9.081845E+01  9.479790E+01  9.720013E+01  9.854987E+01
  2.572196E+00  2.572091E+00  2.603018E+00  2.629162E+00  2.691798E+00  2.806957E+00  3.046000E+00  3.546946E+00  4.618403E+00  6.631382E+00
  1.120801E+01  2.015536E+01  3.530676E+01  5.443166E+01  7.156159E+01  8.379234E+01  9.126968E+01  9.546362E+01  2.611934E+00  2.612169E+00
  2.646078E+00  2.669819E+00  2.726797E+00  2.853533E+00  3.096781E+00  3.609190E+00  4.725689E+00  6.811390E+00  1.150245E+01  2.050797E+01
  3.585043E+01  5.485569E+01  7.182914E+01  8.394576E+01  9.135046E+01  9.550454E+01  2.730619E+00  2.732199E+00  2.769157E+00  2.796099E+00
  2.860171E+00  2.992543E+00  3.264290E+00  3.821269E+00  5.006412E+00  7.354918E+00  1.241013E+01  2.201191E+01  3.750041E+01  5.614287E+01
  7.263560E+01  8.440463E+01  9.159846E+01  9.563336E+01  2.956642E+00  2.955355E+00  2.997950E+00  3.030826E+00  3.102944E+00  3.254925E+00
  3.571859E+00  4.227235E+00  5.651658E+00  8.347253E+00  1.417451E+01  2.444298E+01  4.029080E+01  5.825445E+01  7.395913E+01  8.516137E+01
  9.200496E+01  9.584474E+01  3.327514E+00  3.327351E+00  3.379714E+00  3.421460E+00  3.520374E+00  3.717210E+00  4.117874E+00  4.967512E+00
  6.785611E+00  1.022221E+01  1.709512E+01  2.861463E+01  4.425287E+01  6.116084E+01  7.577419E+01  8.619635E+01  9.256203E+01  9.613426E+01
  3.944196E+00  3.942904E+00  4.022976E+00  4.082938E+00  4.218091E+00  4.505204E+00  5.087121E+00  6.269987E+00  8.732553E+00  1.334453E+01
  2.181780E+01  3.432233E+01  4.936802E+01  6.480872E+01  7.804996E+01  8.749477E+01  9.326064E+01  9.649718E+01  5.009117E+00  5.002196E+00
  5.135720E+00  5.246731E+00  5.473596E+00  5.943451E+00  6.889968E+00  8.773976E+00  1.247725E+01  1.891930E+01  2.918483E+01  4.200516E+01
  5.559249E+01  6.915150E+01  8.076079E+01  8.904082E+01  9.409293E+01  9.692982E+01  7.157717E+00  7.152702E+00  7.401814E+00  7.615100E+00
  8.063600E+00  8.981487E+00  1.074532E+01  1.410842E+01  1.996865E+01  2.882771E+01  4.001549E+01  5.156350E+01  6.282681E+01  7.418781E+01
  8.389738E+01  9.083086E+01  9.505538E+01  9.743008E+01  1.315197E+01  1.314954E+01  1.375487E+01  1.430217E+01  1.541568E+01  1.754924E+01
  2.138132E+01  2.768003E+01  3.639860E+01  4.545266E+01  5.401587E+01  6.242081E+01  7.109267E+01  7.992418E+01  8.748156E+01  9.287197E+01
  9.615388E+01  9.800058E+01  4.953120E+01  4.943892E+01  5.030998E+01  5.071871E+01  5.131120E+01  5.249989E+01  5.396642E+01  5.576369E+01
  5.857163E+01  6.179547E+01  6.637632E+01  7.183401E+01  7.819878E+01  8.485595E+01  9.051491E+01  9.462218E+01  9.709509E+01  9.848969E+01
  2.572196E+00  2.572213E+00  2.599272E+00  2.622340E+00  2.686762E+00  2.797841E+00  3.040496E+00  3.520190E+00  4.533033E+00  6.510340E+00
  1.080708E+01  1.962394E+01  3.460101E+01  5.369302E+01  7.100656E+01  8.339903E+01  9.105292E+01  9.535505E+01  2.611934E+00  2.611776E+00
  2.642755E+00  2.663201E+00  2.722563E+00  2.842888E+00  3.097531E+00  3.580868E+00  4.627534E+00  6.681224E+00  1.110111E+01  2.001102E+01
  3.514373E+01  5.415060E+01  7.127954E+01  8.355569E+01  9.113551E+01  9.539636E+01  2.730619E+00  2.733047E+00  2.766231E+00  2.789012E+00
  2.855682E+00  2.982416E+00  3.255362E+00  3.789844E+00  4.936336E+00  7.212979E+00  1.199976E+01  2.141413E+01  3.681272E+01  5.544058E+01
  7.210349E+01  8.402553E+01  9.138781E+01  9.552846E+01  2.956642E+00  2.955355E+00  2.994229E+00  3.022357E+00  3.099918E+00  3.243788E+00
  3.565951E+00  4.194271E+00  5.538638E+00  8.209595E+00  1.372754E+01  2.403084E+01  3.962677E+01  5.756319E+01  7.345307E+01  8.479776E+01
  9.180438E+01  9.574496E+01  3.327514E+00  3.328881E+00  3.374680E+00  3.414370E+00  3.515905E+00  3.700680E+00  4.110054E+00  4.915684E+00
  6.627982E+00  1.001486E+01  1.663554E+01  2.797146E+01  4.362642E+01  6.054807E+01  7.530773E+01  8.585694E+01  9.237560E+01  9.604171E+01
  3.944196E+00  3.943556E+00  4.016738E+00  4.069277E+00  4.214510E+00  4.486610E+00  5.064701E+00  6.223616E+00  8.607635E+00  1.312438E+01
  2.134274E+01  3.371306E+01  4.879079E+01  6.425642E+01  7.762609E+01  8.718523E+01  9.309113E+01  9.641373E+01  5.009117E+00  5.005550E+00
  5.127995E+00  5.236568E+00  5.472649E+00  5.918601E+00  6.871913E+00  8.698216E+00  1.232583E+01  1.867995E+01  2.865051E+01  4.152456E+01
  5.508931E+01  6.867025E+01  8.039170E+01  8.876862E+01  9.394469E+01  9.685831E+01  7.157717E+00  7.156219E+00  7.389232E+00  7.599327E+00
  8.054228E+00  8.948832E+00  1.072852E+01  1.401355E+01  1.983033E+01  2.855776E+01  3.954355E+01  5.091048E+01  6.241651E+01  7.379282E+01
  8.359658E+01  9.060074E+01  9.493182E+01  9.737148E+01  1.315197E+01  1.315447E+01  1.372776E+01  1.426196E+01  1.538579E+01  1.748565E+01
  2.132865E+01  2.752698E+01  3.611680E+01  4.523924E+01  5.365718E+01  6.209312E+01  7.079377E+01  7.962931E+01  8.724761E+01  9.269285E+01
  9.605805E+01  9.795679E+01  4.953120E+01  4.952806E+01  5.022930E+01  5.066150E+01  5.140574E+01  5.245134E+01  5.399873E+01  5.574668E+01
  5.843457E+01  6.170110E+01  6.602941E+01  7.158165E+01  7.795149E+01  8.460403E+01  9.033733E+01  9.447089E+01  9.702180E+01  9.845668E+01
  2.572196E+00  2.569767E+00  2.598525E+00  2.621993E+00  2.684369E+00  2.790447E+00  3.008835E+00  3.493274E+00  4.449532E+00  6.454211E+00
  1.060666E+01  1.911241E+01  3.404863E+01  5.316261E+01  7.056684E+01  8.312713E+01  9.088809E+01  9.525854E+01  2.611934E+00  2.608179E+00
  2.641273E+00  2.662290E+00  2.721969E+00  2.833084E+00  3.057497E+00  3.554050E+00  4.542470E+00  6.593564E+00  1.090079E+01  1.957685E+01
  3.460532E+01  5.360119E+01  7.084486E+01  8.328523E+01  9.097117E+01  9.530070E+01  2.730619E+00  2.728444E+00  2.765277E+00  2.787985E+00
  2.855965E+00  2.967535E+00  3.216833E+00  3.764613E+00  4.835371E+00  7.119568E+00  1.177432E+01  2.100301E+01  3.627337E+01  5.491776E+01
  7.167924E+01  8.376308E+01  9.123103E+01  9.543605E+01  2.956642E+00  2.953056E+00  2.993040E+00  3.022281E+00  3.093571E+00  3.234006E+00
  3.520714E+00  4.157753E+00  5.454532E+00  8.102984E+00  1.349653E+01  2.357069E+01  3.910277E+01  5.708889E+01  7.304760E+01  8.454926E+01
  9.165382E+01  9.565585E+01  3.327514E+00  3.326336E+00  3.375520E+00  3.413589E+00  3.512244E+00  3.689124E+00  4.058358E+00  4.875427E+00
  6.508819E+00  9.892037E+00  1.637762E+01  2.756102E+01  4.311887E+01  6.007233E+01  7.492725E+01  8.562566E+01  9.223608E+01  9.595882E+01
  3.944196E+00  3.938137E+00  4.014912E+00  4.070341E+00  4.210437E+00  4.474455E+00  5.013919E+00  6.167636E+00  8.462415E+00  1.298092E+01
  2.105663E+01  3.325887E+01  4.833847E+01  6.382008E+01  7.728291E+01  8.697500E+01  9.296550E+01  9.633736E+01  5.009117E+00  5.001142E+00
  5.127640E+00  5.231047E+00  5.464723E+00  5.899702E+00  6.787680E+00  8.632613E+00  1.213748E+01  1.850367E+01  2.840340E+01  4.096768E+01
  5.469526E+01  6.829323E+01  8.009206E+01  8.858615E+01  9.383379E+01  9.679064E+01  7.157717E+00  7.144225E+00  7.385352E+00  7.592423E+00
  8.045105E+00  8.921682E+00  1.061018E+01  1.393298E+01  1.965730E+01  2.844517E+01  3.930616E+01  5.058743E+01  6.209547E+01  7.347847E+01
  8.334660E+01  9.045090E+01  9.483913E+01  9.731433E+01  1.315197E+01  1.313348E+01  1.372211E+01  1.425077E+01  1.537342E+01  1.744099E+01
  2.118411E+01  2.739541E+01  3.591748E+01  4.510191E+01  5.348789E+01  6.180247E+01  7.054433E+01  7.938667E+01  8.705775E+01  9.257556E+01
  9.598525E+01  9.791196E+01  4.953120E+01  4.944771E+01  5.021533E+01  5.066978E+01  5.136125E+01  5.240787E+01  5.382970E+01  5.568754E+01
  5.827684E+01  6.172177E+01  6.593700E+01  7.137962E+01  7.777432E+01  8.441712E+01  9.022407E+01  9.439167E+01  9.696589E+01  9.842271E+01
  2.572196E+00  2.571773E+00  2.594105E+00  2.629102E+00  2.690579E+00  2.801188E+00  2.994481E+00  3.466781E+00  4.414397E+00  6.388588E+00
  1.044101E+01  1.886510E+01  3.363260E+01  5.269188E+01  7.020371E+01  8.288984E+01  9.074474E+01  9.518219E+01  2.611934E+00  2.610917E+00
  2.636168E+00  2.668787E+00  2.730302E+00  2.843237E+00  3.048946E+00  3.532739E+00  4.506436E+00  6.524126E+00  1.071052E+01  1.933562E+01
  3.418289E+01  5.313452E+01  7.048324E+01  8.305119E+01  9.083046E+01  9.522579E+01  2.730619E+00  2.731230E+00  2.759914E+00  2.796576E+00
  2.863427E+00  2.982063E+00  3.202549E+00  3.741484E+00  4.796945E+00  7.029181E+00  1.159834E+01  2.074953E+01  3.586093E+01  5.446674E+01
  7.132857E+01  8.353672E+01  9.109258E+01  9.536195E+01  2.956642E+00  2.957099E+00  2.986594E+00  3.029841E+00  3.105696E+00  3.243484E+00
  3.513224E+00  4.124718E+00  5.386830E+00  8.027164E+00  1.328396E+01  2.329015E+01  3.870118E+01  5.665742E+01  7.271533E+01  8.433331E+01
  9.152341E+01  9.558559E+01  3.327514E+00  3.330125E+00  3.368593E+00  3.419623E+00  3.519338E+00  3.699383E+00  4.048525E+00  4.834842E+00
  6.454931E+00  9.752358E+00  1.615439E+01  2.727434E+01  4.274524E+01  5.967097E+01  7.461913E+01  8.542569E+01  9.211356E+01  9.589520E+01
  3.944196E+00  3.942591E+00  4.008596E+00  4.079120E+00  4.214433E+00  4.484345E+00  4.994818E+00  6.122558E+00  8.399998E+00  1.284675E+01
  2.079291E+01  3.299205E+01  4.798753E+01  6.346055E+01  7.700528E+01  8.679655E+01  9.285474E+01  9.628004E+01  5.009117E+00  5.006865E+00
  5.116307E+00  5.242211E+00  5.473107E+00  5.915948E+00  6.773055E+00  8.578448E+00  1.207104E+01  1.841466E+01  2.813021E+01  4.072715E+01
  5.438493E+01  6.797678E+01  7.985095E+01  8.843426E+01  9.373858E+01  9.673942E+01  7.157717E+00  7.156731E+00  7.370440E+00  7.603519E+00
  8.054451E+00  8.936950E+00  1.059084E+01  1.386110E+01  1.953552E+01  2.829844E+01  3.906244E+01  5.040528E+01  6.184811E+01  7.321766E+01
  8.314746E+01  9.032674E+01  9.476158E+01  9.727308E+01  1.315197E+01  1.313970E+01  1.370674E+01  1.426964E+01  1.537108E+01  1.745317E+01
  2.110975E+01  2.729656E+01  3.579649E+01  4.501660E+01  5.333450E+01  6.155167E+01  7.035636E+01  7.919321E+01  8.691002E+01  9.248548E+01
  9.592703E+01  9.787913E+01  4.953120E+01  4.950052E+01  5.018475E+01  5.068124E+01  5.145248E+01  5.249846E+01  5.375365E+01  5.561009E+01
  5.824630E+01  6.167149E+01  6.584856E+01  7.126117E+01  7.763248E+01  8.423422E+01  9.010058E+01  9.432744E+01  9.692620E+01  9.839423E+01
  2.572196E+00  2.574543E+00  2.600970E+00  2.632059E+00  2.671367E+00  2.781824E+00  3.005554E+00  3.467047E+00  4.368658E+00  6.306120E+00
  1.026496E+01  1.861508E+01  3.329562E+01  5.228791E+01  6.990705E+01  8.269046E+01  9.064068E+01  9.511662E+01  2.611934E+00  2.615633E+00
  2.644437E+00  2.670131E+00  2.709425E+00  2.825132E+00  3.054443E+00  3.525296E+00  4.455256E+00  6.447124E+00  1.052164E+01  1.906421E+01
  3.385042E+01  5.274424E+01  7.019064E+01  8.285303E+01  9.072736E+01  9.516045E+01  2.730619E+00  2.734517E+00  2.767734E+00  2.796513E+00
  2.845252E+00  2.958298E+00  3.209200E+00  3.732241E+00  4.750247E+00  6.950209E+00  1.139360E+01  2.049492E+01  3.553340E+01  5.407255E+01
  7.104260E+01  8.334258E+01  9.099296E+01  9.529908E+01  2.956642E+00  2.960955E+00  2.994818E+00  3.032014E+00  3.080780E+00  3.224020E+00
  3.515801E+00  4.118544E+00  5.323760E+00  7.928744E+00  1.306569E+01  2.304538E+01  3.837578E+01  5.629022E+01  7.244489E+01  8.415042E+01
  9.142825E+01  9.552619E+01  3.327514E+00  3.328123E+00  3.375313E+00  3.422458E+00  3.498306E+00  3.677438E+00  4.050622E+00  4.830588E+00
  6.379478E+00  9.669412E+00  1.595404E+01  2.701429E+01  4.242481E+01  5.932366E+01  7.436713E+01  8.525436E+01  9.202611E+01  9.583729E+01
  3.944196E+00  3.948581E+00  4.016350E+00  4.080377E+00  4.194167E+00  4.456882E+00  4.993725E+00  6.118849E+00  8.328391E+00  1.274287E+01
  2.059255E+01  3.274812E+01  4.771021E+01  6.313903E+01  7.676662E+01  8.664082E+01  9.277531E+01  9.622803E+01  5.009117E+00  5.009067E+00
  5.128489E+00  5.240236E+00  5.442296E+00  5.880412E+00  6.768113E+00  8.570566E+00  1.198280E+01  1.825163E+01  2.792113E+01  4.047669E+01
  5.414558E+01  6.769858E+01  7.964765E+01  8.829565E+01  9.366904E+01  9.669467E+01  7.157717E+00  7.160548E+00  7.377448E+00  7.609747E+00
  8.021472E+00  8.887016E+00  1.059756E+01  1.384076E+01  1.943546E+01  2.813722E+01  3.887199E+01  5.022196E+01  6.164428E+01  7.297524E+01
  8.298154E+01  9.021043E+01  9.470455E+01  9.723503E+01  1.315197E+01  1.317289E+01  1.371664E+01  1.426756E+01  1.531223E+01  1.736592E+01
  2.110188E+01  2.727495E+01  3.565974E+01  4.488048E+01  5.316042E+01  6.142325E+01  7.021062E+01  7.900020E+01  8.677479E+01  9.239614E+01
  9.588457E+01  9.785186E+01  4.953120E+01  4.963476E+01  5.023024E+01  5.068983E+01  5.136072E+01  5.236140E+01  5.382264E+01  5.568876E+01
  5.815730E+01  6.154442E+01  6.571230E+01  7.118927E+01  7.757252E+01  8.409702E+01  8.998302E+01  9.425762E+01  9.689297E+01  9.837625E+01
  2.572196E+00  2.572751E+00  2.598876E+00  2.619878E+00  2.673448E+00  2.784939E+00  2.990310E+00  3.452539E+00  4.374024E+00  6.238285E+00
  1.019947E+01  1.840785E+01  3.303324E+01  5.199180E+01  6.963843E+01  8.251788E+01  9.054817E+01  9.506703E+01  2.611934E+00  2.611347E+00
  2.642348E+00  2.657759E+00  2.712685E+00  2.825382E+00  3.039927E+00  3.507775E+00  4.454019E+00  6.389372E+00  1.043595E+01  1.885493E+01
  3.358680E+01  5.244186E+01  6.993533E+01  8.268037E+01  9.063600E+01  9.511149E+01  2.730619E+00  2.730811E+00  2.765805E+00  2.784907E+00
  2.843697E+00  2.961299E+00  3.194378E+00  3.711223E+00  4.744570E+00  6.873786E+00  1.130572E+01  2.026953E+01  3.526693E+01  5.378868E+01
  7.079192E+01  8.317706E+01  9.090458E+01  9.525060E+01  2.956642E+00  2.953807E+00  2.991531E+00  3.017263E+00  3.085475E+00  3.224767E+00
  3.502136E+00  4.093890E+00  5.317037E+00  7.833200E+00  1.299515E+01  2.281271E+01  3.812329E+01  5.601220E+01  7.219714E+01  8.398874E+01
  9.134404E+01  9.548102E+01  3.327514E+00  3.326306E+00  3.374115E+00  3.408873E+00  3.500165E+00  3.677040E+00  4.032565E+00  4.799157E+00
  6.375379E+00  9.572229E+00  1.584553E+01  2.679794E+01  4.219457E+01  5.906606E+01  7.413648E+01  8.510607E+01  9.194710E+01  9.579587E+01
  3.944196E+00  3.946231E+00  4.011068E+00  4.068013E+00  4.196662E+00  4.453651E+00  4.973831E+00  6.077238E+00  8.301534E+00  1.263774E+01
  2.048803E+01  3.252169E+01  4.749313E+01  6.291079E+01  7.656631E+01  8.650230E+01  9.270434E+01  9.619088E+01  5.009117E+00  5.005091E+00
  5.125514E+00  5.229464E+00  5.441135E+00  5.880363E+00  6.746698E+00  8.522642E+00  1.194316E+01  1.811994E+01  2.780436E+01  4.030780E+01
  5.396443E+01  6.749802E+01  7.946519E+01  8.817412E+01  9.360795E+01  9.666251E+01  7.157717E+00  7.159593E+00  7.378078E+00  7.587907E+00
  8.023818E+00  8.889468E+00  1.056169E+01  1.379098E+01  1.938745E+01  2.800438E+01  3.876514E+01  5.002175E+01  6.150691E+01  7.281994E+01
  8.282361E+01  9.010710E+01  9.465522E+01  9.720798E+01  1.315197E+01  1.315967E+01  1.370883E+01  1.424339E+01  1.532373E+01  1.735698E+01
  2.106154E+01  2.720005E+01  3.562407E+01  4.476163E+01  5.313328E+01  6.133208E+01  7.010924E+01  7.888809E+01  8.665280E+01  9.231313E+01
  9.584863E+01  9.783156E+01  4.953120E+01  4.950256E+01  5.021694E+01  5.058295E+01  5.136800E+01  5.240395E+01  5.374798E+01  5.562838E+01
  5.821809E+01  6.147222E+01  6.572904E+01  7.113309E+01  7.748068E+01  8.400262E+01  8.989719E+01  9.418848E+01  9.685916E+01  9.835838E+01
  2.572196E+00  2.572291E+00  2.609961E+00  2.627912E+00  2.671969E+00  2.779848E+00  2.982696E+00  3.432829E+00  4.338696E+00  6.179029E+00
  1.010209E+01  1.830126E+01  3.280209E+01  5.175851E+01  6.946928E+01  8.241883E+01  9.047841E+01  9.503548E+01  2.611934E+00  2.615263E+00
  2.652735E+00  2.669069E+00  2.710064E+00  2.819163E+00  3.032521E+00  3.493195E+00  4.422660E+00  6.325267E+00  1.040134E+01  1.874908E+01
  3.333509E+01  5.221088E+01  6.975945E+01  8.258371E+01  9.056630E+01  9.508019E+01  2.730619E+00  2.735801E+00  2.776264E+00  2.795128E+00
  2.845412E+00  2.957079E+00  3.184266E+00  3.692436E+00  4.712512E+00  6.806477E+00  1.124464E+01  2.014682E+01  3.504995E+01  5.356879E+01
  7.062413E+01  8.308413E+01  9.083716E+01  9.522130E+01  2.956642E+00  2.960541E+00  3.003548E+00  3.026801E+00  3.084720E+00  3.218897E+00
  3.490300E+00  4.076253E+00  5.286228E+00  7.758593E+00  1.291378E+01  2.270173E+01  3.789889E+01  5.579872E+01  7.204385E+01  8.390237E+01
  9.127995E+01  9.545229E+01  3.327514E+00  3.330961E+00  3.382202E+00  3.416832E+00  3.497203E+00  3.667248E+00  4.021768E+00  4.778370E+00
  6.336545E+00  9.493876E+00  1.575673E+01  2.666956E+01  4.199039E+01  5.887509E+01  7.399317E+01  8.502347E+01  9.188805E+01  9.577010E+01
  3.944196E+00  3.946118E+00  4.020929E+00  4.073665E+00  4.190802E+00  4.445033E+00  4.958218E+00  6.051591E+00  8.256903E+00  1.254081E+01
  2.042335E+01  3.240595E+01  4.730141E+01  6.273799E+01  7.643499E+01  8.643259E+01  9.265154E+01  9.616770E+01  5.009117E+00  5.011917E+00
  5.124462E+00  5.237776E+00  5.439150E+00  5.866886E+00  6.727875E+00  8.488939E+00  1.190656E+01  1.802117E+01  2.773162E+01  4.018829E+01
  5.379221E+01  6.734436E+01  7.935416E+01  8.811555E+01  9.356112E+01  9.664293E+01  7.157717E+00  7.158514E+00  7.378707E+00  7.595383E+00
  8.011436E+00  8.866848E+00  1.053373E+01  1.373561E+01  1.933960E+01  2.790190E+01  3.874295E+01  4.993777E+01  6.135457E+01  7.269276E+01
  8.273530E+01  9.006497E+01  9.461797E+01  9.719421E+01  1.315197E+01  1.315656E+01  1.369695E+01  1.423732E+01  1.530178E+01  1.733857E+01
  2.101257E+01  2.714391E+01  3.556477E+01  4.469250E+01  5.307672E+01  6.126466E+01  6.998762E+01  7.879704E+01  8.658824E+01  9.228677E+01
  9.582030E+01  9.782113E+01  4.953120E+01  4.958102E+01  5.009033E+01  5.066275E+01  5.137612E+01  5.233801E+01  5.373401E+01  5.562024E+01
  5.815401E+01  6.148812E+01  6.569753E+01  7.108712E+01  7.736504E+01  8.390909E+01  8.985111E+01  9.416492E+01  9.683894E+01  9.835017E+01
  2.572196E+00  2.576190E+00  2.595639E+00  2.619922E+00  2.674977E+00  2.773725E+00  2.988253E+00  3.424973E+00  4.340442E+00  6.140104E+00
  1.001645E+01  1.811040E+01  3.257959E+01  5.156818E+01  6.930899E+01  8.229498E+01  9.039684E+01  9.499529E+01  2.611934E+00  2.617925E+00
  2.639099E+00  2.660943E+00  2.713936E+00  2.813076E+00  3.033798E+00  3.477874E+00  4.419816E+00  6.294917E+00  1.025958E+01  1.856843E+01
  3.313817E+01  5.202341E+01  6.959673E+01  8.246362E+01  9.048589E+01  9.504105E+01  2.730619E+00  2.737431E+00  2.761759E+00  2.785565E+00
  2.844016E+00  2.951984E+00  3.195150E+00  3.677201E+00  4.711610E+00  6.765079E+00  1.115886E+01  1.997462E+01  3.483184E+01  5.338372E+01
  7.046714E+01  8.296326E+01  9.075824E+01  9.518272E+01  2.956642E+00  2.964910E+00  2.989381E+00  3.019973E+00  3.085804E+00  3.214053E+00
  3.492649E+00  4.065652E+00  5.288196E+00  7.715347E+00  1.280624E+01  2.250905E+01  3.768290E+01  5.562400E+01  7.189191E+01  8.378706E+01
  9.120454E+01  9.541547E+01  3.327514E+00  3.335176E+00  3.369966E+00  3.409329E+00  3.497600E+00  3.661326E+00  4.029936E+00  4.773642E+00
  6.337120E+00  9.442187E+00  1.564622E+01  2.649477E+01  4.177441E+01  5.870660E+01  7.385043E+01  8.491715E+01  9.181524E+01  9.573483E+01
  3.944196E+00  3.951947E+00  4.009768E+00  4.066389E+00  4.195102E+00  4.441391E+00  4.972218E+00  6.033829E+00  8.241504E+00  1.247753E+01
  2.027989E+01  3.225561E+01  4.709956E+01  6.258396E+01  7.630878E+01  8.633401E+01  9.258352E+01  9.613535E+01  5.009117E+00  5.018727E+00
  5.120959E+00  5.229280E+00  5.439826E+00  5.860032E+00  6.738506E+00  8.502517E+00  1.189355E+01  1.795079E+01  2.764960E+01  4.005070E+01
  5.360448E+01  6.721344E+01  7.924066E+01  8.802732E+01  9.350294E+01  9.661418E+01  7.157717E+00  7.167428E+00  7.371388E+00  7.577068E+00
  8.017821E+00  8.863418E+00  1.054363E+01  1.373299E+01  1.933287E+01  2.783195E+01  3.858477E+01  4.983350E+01  6.119001E+01  7.258752E+01
  8.264491E+01  8.998877E+01  9.456610E+01  9.716987E+01  1.315197E+01  1.316983E+01  1.371100E+01  1.422199E+01  1.530565E+01  1.734796E+01
  2.104262E+01  2.714588E+01  3.555352E+01  4.463073E+01  5.289513E+01  6.119667E+01  6.985634E+01  7.871133E+01  8.651949E+01  9.222468E+01
  9.577918E+01  9.780167E+01  4.953120E+01  4.961045E+01  5.021267E+01  5.063483E+01  5.144065E+01  5.229895E+01  5.378444E+01  5.567669E+01
  5.811760E+01  6.142857E+01  6.555340E+01  7.101997E+01  7.726051E+01  8.387218E+01  8.982279E+01  9.412553E+01  9.680711E+01  9.833778E+01
  2.572196E+00  2.575345E+00  2.585710E+00  2.619931E+00  2.674761E+00  2.785098E+00  2.998967E+00  3.405714E+00  4.295200E+00  6.130372E+00
  9.970225E+00  1.802053E+01  3.245389E+01  5.142397E+01  6.921916E+01  8.219812E+01  9.033734E+01  9.496927E+01  2.611934E+00  2.615339E+00
  2.629054E+00  2.661256E+00  2.713612E+00  2.823951E+00  3.043935E+00  3.448764E+00  4.374465E+00  6.246775E+00  1.022117E+01  1.848773E+01
  3.301673E+01  5.188276E+01  6.950944E+01  8.236645E+01  9.043388E+01  9.501463E+01  2.730619E+00  2.733299E+00  2.753044E+00  2.787643E+00
  2.844014E+00  2.961625E+00  3.204930E+00  3.661697E+00  4.657569E+00  6.738954E+00  1.109032E+01  1.987934E+01  3.470046E+01  5.324740E+01
  7.038113E+01  8.287088E+01  9.070197E+01  9.515910E+01  2.956642E+00  2.959256E+00  2.977778E+00  3.017890E+00  3.085055E+00  3.220349E+00
  3.519504E+00  4.046039E+00  5.254463E+00  7.712361E+00  1.273376E+01  2.241550E+01  3.757349E+01  5.549481E+01  7.181497E+01  8.369749E+01
  9.115115E+01  9.539262E+01  3.327514E+00  3.330339E+00  3.360386E+00  3.407325E+00  3.497086E+00  3.673091E+00  4.060483E+00  4.746353E+00
  6.290532E+00  9.425254E+00  1.559538E+01  2.638989E+01  4.166804E+01  5.858555E+01  7.378189E+01  8.483241E+01  9.176435E+01  9.571297E+01
  3.944196E+00  3.949443E+00  3.995091E+00  4.067916E+00  4.193120E+00  4.449668E+00  4.978613E+00  6.011196E+00  8.216505E+00  1.246709E+01
  2.018412E+01  3.214177E+01  4.701562E+01  6.247494E+01  7.624580E+01  8.625594E+01  9.253973E+01  9.611734E+01  5.009117E+00  5.011114E+00
  5.104831E+00  5.226867E+00  5.438137E+00  5.873793E+00  6.742139E+00  8.441494E+00  1.184816E+01  1.796633E+01  2.750536E+01  3.994613E+01
  5.352488E+01  6.711850E+01  7.919299E+01  8.795812E+01  9.345818E+01  9.659766E+01  7.157717E+00  7.166035E+00  7.349418E+00  7.587535E+00
  8.015154E+00  8.875923E+00  1.057279E+01  1.368543E+01  1.925845E+01  2.781564E+01  3.850519E+01  4.971747E+01  6.113219E+01  7.251006E+01
  8.260830E+01  8.992735E+01  9.453098E+01  9.715575E+01  1.315197E+01  1.317008E+01  1.366179E+01  1.423439E+01  1.529935E+01  1.734958E+01
  2.107227E+01  2.704077E+01  3.556281E+01  4.464920E+01  5.290660E+01  6.109858E+01  6.982025E+01  7.865459E+01  8.649737E+01  9.217638E+01
  9.574467E+01  9.779196E+01  4.953120E+01  4.959186E+01  5.006453E+01  5.058327E+01  5.140059E+01  5.244896E+01  5.373229E+01  5.561297E+01
  5.813906E+01  6.141211E+01  6.569210E+01  7.089562E+01  7.728709E+01  8.379292E+01  8.978291E+01  9.408498E+01  9.677779E+01  9.832686E+01
  2.572196E+00  2.568185E+00  2.596358E+00  2.620750E+00  2.673446E+00  2.773682E+00  2.972016E+00  3.395972E+00  4.303465E+00  6.043146E+00
  9.928219E+00  1.793196E+01  3.232940E+01  5.127060E+01  6.908886E+01  8.211932E+01  9.031428E+01  9.494427E+01  2.611934E+00  2.608241E+00
  2.638191E+00  2.660467E+00  2.713533E+00  2.812928E+00  3.019535E+00  3.454867E+00  4.392691E+00  6.201823E+00  1.019073E+01  1.838473E+01
  3.288732E+01  5.172981E+01  6.938207E+01  8.228699E+01  9.040528E+01  9.499163E+01  2.730619E+00  2.729146E+00  2.760263E+00  2.786070E+00
  2.845581E+00  2.950274E+00  3.173334E+00  3.659836E+00  4.669320E+00  6.677105E+00  1.106022E+01  1.978255E+01  3.457923E+01  5.309529E+01
  7.025619E+01  8.279280E+01  9.067789E+01  9.513428E+01  2.956642E+00  2.954199E+00  2.988965E+00  3.019261E+00  3.085229E+00  3.210934E+00
  3.477350E+00  4.035099E+00  5.236800E+00  7.660265E+00  1.270145E+01  2.232067E+01  3.745609E+01  5.535272E+01  7.169486E+01  8.362392E+01
  9.112894E+01  9.536914E+01  3.327514E+00  3.323853E+00  3.370074E+00  3.408142E+00  3.497544E+00  3.660433E+00  4.003126E+00  4.729387E+00
  6.277716E+00  9.417288E+00  1.557365E+01  2.630050E+01  4.155632E+01  5.845703E+01  7.366895E+01  8.476479E+01  9.174960E+01  9.569279E+01
  3.944196E+00  3.939142E+00  4.007263E+00  4.066856E+00  4.190155E+00  4.435590E+00  4.935727E+00  5.985713E+00  8.193333E+00  1.238606E+01
  2.018887E+01  3.205219E+01  4.690549E+01  6.235065E+01  7.614390E+01  8.619489E+01  9.252402E+01  9.609839E+01  5.009117E+00  5.002935E+00
  5.121613E+00  5.229530E+00  5.438151E+00  5.855630E+00  6.695679E+00  8.415460E+00  1.182673E+01  1.787214E+01  2.745592E+01  3.986927E+01
  5.343188E+01  6.700948E+01  7.910523E+01  8.790411E+01  9.344798E+01  9.658076E+01  7.157717E+00  7.144861E+00  7.368831E+00  7.587820E+00
  8.016037E+00  8.851839E+00  1.049528E+01  1.364676E+01  1.925102E+01  2.774062E+01  3.849098E+01  4.968480E+01  6.106480E+01  7.241954E+01
  8.253407E+01  8.988400E+01  9.452668E+01  9.714204E+01  1.315197E+01  1.313897E+01  1.369911E+01  1.423290E+01  1.529188E+01  1.731611E+01
  2.096226E+01  2.700780E+01  3.546271E+01  4.454067E+01  5.290477E+01  6.107569E+01  6.977379E+01  7.857420E+01  8.643678E+01  9.214178E+01
  9.574615E+01  9.778047E+01  4.953120E+01  4.946257E+01  5.021909E+01  5.063246E+01  5.131768E+01  5.237094E+01  5.375163E+01  5.556044E+01
  5.809172E+01  6.138025E+01  6.560307E+01  7.090564E+01  7.723020E+01  8.370067E+01  8.973384E+01  9.405636E+01  9.677003E+01  9.832133E+01
  2.572196E+00  2.564787E+00  2.593093E+00  2.628101E+00  2.664777E+00  2.770089E+00  2.973284E+00  3.405129E+00  4.263805E+00  6.079755E+00
  9.883144E+00  1.781486E+01  3.218509E+01  5.109128E+01  6.895803E+01  8.203486E+01  9.025957E+01  9.491722E+01  2.611934E+00  2.606002E+00
  2.634946E+00  2.668624E+00  2.705279E+00  2.807782E+00  3.021061E+00  3.465523E+00  4.352165E+00  6.207542E+00  1.013151E+01  1.825523E+01
  3.274975E+01  5.153188E+01  6.925154E+01  8.220815E+01  9.035048E+01  9.496385E+01  2.730619E+00  2.724121E+00  2.759724E+00  2.794141E+00
  2.837670E+00  2.945687E+00  3.173704E+00  3.661889E+00  4.643052E+00  6.682748E+00  1.098715E+01  1.966080E+01  3.444244E+01  5.291555E+01
  7.012974E+01  8.270965E+01  9.062672E+01  9.510769E+01  2.956642E+00  2.950195E+00  2.985933E+00  3.027627E+00  3.076223E+00  3.205208E+00
  3.477184E+00  4.041610E+00  5.213228E+00  7.635626E+00  1.265660E+01  2.219294E+01  3.730353E+01  5.517151E+01  7.157397E+01  8.354825E+01
  9.107948E+01  9.534456E+01  3.327514E+00  3.317938E+00  3.366441E+00  3.416171E+00  3.483358E+00  3.655686E+00  4.004350E+00  4.734582E+00
  6.317800E+00  9.340845E+00  1.548347E+01  2.615375E+01  4.141627E+01  5.827241E+01  7.355642E+01  8.470049E+01  9.170049E+01  9.566866E+01
  3.944196E+00  3.933748E+00  4.005081E+00  4.077214E+00  4.179372E+00  4.428369E+00  4.938555E+00  6.001369E+00  8.161304E+00  1.238647E+01
  2.006347E+01  3.190412E+01  4.678518E+01  6.219526E+01  7.604307E+01  8.613083E+01  9.248077E+01  9.607614E+01  5.009117E+00  4.994906E+00
  5.113981E+00  5.238046E+00  5.423946E+00  5.845615E+00  6.701540E+00  8.429117E+00  1.180432E+01  1.783115E+01  2.738545E+01  3.974973E+01
  5.333707E+01  6.685884E+01  7.901675E+01  8.785146E+01  9.341260E+01  9.656217E+01  7.157717E+00  7.138335E+00  7.363130E+00  7.596178E+00
  7.987249E+00  8.843802E+00  1.049620E+01  1.365292E+01  1.922071E+01  2.771268E+01  3.839571E+01  4.953063E+01  6.099106E+01  7.230087E+01
  8.246021E+01  8.984035E+01  9.449309E+01  9.712691E+01  1.315197E+01  1.311712E+01  1.369484E+01  1.425087E+01  1.526010E+01  1.729320E+01
  2.096059E+01  2.704315E+01  3.540324E+01  4.453109E+01  5.283385E+01  6.096714E+01  6.973734E+01  7.846289E+01  8.638170E+01  9.211013E+01
  9.572583E+01  9.777058E+01  4.953120E+01  4.937965E+01  5.016297E+01  5.067077E+01  5.130912E+01  5.234788E+01  5.375586E+01  5.560246E+01
  5.804702E+01  6.139875E+01  6.557974E+01  7.080509E+01  7.719793E+01  8.362108E+01  8.968925E+01  9.400912E+01  9.676567E+01  9.831262E+01
  2.572196E+00  2.570171E+00  2.585233E+00  2.620882E+00  2.655544E+00  2.770753E+00  2.966623E+00  3.400606E+00  4.264618E+00  6.048893E+00
  9.866997E+00  1.774868E+01  3.204376E+01  5.101200E+01  6.882980E+01  8.197493E+01  9.021330E+01  9.489342E+01  2.611934E+00  2.610018E+00
  2.629923E+00  2.660632E+00  2.695199E+00  2.808056E+00  3.010175E+00  3.460191E+00  4.358415E+00  6.168500E+00  1.010936E+01  1.818778E+01
  3.258834E+01  5.147162E+01  6.912531E+01  8.214472E+01  9.030453E+01  9.494026E+01  2.730619E+00  2.728705E+00  2.752629E+00  2.785577E+00
  2.823581E+00  2.946928E+00  3.163252E+00  3.655978E+00  4.634068E+00  6.630653E+00  1.096003E+01  1.959027E+01  3.429105E+01  5.284597E+01
  7.000575E+01  8.265463E+01  9.058179E+01  9.508488E+01  2.956642E+00  2.954922E+00  2.979615E+00  3.020554E+00  3.071091E+00  3.205647E+00
  3.465361E+00  4.037833E+00  5.190223E+00  7.594167E+00  1.261738E+01  2.212777E+01  3.716838E+01  5.511126E+01  7.145516E+01  8.349386E+01
  9.103607E+01  9.532246E+01  3.327514E+00  3.325220E+00  3.358769E+00  3.406842E+00  3.478354E+00  3.656103E+00  3.987702E+00  4.731358E+00
  6.234086E+00  9.299707E+00  1.544650E+01  2.609395E+01  4.128088E+01  5.822967E+01  7.344702E+01  8.464160E+01  9.165997E+01  9.564831E+01
  3.944196E+00  3.943774E+00  3.996424E+00  4.067522E+00  4.176817E+00  4.429372E+00  4.925222E+00  5.993218E+00  8.125951E+00  1.232746E+01
  2.002909E+01  3.185462E+01  4.666357E+01  6.215377E+01  7.593866E+01  8.608400E+01  9.244309E+01  9.605743E+01  5.009117E+00  5.006454E+00
  5.109499E+00  5.230679E+00  5.419783E+00  5.849161E+00  6.679403E+00  8.419876E+00  1.174760E+01  1.777827E+01  2.735748E+01  3.967183E+01
  5.321647E+01  6.683963E+01  7.891998E+01  8.780804E+01  9.337875E+01  9.654616E+01  7.157717E+00  7.149429E+00  7.354778E+00  7.584996E+00
  7.998981E+00  8.844478E+00  1.047776E+01  1.366049E+01  1.916871E+01  2.766076E+01  3.837461E+01  4.949856E+01  6.086789E+01  7.228080E+01
  8.237558E+01  8.980667E+01  9.446363E+01  9.711288E+01  1.315197E+01  1.315101E+01  1.367560E+01  1.422747E+01  1.531387E+01  1.730397E+01
  2.092004E+01  2.703164E+01  3.536628E+01  4.449454E+01  5.281133E+01  6.094077E+01  6.960555E+01  7.848129E+01  8.630701E+01  9.208379E+01
  9.570220E+01  9.775950E+01  4.953120E+01  4.949454E+01  5.012041E+01  5.064468E+01  5.139277E+01  5.238104E+01  5.370030E+01  5.565085E+01
  5.805779E+01  6.134737E+01  6.554344E+01  7.081967E+01  7.695583E+01  8.363903E+01  8.961662E+01  9.401662E+01  9.674902E+01  9.830751E+01
  2.572196E+00  2.570521E+00  2.595114E+00  2.621813E+00  2.662623E+00  2.770055E+00  2.966323E+00  3.394519E+00  4.282771E+00  6.023597E+00
  9.771467E+00  1.768246E+01  3.193299E+01  5.092880E+01  6.877151E+01  8.193485E+01  9.018567E+01  9.487900E+01  2.611934E+00  2.610862E+00
  2.638215E+00  2.662295E+00  2.703756E+00  2.808550E+00  3.008162E+00  3.436852E+00  4.383083E+00  6.164358E+00  1.004364E+01  1.812241E+01
  3.249965E+01  5.139192E+01  6.906752E+01  8.210504E+01  9.027539E+01  9.492601E+01  2.730619E+00  2.729897E+00  2.763307E+00  2.786487E+00
  2.833946E+00  2.945861E+00  3.167392E+00  3.635080E+00  4.653014E+00  6.625070E+00  1.088948E+01  1.951758E+01  3.417839E+01  5.276924E+01
  6.994941E+01  8.261689E+01  9.055315E+01  9.507124E+01  2.956642E+00  2.953460E+00  2.988796E+00  3.021129E+00  3.074559E+00  3.205669E+00
  3.463549E+00  4.019018E+00  5.222364E+00  7.573110E+00  1.253863E+01  2.205904E+01  3.708913E+01  5.504419E+01  7.140065E+01  8.345618E+01
  9.101112E+01  9.530906E+01  3.327514E+00  3.327322E+00  3.368970E+00  3.407825E+00  3.483120E+00  3.654489E+00  3.992193E+00  4.712101E+00
  6.257468E+00  9.275871E+00  1.535419E+01  2.602308E+01  4.118428E+01  5.816233E+01  7.339428E+01  8.460870E+01  9.163620E+01  9.563573E+01
  3.944196E+00  3.942974E+00  4.008274E+00  4.065165E+00  4.180619E+00  4.426477E+00  4.922696E+00  5.964153E+00  8.156164E+00  1.230171E+01
  1.994226E+01  3.177759E+01  4.656420E+01  6.210234E+01  7.589322E+01  8.605551E+01  9.242377E+01  9.604612E+01  5.009117E+00  5.003466E+00
  5.121751E+00  5.228319E+00  5.423297E+00  5.843384E+00  6.685702E+00  8.412012E+00  1.178617E+01  1.775293E+01  2.725202E+01  3.963617E+01
  5.314448E+01  6.679484E+01  7.888406E+01  8.778485E+01  9.336443E+01  9.653636E+01  7.157717E+00  7.148231E+00  7.365161E+00  7.581559E+00
  8.000240E+00  8.844035E+00  1.047483E+01  1.363877E+01  1.918824E+01  2.759831E+01  3.832233E+01  4.942879E+01  6.081050E+01  7.224335E+01
  8.234869E+01  8.978660E+01  9.444984E+01  9.710459E+01  1.315197E+01  1.314674E+01  1.369543E+01  1.421957E+01  1.528123E+01  1.729077E+01
  2.092757E+01  2.700149E+01  3.541564E+01  4.447360E+01  5.270392E+01  6.092261E+01  6.955273E+01  7.845528E+01  8.629510E+01  9.207085E+01
  9.569007E+01  9.775289E+01  4.953120E+01  4.948865E+01  5.019851E+01  5.064582E+01  5.139071E+01  5.235424E+01  5.371989E+01  5.561441E+01
  5.813084E+01  6.134973E+01  6.550595E+01  7.077054E+01  7.688002E+01  8.360016E+01  8.962644E+01  9.400444E+01  9.673174E+01  9.830202E+01
  2.572196E+00  2.570459E+00  2.591858E+00  2.612505E+00  2.673877E+00  2.769648E+00  2.963945E+00  3.397469E+00  4.270313E+00  6.011508E+00
  9.770955E+00  1.765375E+01  3.191718E+01  5.083699E+01  6.868507E+01  8.187442E+01  9.016780E+01  9.486091E+01  2.611934E+00  2.609351E+00
  2.632512E+00  2.651862E+00  2.712731E+00  2.806658E+00  3.009771E+00  3.459373E+00  4.359572E+00  6.157475E+00  1.003034E+01  1.808566E+01
  3.248206E+01  5.131481E+01  6.898299E+01  8.204578E+01  9.025971E+01  9.490784E+01  2.730619E+00  2.729767E+00  2.755643E+00  2.777545E+00
  2.842341E+00  2.943873E+00  3.168984E+00  3.647924E+00  4.633706E+00  6.625097E+00  1.087706E+01  1.947630E+01  3.418824E+01  5.268592E+01
  6.986909E+01  8.255882E+01  9.053900E+01  9.505365E+01  2.956642E+00  2.953176E+00  2.982366E+00  3.011642E+00  3.085266E+00  3.205259E+00
  3.459330E+00  4.036223E+00  5.195263E+00  7.556797E+00  1.251430E+01  2.202096E+01  3.707544E+01  5.496722E+01  7.132497E+01  8.340125E+01
  9.099617E+01  9.529248E+01  3.327514E+00  3.323714E+00  3.365730E+00  3.398442E+00  3.496370E+00  3.653016E+00  3.990200E+00  4.713187E+00
  6.230181E+00  9.260185E+00  1.531627E+01  2.598909E+01  4.118383E+01  5.809251E+01  7.332103E+01  8.455660E+01  9.162288E+01  9.562017E+01
  3.944196E+00  3.945057E+00  4.001329E+00  4.058190E+00  4.191742E+00  4.427448E+00  4.922102E+00  5.975945E+00  8.127105E+00  1.227513E+01
  1.990678E+01  3.175165E+01  4.658424E+01  6.204209E+01  7.583206E+01  8.600739E+01  9.241079E+01  9.603172E+01  5.009117E+00  5.001278E+00
  5.109448E+00  5.215528E+00  5.437946E+00  5.840100E+00  6.686816E+00  8.396785E+00  1.175521E+01  1.772267E+01  2.723515E+01  3.959502E+01
  5.316878E+01  6.674820E+01  7.882636E+01  8.774277E+01  9.335145E+01  9.652317E+01  7.157717E+00  7.152600E+00  7.362435E+00  7.568730E+00
  8.012594E+00  8.837113E+00  1.047527E+01  1.364085E+01  1.916275E+01  2.758370E+01  3.827685E+01  4.940925E+01  6.083978E+01  7.220786E+01
  8.230178E+01  8.975217E+01  9.444353E+01  9.709325E+01  1.315197E+01  1.315322E+01  1.369126E+01  1.421424E+01  1.529853E+01  1.729321E+01
  2.094537E+01  2.699735E+01  3.537850E+01  4.443185E+01  5.274763E+01  6.090536E+01  6.960957E+01  7.843095E+01  8.626200E+01  9.204126E+01
  9.568851E+01  9.774352E+01  4.953120E+01  4.943823E+01  5.015142E+01  5.046935E+01  5.144306E+01  5.238587E+01  5.367883E+01  5.566420E+01
  5.808124E+01  6.127729E+01  6.544514E+01  7.070624E+01  7.699452E+01  8.353857E+01  8.962761E+01  9.397897E+01  9.673470E+01  9.829279E+01
  2.572196E+00  2.571940E+00  2.599128E+00  2.613890E+00  2.670816E+00  2.774149E+00  2.962480E+00  3.386540E+00  4.254798E+00  5.993089E+00
  9.710374E+00  1.759869E+01  3.181655E+01  5.075993E+01  6.861110E+01  8.182439E+01  9.013721E+01  9.484801E+01  2.611934E+00  2.610607E+00
  2.642497E+00  2.654899E+00  2.711743E+00  2.812382E+00  3.011769E+00  3.445348E+00  4.342041E+00  6.136284E+00  9.957889E+00  1.803552E+01
  3.238993E+01  5.121547E+01  6.890816E+01  8.199615E+01  9.022932E+01  9.489577E+01  2.730619E+00  2.729683E+00  2.765434E+00  2.780022E+00
  2.841685E+00  2.952202E+00  3.166322E+00  3.637333E+00  4.615953E+00  6.601258E+00  1.080179E+01  1.943269E+01  3.407638E+01  5.259713E+01
  6.979459E+01  8.250962E+01  9.050816E+01  9.504147E+01  2.956642E+00  2.955658E+00  2.993942E+00  3.012877E+00  3.081865E+00  3.209750E+00
  3.465536E+00  4.010391E+00  5.175131E+00  7.531956E+00  1.243867E+01  2.196661E+01  3.695876E+01  5.487966E+01  7.125323E+01  8.335437E+01
  9.096650E+01  9.528098E+01  3.327514E+00  3.326768E+00  3.372724E+00  3.401615E+00  3.491806E+00  3.660059E+00  3.985527E+00  4.704041E+00
  6.206204E+00  9.235678E+00  1.527339E+01  2.593740E+01  4.107940E+01  5.801753E+01  7.325476E+01  8.451328E+01  9.159710E+01  9.560979E+01
  3.944196E+00  3.945742E+00  4.012059E+00  4.059592E+00  4.188014E+00  4.430973E+00  4.917336E+00  5.962931E+00  8.101398E+00  1.224462E+01
  1.984698E+01  3.170797E+01  4.646649E+01  6.196782E+01  7.576764E+01  8.596821E+01  9.238811E+01  9.602361E+01  5.009117E+00  5.008517E+00
  5.123421E+00  5.220855E+00  5.432659E+00  5.851779E+00  6.686810E+00  8.385764E+00  1.172681E+01  1.769507E+01  2.716134E+01  3.955720E+01
  5.306355E+01  6.667238E+01  7.877018E+01  8.770831E+01  9.333014E+01  9.651663E+01  7.157717E+00  7.155369E+00  7.374263E+00  7.570234E+00
  8.009012E+00  8.831641E+00  1.047424E+01  1.361036E+01  1.912988E+01  2.756317E+01  3.818770E+01  4.940091E+01  6.074334E+01  7.215034E+01
  8.225150E+01  8.972340E+01  9.442671E+01  9.708757E+01  1.315197E+01  1.315971E+01  1.370078E+01  1.421570E+01  1.529038E+01  1.729940E+01
  2.093167E+01  2.695307E+01  3.533537E+01  4.440976E+01  5.268414E+01  6.089877E+01  6.950824E+01  7.838181E+01  8.622097E+01  9.201828E+01
  9.567443E+01  9.774072E+01  4.953120E+01  4.950533E+01  5.023299E+01  5.063555E+01  5.139589E+01  5.236891E+01  5.365974E+01  5.560501E+01
  5.804221E+01  6.130555E+01  6.541312E+01  7.078728E+01  7.689501E+01  8.353814E+01  8.957777E+01  9.395696E+01  9.672004E+01  9.828874E+01
  2.572196E+00  2.566835E+00  2.595743E+00  2.613840E+00  2.666739E+00  2.767935E+00  2.952996E+00  3.402210E+00  4.251401E+00  5.964964E+00
  9.704200E+00  1.755151E+01  3.172323E+01  5.063071E+01  6.853941E+01  8.177475E+01  9.010439E+01  9.483431E+01  2.611934E+00  2.605336E+00
  2.639277E+00  2.653358E+00  2.706759E+00  2.804272E+00  2.996810E+00  3.450856E+00  4.338189E+00  6.107821E+00  9.964971E+00  1.797702E+01
  3.229282E+01  5.109511E+01  6.882796E+01  8.194722E+01  9.019819E+01  9.488253E+01  2.730619E+00  2.725860E+00  2.762746E+00  2.779963E+00
  2.835965E+00  2.941746E+00  3.154850E+00  3.655151E+00  4.612415E+00  6.568029E+00  1.081334E+01  1.938455E+01  3.397591E+01  5.248205E+01
  6.971993E+01  8.246284E+01  9.047691E+01  9.502935E+01  2.956642E+00  2.950947E+00  2.988026E+00  3.012585E+00  3.077586E+00  3.201829E+00
  3.451502E+00  4.026573E+00  5.170560E+00  7.499403E+00  1.243574E+01  2.191611E+01  3.686541E+01  5.475969E+01  7.118176E+01  8.330923E+01
  9.093593E+01  9.526987E+01  3.327514E+00  3.319550E+00  3.371415E+00  3.400700E+00  3.488507E+00  3.649883E+00  3.973560E+00  4.723569E+00
  6.205329E+00  9.192762E+00  1.523309E+01  2.589986E+01  4.100354E+01  5.790162E+01  7.319166E+01  8.447117E+01  9.156695E+01  9.559813E+01
  3.944196E+00  3.936818E+00  4.010403E+00  4.057168E+00  4.184105E+00  4.420925E+00  4.905439E+00  5.997648E+00  8.088670E+00  1.220880E+01
  1.982915E+01  3.167075E+01  4.639073E+01  6.186493E+01  7.570812E+01  8.592973E+01  9.236034E+01  9.601293E+01  5.009117E+00  5.001143E+00
  5.119426E+00  5.219548E+00  5.425766E+00  5.834101E+00  6.664480E+00  8.397146E+00  1.171800E+01  1.764908E+01  2.715054E+01  3.952325E+01
  5.298872E+01  6.657661E+01  7.871866E+01  8.767448E+01  9.330838E+01  9.650723E+01  7.157717E+00  7.136193E+00  7.371625E+00  7.572480E+00
  8.004045E+00  8.828097E+00  1.044931E+01  1.362020E+01  1.912045E+01  2.752155E+01  3.818779E+01  4.937403E+01  6.069182E+01  7.206197E+01
  8.220919E+01  8.969539E+01  9.440527E+01  9.708208E+01  1.315197E+01  1.312208E+01  1.369972E+01  1.420933E+01  1.528307E+01  1.727651E+01
  2.087802E+01  2.697847E+01  3.532769E+01  4.437855E+01  5.268213E+01  6.086610E+01  6.948720E+01  7.831223E+01  8.618962E+01  9.199747E+01
  9.565827E+01  9.773680E+01  4.953120E+01  4.943336E+01  5.020091E+01  5.058970E+01  5.140048E+01  5.233669E+01  5.372667E+01  5.557632E+01
  5.801514E+01  6.127664E+01  6.541475E+01  7.068020E+01  7.680003E+01  8.348036E+01  8.952758E+01  9.394645E+01  9.671005E+01  9.828671E+01
  4.889507E+00  4.867913E+00  4.967844E+00  5.179183E+00  5.406643E+00  6.208597E+00  7.587584E+00  1.044852E+01  1.438570E+01  2.127824E+01
  3.159179E+01  4.538316E+01  6.077699E+01  7.497489E+01  8.545569E+01  9.208775E+01  9.587643E+01  9.788429E+01  4.889507E+00  4.909384E+00
  5.030733E+00  5.186462E+00  5.254394E+00  5.754032E+00  6.831232E+00  8.760999E+00  1.210235E+01  1.786449E+01  2.662883E+01  3.893719E+01
  5.397853E+01  6.913809E+01  8.133034E+01  8.958734E+01  9.447758E+01  9.715242E+01  4.889507E+00  4.825473E+00  5.055323E+00  5.089637E+00
  5.190461E+00  5.644236E+00  6.682414E+00  8.469210E+00  1.158521E+01  1.661455E+01  2.477293E+01  3.650197E+01  5.123449E+01  6.656132E+01
  7.943060E+01  8.841475E+01  9.380344E+01  9.678826E+01  4.889507E+00  4.676222E+00  4.923646E+00  5.065764E+00  5.235017E+00  5.636106E+00
  6.609226E+00  8.306538E+00  1.127249E+01  1.602117E+01  2.393939E+01  3.534093E+01  4.974006E+01  6.523305E+01  7.840939E+01  8.774928E+01
  9.341496E+01  9.658515E+01  4.889507E+00  4.876533E+00  5.009257E+00  5.004653E+00  5.230486E+00  5.569695E+00  6.501837E+00  8.117249E+00
  1.108131E+01  1.553667E+01  2.344158E+01  3.444432E+01  4.880877E+01  6.431104E+01  7.772289E+01  8.730564E+01  9.315625E+01  9.644283E+01
  4.889507E+00  4.915441E+00  4.961927E+00  4.960767E+00  5.194038E+00  5.534890E+00  6.574734E+00  8.071336E+00  1.100722E+01  1.541739E+01
  2.292836E+01  3.398739E+01  4.824411E+01  6.372486E+01  7.730002E+01  8.699328E+01  9.298365E+01  9.636038E+01  4.889507E+00  4.790444E+00
  4.927288E+00  5.002477E+00  5.158031E+00  5.505672E+00  6.377303E+00  8.014340E+00  1.081059E+01  1.535270E+01  2.266718E+01  3.359286E+01
  4.781065E+01  6.330013E+01  7.695323E+01  8.677833E+01  9.285139E+01  9.628339E+01  4.889507E+00  4.782205E+00  4.884488E+00  5.008703E+00
  5.329577E+00  5.618062E+00  6.345063E+00  7.956676E+00  1.072204E+01  1.526842E+01  2.247968E+01  3.330487E+01  4.745115E+01  6.292943E+01
  7.667802E+01  8.659868E+01  9.275046E+01  9.621958E+01  4.889507E+00  5.039448E+00  4.921902E+00  5.105838E+00  5.157611E+00  5.516996E+00
  6.453072E+00  8.023749E+00  1.064008E+01  1.515792E+01  2.223224E+01  3.312149E+01  4.716651E+01  6.259717E+01  7.642341E+01  8.642672E+01
  9.266979E+01  9.617481E+01  4.889507E+00  4.881323E+00  4.975382E+00  4.947921E+00  5.173081E+00  5.505671E+00  6.337232E+00  7.970855E+00
  1.067790E+01  1.501983E+01  2.219460E+01  3.297253E+01  4.695577E+01  6.237653E+01  7.621237E+01  8.629673E+01  9.259787E+01  9.613394E+01
  4.889507E+00  4.865061E+00  4.890081E+00  4.978201E+00  5.155795E+00  5.489234E+00  6.317368E+00  7.919950E+00  1.061873E+01  1.496886E+01
  2.213797E+01  3.286843E+01  4.672997E+01  6.218151E+01  7.609750E+01  8.623446E+01  9.254078E+01  9.611115E+01  4.889507E+00  4.869356E+00
  4.946890E+00  4.956797E+00  5.205576E+00  5.427505E+00  6.312582E+00  7.918153E+00  1.061397E+01  1.490705E+01  2.200953E+01  3.269952E+01
  4.651672E+01  6.204669E+01  7.598657E+01  8.613375E+01  9.247300E+01  9.608093E+01  4.889507E+00  4.958201E+00  4.835627E+00  4.994782E+00
  5.148371E+00  5.581479E+00  6.338401E+00  7.800110E+00  1.057499E+01  1.491202E+01  2.195289E+01  3.254075E+01  4.649935E+01  6.192106E+01
  7.591409E+01  8.605043E+01  9.242232E+01  9.605704E+01  4.889507E+00  4.860162E+00  4.939317E+00  4.996075E+00  5.160603E+00  5.487850E+00
  6.237484E+00  7.820675E+00  1.053933E+01  1.486893E+01  2.193943E+01  3.245599E+01  4.638739E+01  6.177532E+01  7.580956E+01  8.598442E+01
  9.240454E+01  9.603822E+01  4.889507E+00  4.674603E+00  4.896214E+00  5.035087E+00  5.072508E+00  5.456658E+00  6.302238E+00  7.896430E+00
  1.048595E+01  1.482838E+01  2.184451E+01  3.232106E+01  4.627577E+01  6.160961E+01  7.570501E+01  8.591383E+01  9.237286E+01  9.602012E+01
  4.889507E+00  4.811282E+00  4.949899E+00  4.972202E+00  5.175639E+00  5.513274E+00  6.247657E+00  7.914377E+00  1.051494E+01  1.481785E+01
  2.180063E+01  3.228968E+01  4.596592E+01  6.159705E+01  7.556529E+01  8.588557E+01  9.233671E+01  9.600362E+01  4.889507E+00  4.896670E+00
  4.920269E+00  4.980664E+00  5.168524E+00  5.512691E+00  6.215145E+00  7.857520E+00  1.059047E+01  1.480910E+01  2.168585E+01  3.221325E+01
  4.585108E+01  6.150798E+01  7.555579E+01  8.585213E+01  9.230501E+01  9.599197E+01  4.889507E+00  4.857708E+00  4.922637E+00  4.908082E+00
  5.238246E+00  5.495584E+00  6.230895E+00  7.909060E+00  1.053704E+01  1.477880E+01  2.165749E+01  3.216476E+01  4.594825E+01  6.144231E+01
  7.548569E+01  8.580118E+01  9.230306E+01  9.597523E+01  4.889507E+00  4.854023E+00  4.947491E+00  4.977936E+00  5.184591E+00  5.523485E+00
  6.206611E+00  7.861928E+00  1.047276E+01  1.476779E+01  2.158015E+01  3.217528E+01  4.577816E+01  6.136357E+01  7.542267E+01  8.575851E+01
  9.227508E+01  9.596478E+01  4.889507E+00  4.679580E+00  4.937989E+00  4.971952E+00  5.151396E+00  5.447648E+00  6.209806E+00  7.801075E+00
  1.047593E+01  1.471746E+01  2.157417E+01  3.204344E+01  4.566090E+01  6.127961E+01  7.533089E+01  8.572090E+01  9.224992E+01  9.595467E+01
