  6.442850E-01
          18 10.0000000
 -2.000000E+01 -1.000000E+01 -2.107210E+00 -1.806180E+00 -1.505150E+00 -1.204120E+00 -9.030900E-01 -6.020600E-01 -3.010300E-01  0.000000E+00
  3.010300E-01  6.020600E-01  9.030900E-01  1.204120E+00  1.505150E+00  1.806180E+00  2.107210E+00  2.408240E+00
          10 10.0000000
  0.000000E+00  1.000000E+01  2.000000E+01  3.000000E+01  4.000000E+01  5.000000E+01  6.000000E+01  7.000000E+01  8.000000E+01  8.900000E+01
          23  4.0000000
  4.000000E+00  8.000000E+00  1.200000E+01  1.600000E+01  2.000000E+01  2.400000E+01  2.800000E+01  3.200000E+01  3.600000E+01  4.000000E+01
  4.400000E+01  4.800000E+01  5.200000E+01  5.600000E+01  6.000000E+01  6.400000E+01  6.800000E+01  7.200000E+01  7.600000E+01  8.000000E+01
  8.400000E+01  8.800000E+01  9.200000E+01
  2.500465E+00  2.494550E+00  2.576777E+00  2.654345E+00  2.815886E+00  3.138598E+00  3.793960E+00  5.136450E+00  7.777277E+00  1.297330E+01
  2.253562E+01  3.772414E+01  5.637950E+01  7.299888E+01  8.468336E+01  9.178824E+01  9.571911E+01  9.778107E+01  2.536061E+00  2.528063E+00
  2.614290E+00  2.695175E+00  2.861902E+00  3.193287E+00  3.862894E+00  5.240207E+00  7.934723E+00  1.323162E+01  2.292766E+01  3.820024E+01
  5.677710E+01  7.325121E+01  8.482605E+01  9.186485E+01  9.575900E+01  9.780175E+01  2.654205E+00  2.645926E+00  2.737998E+00  2.826758E+00
  3.006311E+00  3.362367E+00  4.084349E+00  5.556810E+00  8.435509E+00  1.404302E+01  2.414514E+01  3.963813E+01  5.796512E+01  7.400026E+01
  8.525119E+01  9.209281E+01  9.587770E+01  9.786329E+01  2.870538E+00  2.863985E+00  2.967687E+00  3.074731E+00  3.271678E+00  3.673481E+00
  4.488501E+00  6.149472E+00  9.370081E+00  1.554220E+01  2.633472E+01  4.211237E+01  5.992693E+01  7.522904E+01  8.594746E+01  9.246634E+01
  9.607229E+01  9.796417E+01  3.238437E+00  3.229909E+00  3.351598E+00  3.469495E+00  3.711019E+00  4.197389E+00  5.173759E+00  7.150425E+00
  1.094441E+01  1.801958E+01  2.974689E+01  4.568571E+01  6.262639E+01  7.690709E+01  8.689882E+01  9.297649E+01  9.633811E+01  9.810199E+01
  3.828927E+00  3.820336E+00  3.978686E+00  4.135281E+00  4.452766E+00  5.079787E+00  6.345069E+00  8.865786E+00  1.360662E+01  2.198922E+01
  3.475325E+01  5.040102E+01  6.601167E+01  7.900066E+01  8.808569E+01  9.361323E+01  9.666977E+01  9.827392E+01  4.866703E+00  4.853007E+00
  5.084536E+00  5.316331E+00  5.777290E+00  6.698515E+00  8.510661E+00  1.201984E+01  1.827259E+01  2.836003E+01  4.174816E+01  5.621948E+01
  7.003136E+01  8.148238E+01  8.949278E+01  9.436806E+01  9.706293E+01  9.847786E+01  6.955497E+00  6.929559E+00  7.344482E+00  7.743134E+00
  8.532476E+00  1.008471E+01  1.303216E+01  1.838457E+01  2.691167E+01  3.838332E+01  5.083508E+01  6.303698E+01  7.467502E+01  8.434994E+01
  9.111829E+01  9.523978E+01  9.751741E+01  9.871346E+01  1.278803E+01  1.274119E+01  1.368343E+01  1.457459E+01  1.630585E+01  1.947787E+01
  2.494955E+01  3.320153E+01  4.307938E+01  5.259034E+01  6.159087E+01  7.090312E+01  8.004770E+01  8.766449E+01  9.299885E+01  9.624889E+01
  9.804340E+01  9.898596E+01  4.938775E+01  4.924730E+01  5.022169E+01  5.100994E+01  5.210655E+01  5.358048E+01  5.543380E+01  5.817447E+01
  6.176236E+01  6.641458E+01  7.221832E+01  7.880858E+01  8.540250E+01  9.094540E+01  9.486790E+01  9.724922E+01  9.856435E+01  9.925574E+01
  2.500465E+00  2.495974E+00  2.574861E+00  2.651444E+00  2.808991E+00  3.126857E+00  3.774868E+00  5.083685E+00  7.671865E+00  1.270962E+01
  2.199447E+01  3.688022E+01  5.541516E+01  7.226279E+01  8.420468E+01  9.149530E+01  9.554492E+01  9.764413E+01  2.536061E+00  2.530611E+00
  2.612646E+00  2.692418E+00  2.855111E+00  3.182496E+00  3.842683E+00  5.179565E+00  7.824129E+00  1.295874E+01  2.237162E+01  3.734925E+01
  5.581826E+01  7.252145E+01  8.435194E+01  9.157458E+01  9.558647E+01  9.766605E+01  2.654205E+00  2.649347E+00  2.736000E+00  2.823811E+00
  2.996373E+00  3.348268E+00  4.059534E+00  5.489422E+00  8.308821E+00  1.374363E+01  2.355471E+01  3.877282E+01  5.702387E+01  7.328992E+01
  8.478992E+01  9.181026E+01  9.570993E+01  9.773129E+01  2.870538E+00  2.866352E+00  2.963945E+00  3.070983E+00  3.262157E+00  3.656255E+00
  4.456387E+00  6.065652E+00  9.212833E+00  1.519072E+01  2.568220E+01  4.122913E+01  5.901902E+01  7.455104E+01  8.550768E+01  9.219653E+01
  9.591222E+01  9.783821E+01  3.238437E+00  3.231791E+00  3.348301E+00  3.463765E+00  3.696988E+00  4.170447E+00  5.127701E+00  7.037384E+00
  1.073323E+01  1.757816E+01  2.901523E+01  4.479796E+01  6.176891E+01  7.627293E+01  8.648769E+01  9.272394E+01  9.618864E+01  9.798426E+01
  3.828927E+00  3.823017E+00  3.972994E+00  4.126842E+00  4.429658E+00  5.038328E+00  6.273685E+00  8.695889E+00  1.329723E+01  2.142002E+01
  3.393649E+01  4.954297E+01  6.521899E+01  7.842199E+01  8.771059E+01  9.338204E+01  9.653353E+01  9.816650E+01  4.866703E+00  4.855906E+00
  5.074960E+00  5.298315E+00  5.737708E+00  6.625784E+00  8.371438E+00  1.173403E+01  1.780219E+01  2.763101E+01  4.089094E+01  5.543468E+01
  6.932063E+01  8.096725E+01  8.915947E+01  9.416174E+01  9.694215E+01  9.838255E+01  6.955497E+00  6.941048E+00  7.323247E+00  7.705059E+00
  8.448593E+00  9.930689E+00  1.276030E+01  1.788632E+01  2.620403E+01  3.755566E+01  5.006635E+01  6.236792E+01  7.405585E+01  8.390485E+01
  9.083175E+01  9.506202E+01  9.741380E+01  9.863189E+01  1.278803E+01  1.276061E+01  1.362209E+01  1.447445E+01  1.609328E+01  1.912423E+01
  2.438897E+01  3.242958E+01  4.230700E+01  5.195930E+01  6.101300E+01  7.035635E+01  7.953312E+01  8.730295E+01  9.276502E+01  9.610301E+01
  9.795955E+01  9.892057E+01  4.938775E+01  4.929216E+01  5.018918E+01  5.094198E+01  5.193560E+01  5.337932E+01  5.529359E+01  5.793297E+01
  6.140538E+01  6.603207E+01  7.179282E+01  7.841247E+01  8.501733E+01  9.068964E+01  9.469900E+01  9.714035E+01  9.850330E+01  9.920985E+01
  2.500465E+00  2.496236E+00  2.575441E+00  2.649980E+00  2.809602E+00  3.123277E+00  3.762145E+00  5.055859E+00  7.604972E+00  1.259339E+01
  2.178247E+01  3.659855E+01  5.505878E+01  7.198117E+01  8.399619E+01  9.137566E+01  9.546172E+01  9.756290E+01  2.536061E+00  2.531480E+00
  2.612960E+00  2.691343E+00  2.855264E+00  3.178965E+00  3.829935E+00  5.152247E+00  7.758222E+00  1.283925E+01  2.215627E+01  3.706403E+01
  5.546479E+01  7.224265E+01  8.414536E+01  9.145604E+01  9.550398E+01  9.758556E+01  2.654205E+00  2.650336E+00  2.736477E+00  2.822345E+00
  2.996878E+00  3.344066E+00  4.045810E+00  5.458947E+00  8.233647E+00  1.360884E+01  2.332321E+01  3.848362E+01  5.667813E+01  7.302020E+01
  8.458868E+01  9.169514E+01  9.562980E+01  9.765296E+01  2.870538E+00  2.867098E+00  2.964819E+00  3.068609E+00  3.263517E+00  3.649511E+00
  4.439387E+00  6.028877E+00  9.124597E+00  1.503646E+01  2.542402E+01  4.093292E+01  5.868551E+01  7.429495E+01  8.531557E+01  9.208705E+01
  9.583591E+01  9.776342E+01  3.238437E+00  3.232816E+00  3.348573E+00  3.460590E+00  3.696293E+00  4.162933E+00  5.103830E+00  6.986401E+00
  1.062110E+01  1.738876E+01  2.872433E+01  4.450216E+01  6.145504E+01  7.603586E+01  8.630807E+01  9.262219E+01  9.611753E+01  9.791433E+01
  3.828927E+00  3.825149E+00  3.973081E+00  4.122824E+00  4.425088E+00  5.023399E+00  6.236905E+00  8.623906E+00  1.314452E+01  2.117654E+01
  3.360974E+01  4.926118E+01  6.493427E+01  7.820843E+01  8.754621E+01  9.328976E+01  9.646880E+01  9.810263E+01  4.866703E+00  4.858642E+00
  5.073600E+00  5.289250E+00  5.730549E+00  6.601416E+00  8.310071E+00  1.161469E+01  1.757641E+01  2.732209E+01  4.054913E+01  5.518954E+01
  6.907095E+01  8.078107E+01  8.901325E+01  9.408083E+01  9.688502E+01  9.832589E+01  6.955497E+00  6.946050E+00  7.317388E+00  7.686098E+00
  8.425578E+00  9.871497E+00  1.264050E+01  1.768014E+01  2.587136E+01  3.720090E+01  4.976081E+01  6.216927E+01  7.384228E+01  8.374886E+01
  9.070595E+01  9.499348E+01  9.736543E+01  9.858353E+01  1.278803E+01  1.276183E+01  1.361140E+01  1.442466E+01  1.602983E+01  1.899327E+01
  2.413887E+01  3.208617E+01  4.193323E+01  5.168788E+01  6.078596E+01  7.020770E+01  7.935935E+01  8.717911E+01  9.266267E+01  9.604890E+01
  9.792071E+01  9.888180E+01  4.938775E+01  4.928618E+01  5.018303E+01  5.089588E+01  5.188837E+01  5.336662E+01  5.518663E+01  5.780524E+01
  6.125416E+01  6.588497E+01  7.168084E+01  7.831677E+01  8.488428E+01  9.061846E+01  9.462958E+01  9.710249E+01  9.847681E+01  9.918130E+01
  2.500465E+00  2.496453E+00  2.573586E+00  2.647692E+00  2.804128E+00  3.117402E+00  3.754508E+00  5.046319E+00  7.566917E+00  1.250421E+01
  2.162457E+01  3.632608E+01  5.478243E+01  7.174458E+01  8.386038E+01  9.128531E+01  9.538625E+01  9.748759E+01  2.536061E+00  2.531601E+00
  2.611333E+00  2.689363E+00  2.850420E+00  3.171374E+00  3.823811E+00  5.140794E+00  7.719096E+00  1.274755E+01  2.199436E+01  3.678893E+01
  5.518983E+01  7.200771E+01  8.401091E+01  9.136646E+01  9.542914E+01  9.751092E+01  2.654205E+00  2.648772E+00  2.734882E+00  2.819855E+00
  2.990571E+00  3.335972E+00  4.038144E+00  5.445925E+00  8.190380E+00  1.350838E+01  2.315011E+01  3.820452E+01  5.640802E+01  7.279089E+01
  8.445820E+01  9.160806E+01  9.555684E+01  9.758033E+01  2.870538E+00  2.866799E+00  2.962965E+00  3.065857E+00  3.255973E+00  3.640174E+00
  4.429272E+00  6.012731E+00  9.071859E+00  1.491929E+01  2.523385E+01  4.064657E+01  5.842465E+01  7.407520E+01  8.519144E+01  9.200403E+01
  9.576601E+01  9.769412E+01  3.238437E+00  3.232996E+00  3.345421E+00  3.457058E+00  3.687882E+00  4.151390E+00  5.087729E+00  6.963748E+00
  1.055369E+01  1.724487E+01  2.851119E+01  4.421155E+01  6.120832E+01  7.582873E+01  8.619288E+01  9.254478E+01  9.605181E+01  9.784959E+01
  3.828927E+00  3.824498E+00  3.969310E+00  4.117507E+00  4.413976E+00  5.008532E+00  6.213496E+00  8.586437E+00  1.304820E+01  2.099443E+01
  3.337178E+01  4.897512E+01  6.470829E+01  7.801710E+01  8.744183E+01  9.321931E+01  9.640832E+01  9.804362E+01  4.866703E+00  4.855867E+00
  5.068251E+00  5.281960E+00  5.713810E+00  6.575577E+00  8.273279E+00  1.154837E+01  1.743585E+01  2.708798E+01  4.029969E+01  5.492466E+01
  6.886992E+01  8.060863E+01  8.892137E+01  9.401833E+01  9.683096E+01  9.827361E+01  6.955497E+00  6.942414E+00  7.309767E+00  7.670716E+00
  8.391101E+00  9.818713E+00  1.256227E+01  1.755940E+01  2.566084E+01  3.692738E+01  4.953710E+01  6.193571E+01  7.366918E+01  8.359707E+01
  9.062811E+01  9.493990E+01  9.731855E+01  9.853903E+01  1.278803E+01  1.275937E+01  1.358682E+01  1.438898E+01  1.595538E+01  1.888318E+01
  2.399141E+01  3.189742E+01  4.168829E+01  5.146334E+01  6.061959E+01  7.001065E+01  7.921621E+01  8.705386E+01  9.260167E+01  9.600563E+01
  9.788276E+01  9.884645E+01  4.938775E+01  4.927479E+01  5.012400E+01  5.086029E+01  5.181665E+01  5.332019E+01  5.515030E+01  5.779290E+01
  6.117138E+01  6.576944E+01  7.156190E+01  7.818176E+01  8.479720E+01  9.051476E+01  9.458138E+01  9.707253E+01  9.844970E+01  9.915641E+01
  2.500465E+00  2.468293E+00  2.573298E+00  2.647772E+00  2.802624E+00  3.114955E+00  3.747638E+00  5.030714E+00  7.536084E+00  1.243684E+01
  2.150325E+01  3.612391E+01  5.457307E+01  7.156697E+01  8.374963E+01  9.120570E+01  9.532620E+01  9.741428E+01  2.536061E+00  2.504546E+00
  2.610728E+00  2.689248E+00  2.848375E+00  3.169491E+00  3.816741E+00  5.126093E+00  7.687709E+00  1.267616E+01  2.186849E+01  3.658553E+01
  5.498191E+01  7.183173E+01  8.390108E+01  9.128755E+01  9.536964E+01  9.743827E+01  2.654205E+00  2.620257E+00  2.733526E+00  2.819015E+00
  2.988258E+00  3.332825E+00  4.028620E+00  5.427149E+00  8.153826E+00  1.343179E+01  2.301645E+01  3.799646E+01  5.620400E+01  7.262001E+01
  8.435167E+01  9.153132E+01  9.549900E+01  9.750963E+01  2.870538E+00  2.834712E+00  2.961273E+00  3.064597E+00  3.252852E+00  3.636774E+00
  4.419510E+00  5.991089E+00  9.026649E+00  1.483091E+01  2.508679E+01  4.043641E+01  5.822887E+01  7.391205E+01  8.509048E+01  9.193082E+01
  9.571094E+01  9.762663E+01  3.238437E+00  3.193406E+00  3.344971E+00  3.455718E+00  3.683142E+00  4.145377E+00  5.073816E+00  6.935608E+00
  1.049442E+01  1.713700E+01  2.834376E+01  4.399871E+01  6.102569E+01  7.567672E+01  8.609921E+01  9.247649E+01  9.600053E+01  9.778646E+01
  3.828927E+00  3.781699E+00  3.967411E+00  4.116636E+00  4.407519E+00  5.000298E+00  6.194171E+00  8.544733E+00  1.296874E+01  2.085315E+01
  3.318288E+01  4.876771E+01  6.454417E+01  7.787858E+01  8.735748E+01  9.315697E+01  9.636190E+01  9.798597E+01  4.866703E+00  4.802540E+00
  5.065834E+00  5.279387E+00  5.703924E+00  6.560119E+00  8.238633E+00  1.148029E+01  1.731696E+01  2.690508E+01  4.009871E+01  5.473809E+01
  6.872580E+01  8.048573E+01  8.884724E+01  9.396293E+01  9.678988E+01  9.822244E+01  6.955497E+00  6.863642E+00  7.303340E+00  7.664279E+00
  8.371484E+00  9.783170E+00  1.250005E+01  1.743882E+01  2.548899E+01  3.671643E+01  4.935039E+01  6.177706E+01  7.354738E+01  8.349113E+01
  9.056551E+01  9.489222E+01  9.728373E+01  9.849552E+01  1.278803E+01  1.260666E+01  1.356867E+01  1.436448E+01  1.590896E+01  1.881253E+01
  2.385217E+01  3.170708E+01  4.149045E+01  5.129470E+01  6.047670E+01  6.988058E+01  7.911560E+01  8.696662E+01  9.255155E+01  9.596675E+01
  9.785509E+01  9.881159E+01  4.938775E+01  4.838122E+01  5.010773E+01  5.085563E+01  5.177486E+01  5.333128E+01  5.510728E+01  5.775166E+01
  6.110811E+01  6.567057E+01  7.143903E+01  7.808624E+01  8.473898E+01  9.043497E+01  9.454263E+01  9.704274E+01  9.843053E+01  9.913210E+01
  2.500465E+00  2.491187E+00  2.574744E+00  2.646381E+00  2.804760E+00  3.111253E+00  3.739523E+00  5.012824E+00  7.512884E+00  1.236752E+01
  2.137971E+01  3.587881E+01  5.427453E+01  7.133155E+01  8.357858E+01  9.110110E+01  9.525111E+01  9.733864E+01  2.536061E+00  2.525609E+00
  2.611634E+00  2.687387E+00  2.850316E+00  3.164735E+00  3.809282E+00  5.106682E+00  7.660979E+00  1.260528E+01  2.174317E+01  3.633665E+01
  5.468496E+01  7.159840E+01  8.373132E+01  9.118396E+01  9.529522E+01  9.736330E+01  2.654205E+00  2.643753E+00  2.735142E+00  2.817214E+00
  2.989970E+00  3.328246E+00  4.019298E+00  5.404951E+00  8.123870E+00  1.335372E+01  2.288050E+01  3.774281E+01  5.591085E+01  7.239280E+01
  8.418637E+01  9.143033E+01  9.542645E+01  9.743666E+01  2.870538E+00  2.860518E+00  2.962656E+00  3.062020E+00  3.255893E+00  3.630904E+00
  4.408206E+00  5.965691E+00  8.988416E+00  1.473897E+01  2.493289E+01  4.017267E+01  5.794432E+01  7.369519E+01  8.493180E+01  9.183404E+01
  9.564159E+01  9.755694E+01  3.238437E+00  3.226518E+00  3.346928E+00  3.452381E+00  3.684277E+00  4.135694E+00  5.058227E+00  6.901373E+00
  1.044035E+01  1.701950E+01  2.816469E+01  4.373004E+01  6.075475E+01  7.547294E+01  8.595008E+01  9.238585E+01  9.593556E+01  9.772131E+01
  3.828927E+00  3.815848E+00  3.969267E+00  4.112946E+00  4.408104E+00  4.987307E+00  6.170003E+00  8.494435E+00  1.288949E+01  2.070009E+01
  3.297754E+01  4.850164E+01  6.429193E+01  7.769209E+01  8.722011E+01  9.307359E+01  9.630227E+01  9.792645E+01  4.866703E+00  4.849103E+00
  5.067224E+00  5.271772E+00  5.698249E+00  6.535579E+00  8.196486E+00  1.139364E+01  1.719197E+01  2.669882E+01  3.987626E+01  5.449105E+01
  6.849830E+01  8.031905E+01  8.872398E+01  9.388832E+01  9.673672E+01  9.816965E+01  6.955497E+00  6.927166E+00  7.304123E+00  7.652911E+00
  8.362478E+00  9.739867E+00  1.241557E+01  1.729074E+01  2.528835E+01  3.647000E+01  4.914884E+01  6.156148E+01  7.334674E+01  8.334641E+01
  9.045745E+01  9.482753E+01  9.723780E+01  9.845036E+01  1.278803E+01  1.272955E+01  1.356697E+01  1.433300E+01  1.587278E+01  1.869807E+01
  2.369162E+01  3.146403E+01  4.126167E+01  5.110358E+01  6.033321E+01  6.970401E+01  7.894980E+01  8.684567E+01  9.246195E+01  9.591369E+01
  9.781757E+01  9.877541E+01  4.938775E+01  4.921106E+01  5.013031E+01  5.085276E+01  5.176776E+01  5.328568E+01  5.502619E+01  5.768764E+01
  6.104192E+01  6.559877E+01  7.138180E+01  7.795753E+01  8.461568E+01  9.035603E+01  9.448087E+01  9.700434E+01  9.840401E+01  9.910615E+01
  2.500465E+00  2.492742E+00  2.572823E+00  2.647238E+00  2.802079E+00  3.108422E+00  3.733701E+00  4.985464E+00  7.467772E+00  1.229179E+01
  2.120433E+01  3.559448E+01  5.392097E+01  7.104978E+01  8.340569E+01  9.097974E+01  9.516767E+01  9.725665E+01  2.536061E+00  2.527493E+00
  2.609736E+00  2.688026E+00  2.847191E+00  3.162730E+00  3.801114E+00  5.077057E+00  7.611984E+00  1.252513E+01  2.156254E+01  3.605032E+01
  5.433268E+01  7.131956E+01  8.356019E+01  9.106372E+01  9.521257E+01  9.728204E+01  2.654205E+00  2.644801E+00  2.733773E+00  2.817404E+00
  2.986398E+00  3.325046E+00  4.011415E+00  5.372408E+00  8.071695E+00  1.326498E+01  2.268628E+01  3.744846E+01  5.556517E+01  7.212156E+01
  8.402048E+01  9.131336E+01  9.534605E+01  9.735760E+01  2.870538E+00  2.862589E+00  2.961209E+00  3.061589E+00  3.251354E+00  3.626859E+00
  4.397202E+00  5.925803E+00  8.924479E+00  1.463193E+01  2.471744E+01  3.986943E+01  5.760932E+01  7.343632E+01  8.477432E+01  9.172249E+01
  9.556492E+01  9.748149E+01  3.238437E+00  3.227210E+00  3.343819E+00  3.452037E+00  3.679069E+00  4.129334E+00  5.043437E+00  6.849226E+00
  1.035624E+01  1.688242E+01  2.791690E+01  4.342008E+01  6.043668E+01  7.523190E+01  8.580416E+01  9.228139E+01  9.586391E+01  9.765080E+01
  3.828927E+00  3.817127E+00  3.965926E+00  4.111485E+00  4.399337E+00  4.976923E+00  6.143498E+00  8.421325E+00  1.277060E+01  2.051729E+01
  3.269601E+01  4.819912E+01  6.399965E+01  7.747169E+01  8.708830E+01  9.297829E+01  9.623696E+01  9.786212E+01  4.866703E+00  4.849820E+00
  5.061579E+00  5.267452E+00  5.683463E+00  6.513499E+00  8.151662E+00  1.128397E+01  1.701299E+01  2.645273E+01  3.957433E+01  5.421466E+01
  6.823679E+01  8.012257E+01  8.860841E+01  9.380361E+01  9.667883E+01  9.811260E+01  6.955497E+00  6.930735E+00  7.292833E+00  7.641478E+00
  8.334888E+00  9.696282E+00  1.232100E+01  1.710039E+01  2.502030E+01  3.616815E+01  4.887548E+01  6.132822E+01  7.312101E+01  8.317696E+01
  9.035937E+01  9.475525E+01  9.718840E+01  9.840175E+01  1.278803E+01  1.273872E+01  1.354031E+01  1.430869E+01  1.580316E+01  1.857780E+01
  2.349600E+01  3.115662E+01  4.095543E+01  5.085875E+01  6.013751E+01  6.951694E+01  7.876340E+01  8.670668E+01  9.238317E+01  9.585449E+01
  9.777766E+01  9.873647E+01  4.938775E+01  4.924343E+01  5.009536E+01  5.081590E+01  5.173042E+01  5.324838E+01  5.500223E+01  5.754817E+01
  6.092926E+01  6.545506E+01  7.127235E+01  7.779528E+01  8.447798E+01  9.025999E+01  9.442245E+01  9.696501E+01  9.837607E+01  9.907765E+01
  2.500465E+00  2.494931E+00  2.572220E+00  2.646398E+00  2.802159E+00  3.101179E+00  3.720548E+00  4.964522E+00  7.418978E+00  1.218444E+01
  2.102611E+01  3.525486E+01  5.355085E+01  7.074606E+01  8.318040E+01  9.085573E+01  9.507937E+01  9.717492E+01  2.536061E+00  2.529265E+00
  2.609547E+00  2.687374E+00  2.847079E+00  3.155956E+00  3.788707E+00  5.056607E+00  7.561751E+00  1.241550E+01  2.138063E+01  3.570821E+01
  5.396354E+01  7.101866E+01  8.333701E+01  9.094089E+01  9.512503E+01  9.720104E+01  2.654205E+00  2.647703E+00  2.733112E+00  2.817343E+00
  2.985930E+00  3.318636E+00  3.997212E+00  5.349657E+00  8.015510E+00  1.314469E+01  2.249216E+01  3.709884E+01  5.520214E+01  7.182899E+01
  8.380258E+01  9.119386E+01  9.526084E+01  9.727877E+01  2.870538E+00  2.864318E+00  2.960397E+00  3.061020E+00  3.251283E+00  3.617779E+00
  4.379980E+00  5.897082E+00  8.857062E+00  1.449083E+01  2.450079E+01  3.950745E+01  5.725713E+01  7.315701E+01  8.456519E+01  9.160858E+01
  9.548344E+01  9.740620E+01  3.238437E+00  3.229919E+00  3.342900E+00  3.451387E+00  3.677552E+00  4.119161E+00  5.020841E+00  6.809304E+00
  1.026770E+01  1.670944E+01  2.766825E+01  4.305068E+01  6.010382E+01  7.497120E+01  8.560744E+01  9.217506E+01  9.578763E+01  9.758037E+01
  3.828927E+00  3.821853E+00  3.964743E+00  4.109408E+00  4.393993E+00  4.960690E+00  6.110606E+00  8.366910E+00  1.264443E+01  2.029414E+01
  3.240990E+01  4.783524E+01  6.369369E+01  7.723354E+01  8.690694E+01  9.288125E+01  9.616705E+01  9.779774E+01  4.866703E+00  4.857566E+00
  5.059585E+00  5.264261E+00  5.674811E+00  6.482638E+00  8.097846E+00  1.118630E+01  1.682714E+01  2.616611E+01  3.926534E+01  5.387698E+01
  6.796460E+01  7.991148E+01  8.844493E+01  9.371757E+01  9.661652E+01  9.805541E+01  6.955497E+00  6.940313E+00  7.288004E+00  7.631835E+00
  8.311965E+00  9.641482E+00  1.220975E+01  1.692908E+01  2.473742E+01  3.582484E+01  4.859362E+01  6.103561E+01  7.288516E+01  8.299610E+01
  9.021658E+01  9.468127E+01  9.713477E+01  9.835273E+01  1.278803E+01  1.275735E+01  1.352321E+01  1.427961E+01  1.574830E+01  1.844667E+01
  2.328699E+01  3.087442E+01  4.062067E+01  5.058153E+01  5.993439E+01  6.927303E+01  7.856937E+01  8.655791E+01  9.226399E+01  9.579492E+01
  9.773431E+01  9.869696E+01  4.938775E+01  4.924857E+01  5.006766E+01  5.080191E+01  5.175423E+01  5.319547E+01  5.492874E+01  5.748442E+01
  6.082019E+01  6.534498E+01  7.111991E+01  7.760687E+01  8.432638E+01  9.016703E+01  9.433075E+01  9.691990E+01  9.834397E+01  9.904860E+01
  2.500465E+00  2.495271E+00  2.570898E+00  2.640863E+00  2.790550E+00  3.082421E+00  3.674638E+00  4.853401E+00  7.213373E+00  1.177214E+01
  2.013364E+01  3.380229E+01  5.178709E+01  6.922887E+01  8.218884E+01  9.025878E+01  9.473786E+01  9.696053E+01  2.536061E+00  2.529507E+00
  2.607542E+00  2.680540E+00  2.835160E+00  3.136277E+00  3.740917E+00  4.941885E+00  7.348890E+00  1.199022E+01  2.046886E+01  3.424086E+01
  5.220562E+01  6.951451E+01  8.235461E+01  9.034939E+01  9.478659E+01  9.698859E+01  2.654205E+00  2.647818E+00  2.730512E+00  2.809714E+00
  2.971400E+00  3.294173E+00  3.942926E+00  5.220272E+00  7.776621E+00  1.267513E+01  2.151413E+01  3.558625E+01  5.346611E+01  7.036487E+01
  8.284673E+01  9.061860E+01  9.493169E+01  9.707205E+01  2.870538E+00  2.864478E+00  2.956598E+00  3.051495E+00  3.233758E+00  3.586346E+00
  4.314329E+00  5.742278E+00  8.568832E+00  1.393171E+01  2.340942E+01  3.793103E+01  5.556870E+01  7.175784E+01  8.365513E+01  9.105985E+01
  9.516949E+01  9.720892E+01  3.238437E+00  3.229691E+00  3.338275E+00  3.440154E+00  3.652819E+00  4.074607E+00  4.929912E+00  6.604166E+00
  9.892317E+00  1.600352E+01  2.641051E+01  4.142309E+01  5.850188E+01  7.366457E+01  8.475867E+01  9.166262E+01  9.549438E+01  9.739597E+01
  3.828927E+00  3.823581E+00  3.957413E+00  4.090739E+00  4.360051E+00  4.895452E+00  5.969306E+00  8.068275E+00  1.210923E+01  1.935845E+01
  3.095344E+01  4.621094E+01  6.222108E+01  7.604053E+01  8.613337E+01  9.241401E+01  9.589955E+01  9.762940E+01  4.866703E+00  4.855626E+00
  5.043833E+00  5.233305E+00  5.614512E+00  6.363356E+00  7.851759E+00  1.070460E+01  1.600471E+01  2.490336E+01  3.766424E+01  5.236650E+01
  6.665873E+01  7.884914E+01  8.775842E+01  9.330243E+01  9.637893E+01  9.790575E+01  6.955497E+00  6.942087E+00  7.256868E+00  7.563105E+00
  8.188256E+00  9.391859E+00  1.174345E+01  1.605533E+01  2.345434E+01  3.426493E+01  4.708089E+01  5.975640E+01  7.175945E+01  8.207677E+01
  8.962643E+01  9.432439E+01  9.693036E+01  9.822404E+01  1.278803E+01  1.276001E+01  1.344732E+01  1.411882E+01  1.541435E+01  1.787866E+01
  2.230389E+01  2.939918E+01  3.906052E+01  4.928938E+01  5.883322E+01  6.824551E+01  7.763922E+01  8.580095E+01  9.178299E+01  9.550421E+01
  9.756772E+01  9.859223E+01  4.938775E+01  4.925460E+01  5.000719E+01  5.062511E+01  5.154365E+01  5.299084E+01  5.460487E+01  5.700116E+01
  6.032193E+01  6.474643E+01  7.041367E+01  7.686893E+01  8.365754E+01  8.961577E+01  9.398630E+01  9.671472E+01  9.822520E+01  9.897274E+01
  2.500465E+00  2.491524E+00  2.569113E+00  2.639788E+00  2.787965E+00  3.070514E+00  3.660587E+00  4.819280E+00  7.146953E+00  1.163777E+01
  1.982180E+01  3.326324E+01  5.116064E+01  6.870297E+01  8.181402E+01  9.002985E+01  9.459461E+01  9.684573E+01  2.536061E+00  2.527286E+00
  2.605721E+00  2.679697E+00  2.830364E+00  3.123388E+00  3.726117E+00  4.906070E+00  7.280733E+00  1.185083E+01  2.014994E+01  3.369460E+01
  5.158107E+01  6.899348E+01  8.198333E+01  9.012236E+01  9.464470E+01  9.687480E+01  2.654205E+00  2.643615E+00  2.728710E+00  2.808670E+00
  2.966815E+00  3.279768E+00  3.925327E+00  5.182184E+00  7.701190E+00  1.251906E+01  2.117084E+01  3.502266E+01  5.284732E+01  6.985789E+01
  8.248559E+01  9.039778E+01  9.479359E+01  9.696131E+01  2.870538E+00  2.860271E+00  2.954859E+00  3.049411E+00  3.228097E+00  3.570757E+00
  4.291727E+00  5.690538E+00  8.476615E+00  1.374857E+01  2.302691E+01  3.734407E+01  5.496268E+01  7.127517E+01  8.330997E+01  9.084902E+01
  9.503782E+01  9.710320E+01  3.238437E+00  3.227210E+00  3.335671E+00  3.437565E+00  3.647221E+00  4.054255E+00  4.899445E+00  6.541744E+00
  9.769887E+00  1.577476E+01  2.596750E+01  4.081259E+01  5.792226E+01  7.321446E+01  8.443580E+01  9.146530E+01  9.537138E+01  9.729713E+01
  3.828927E+00  3.817366E+00  3.953537E+00  4.087566E+00  4.348980E+00  4.866198E+00  5.927292E+00  7.976887E+00  1.193718E+01  1.905166E+01
  3.043537E+01  4.559396E+01  6.168483E+01  7.563123E+01  8.583783E+01  9.223367E+01  9.578728E+01  9.753911E+01  4.866703E+00  4.849640E+00
  5.037170E+00  5.224708E+00  5.593008E+00  6.313656E+00  7.771705E+00  1.055374E+01  1.573567E+01  2.448230E+01  3.707878E+01  5.178217E+01
  6.618140E+01  7.848788E+01  8.749469E+01  9.314177E+01  9.627934E+01  9.782556E+01  6.955497E+00  6.928597E+00  7.245585E+00  7.543995E+00
  8.151434E+00  9.299392E+00  1.159328E+01  1.578328E+01  2.303206E+01  3.372864E+01  4.650720E+01  5.925406E+01  7.134798E+01  8.176626E+01
  8.939954E+01  9.418542E+01  9.684507E+01  9.815520E+01  1.278803E+01  1.272678E+01  1.341998E+01  1.407643E+01  1.531936E+01  1.767573E+01
  2.197156E+01  2.892257E+01  3.852548E+01  4.884247E+01  5.840517E+01  6.783797E+01  7.729736E+01  8.554634E+01  9.159691E+01  9.539024E+01
  9.749881E+01  9.853654E+01  4.938775E+01  4.922410E+01  4.996103E+01  5.060499E+01  5.145817E+01  5.284648E+01  5.449526E+01  5.687097E+01
  6.014287E+01  6.458518E+01  7.012873E+01  7.658659E+01  8.342774E+01  8.942398E+01  9.385957E+01  9.663480E+01  9.817752E+01  9.893240E+01
  2.500465E+00  2.488990E+00  2.568292E+00  2.637782E+00  2.781894E+00  3.060981E+00  3.636875E+00  4.782729E+00  7.057502E+00  1.147772E+01
  1.947124E+01  3.272632E+01  5.044773E+01  6.807619E+01  8.141841E+01  8.978387E+01  9.443955E+01  9.673087E+01  2.536061E+00  2.524286E+00
  2.604492E+00  2.677334E+00  2.823633E+00  3.114067E+00  3.701882E+00  4.867267E+00  7.187202E+00  1.168690E+01  1.979212E+01  3.315173E+01
  5.087011E+01  6.837184E+01  8.159065E+01  8.987870E+01  9.449094E+01  9.676096E+01  2.654205E+00  2.641184E+00  2.728533E+00  2.805215E+00
  2.959970E+00  3.270510E+00  3.895804E+00  5.138823E+00  7.597825E+00  1.233755E+01  2.079162E+01  3.446286E+01  5.214036E+01  6.925104E+01
  8.210468E+01  9.016068E+01  9.464402E+01  9.685055E+01  2.870538E+00  2.857443E+00  2.953828E+00  3.044733E+00  3.221407E+00  3.558223E+00
  4.260584E+00  5.638491E+00  8.355700E+00  1.354093E+01  2.260264E+01  3.675933E+01  5.427179E+01  7.069424E+01  8.294720E+01  9.062309E+01
  9.489494E+01  9.699749E+01  3.238437E+00  3.223032E+00  3.333703E+00  3.432537E+00  3.637396E+00  4.039392E+00  4.859024E+00  6.472634E+00
  9.619400E+00  1.551536E+01  2.548248E+01  4.020010E+01  5.725916E+01  7.266861E+01  8.409745E+01  9.125454E+01  9.523776E+01  9.719833E+01
  3.828927E+00  3.812396E+00  3.951593E+00  4.081658E+00  4.336246E+00  4.843233E+00  5.872536E+00  7.878156E+00  1.172943E+01  1.871662E+01
  2.986988E+01  4.497201E+01  6.106884E+01  7.512978E+01  8.553033E+01  9.204157E+01  9.566513E+01  9.744890E+01  4.866703E+00  4.843675E+00
  5.031966E+00  5.212594E+00  5.570285E+00  6.276741E+00  7.680974E+00  1.039286E+01  1.542435E+01  2.402783E+01  3.643816E+01  5.118871E+01
  6.563114E+01  7.803781E+01  8.722215E+01  9.297167E+01  9.617042E+01  9.774539E+01  6.955497E+00  6.919808E+00  7.236058E+00  7.521176E+00
  8.102553E+00  9.215283E+00  1.142274E+01  1.549717E+01  2.254213E+01  3.315417E+01  4.587233E+01  5.874559E+01  7.087339E+01  8.137455E+01
  8.916544E+01  9.403917E+01  9.675108E+01  9.808649E+01  1.278803E+01  1.271599E+01  1.339489E+01  1.402004E+01  1.521393E+01  1.748430E+01
  2.162144E+01  2.843047E+01  3.789507E+01  4.834846E+01  5.792669E+01  6.742911E+01  7.690704E+01  8.522144E+01  9.140536E+01  9.527135E+01
  9.742184E+01  9.848083E+01  4.938775E+01  4.918336E+01  4.992677E+01  5.057606E+01  5.141523E+01  5.275777E+01  5.434935E+01  5.670805E+01
  5.995067E+01  6.431676E+01  6.985487E+01  7.627685E+01  8.315670E+01  8.921218E+01  9.372560E+01  9.655701E+01  9.811930E+01  9.889220E+01
  2.500465E+00  2.490185E+00  2.568451E+00  2.636773E+00  2.781573E+00  3.060381E+00  3.626980E+00  4.767193E+00  7.020354E+00  1.139567E+01
  1.934212E+01  3.249116E+01  5.016035E+01  6.784647E+01  8.124603E+01  8.967335E+01  9.436739E+01  9.666188E+01  2.536061E+00  2.525390E+00
  2.604519E+00  2.676472E+00  2.823184E+00  3.113236E+00  3.691269E+00  4.852853E+00  7.148632E+00  1.160153E+01  1.966000E+01  3.291464E+01
  5.058279E+01  6.814409E+01  8.141969E+01  8.976910E+01  9.441947E+01  9.669259E+01  2.654205E+00  2.641804E+00  2.728493E+00  2.803933E+00
  2.959623E+00  3.269091E+00  3.884258E+00  5.123526E+00  7.555821E+00  1.224597E+01  2.065051E+01  3.421817E+01  5.185569E+01  6.902925E+01
  8.193826E+01  9.005372E+01  9.457445E+01  9.678397E+01  2.870538E+00  2.858809E+00  2.953417E+00  3.043792E+00  3.220107E+00  3.555990E+00
  4.245814E+00  5.619789E+00  8.307843E+00  1.343830E+01  2.244668E+01  3.650364E+01  5.399099E+01  7.048249E+01  8.278800E+01  9.052096E+01
  9.482861E+01  9.693388E+01  3.238437E+00  3.223986E+00  3.334056E+00  3.432050E+00  3.634498E+00  4.036667E+00  4.842770E+00  6.447340E+00
  9.560585E+00  1.539245E+01  2.530570E+01  3.993470E+01  5.698904E+01  7.247074E+01  8.394824E+01  9.115866E+01  9.517583E+01  9.713879E+01
  3.828927E+00  3.814050E+00  3.951735E+00  4.079071E+00  4.332143E+00  4.837229E+00  5.847845E+00  7.841040E+00  1.164680E+01  1.856285E+01
  2.966467E+01  4.470062E+01  6.081634E+01  7.494989E+01  8.539361E+01  9.195331E+01  9.560871E+01  9.739441E+01  4.866703E+00  4.845785E+00
  5.030901E+00  5.209432E+00  5.564919E+00  6.265781E+00  7.644299E+00  1.033586E+01  1.530725E+01  2.382453E+01  3.620795E+01  5.092912E+01
  6.540379E+01  7.787780E+01  8.710020E+01  9.289257E+01  9.612048E+01  9.769703E+01  6.955497E+00  6.921951E+00  7.233826E+00  7.514145E+00
  8.090726E+00  9.192893E+00  1.135797E+01  1.539867E+01  2.236243E+01  3.289972E+01  4.564865E+01  5.852014E+01  7.067429E+01  8.123705E+01
  8.905914E+01  9.397066E+01  9.670820E+01  9.804492E+01  1.278803E+01  1.272523E+01  1.338392E+01  1.400080E+01  1.518419E+01  1.742251E+01
  2.148779E+01  2.824702E+01  3.766083E+01  4.812217E+01  5.776698E+01  6.724566E+01  7.674026E+01  8.511012E+01  9.131886E+01  9.521475E+01
  9.738716E+01  9.844726E+01  4.938775E+01  4.921729E+01  4.992960E+01  5.056831E+01  5.141962E+01  5.273717E+01  5.430004E+01  5.665441E+01
  5.983953E+01  6.422424E+01  6.972017E+01  7.618398E+01  8.303671E+01  8.912301E+01  9.366871E+01  9.651560E+01  9.809603E+01  9.886858E+01
  2.500465E+00  2.494538E+00  2.569185E+00  2.637093E+00  2.782124E+00  3.060485E+00  3.638610E+00  4.784141E+00  7.056314E+00  1.144575E+01
  1.946967E+01  3.270296E+01  5.040997E+01  6.807001E+01  8.139140E+01  8.975416E+01  9.438992E+01  9.664042E+01  2.536061E+00  2.529022E+00
  2.605062E+00  2.677129E+00  2.823884E+00  3.113768E+00  3.703620E+00  4.868676E+00  7.186200E+00  1.165408E+01  1.979029E+01  3.312869E+01
  5.083184E+01  6.836605E+01  8.156381E+01  8.984925E+01  9.444179E+01  9.667131E+01  2.654205E+00  2.647632E+00  2.728782E+00  2.804839E+00
  2.960410E+00  3.269957E+00  3.897288E+00  5.140111E+00  7.596340E+00  1.230348E+01  2.078917E+01  3.443903E+01  5.210282E+01  6.924586E+01
  8.207841E+01  9.013195E+01  9.459608E+01  9.676322E+01  2.870538E+00  2.864050E+00  2.954299E+00  3.044954E+00  3.221212E+00  3.557948E+00
  4.262145E+00  5.639923E+00  8.353868E+00  1.350586E+01  2.259997E+01  3.673459E+01  5.423320E+01  7.069004E+01  8.292198E+01  9.059560E+01
  9.484908E+01  9.691401E+01  3.238437E+00  3.229042E+00  3.335644E+00  3.432482E+00  3.637445E+00  4.038752E+00  4.861497E+00  6.473676E+00
  9.617908E+00  1.547421E+01  2.547916E+01  4.017390E+01  5.722108E+01  7.266599E+01  8.407360E+01  9.122866E+01  9.519480E+01  9.712012E+01
  3.828927E+00  3.819799E+00  3.952476E+00  4.079946E+00  4.335790E+00  4.842556E+00  5.875115E+00  7.879795E+00  1.172563E+01  1.867204E+01
  2.986522E+01  4.494612E+01  6.103145E+01  7.512901E+01  8.550842E+01  9.201781E+01  9.562585E+01  9.737737E+01  4.866703E+00  4.854934E+00
  5.033565E+00  5.212266E+00  5.570836E+00  6.276197E+00  7.682621E+00  1.039136E+01  1.541642E+01  2.397882E+01  3.643400E+01  5.116406E+01
  6.559586E+01  7.803893E+01  8.720242E+01  9.295054E+01  9.613551E+01  9.768192E+01  6.955497E+00  6.937125E+00  7.237738E+00  7.520102E+00
  8.102477E+00  9.210943E+00  1.142368E+01  1.549503E+01  2.253260E+01  3.309704E+01  4.587217E+01  5.872432E+01  7.083947E+01  8.137801E+01
  8.914842E+01  9.402116E+01  9.672123E+01  9.803214E+01  1.278803E+01  1.274978E+01  1.340105E+01  1.402009E+01  1.521543E+01  1.748011E+01
  2.162210E+01  2.842292E+01  3.788233E+01  4.829389E+01  5.793323E+01  6.741351E+01  7.687560E+01  8.522618E+01  9.139138E+01  9.525718E+01
  9.739807E+01  9.843748E+01  4.938775E+01  4.925101E+01  4.994162E+01  5.056884E+01  5.140150E+01  5.277427E+01  5.437923E+01  5.671648E+01
  5.994231E+01  6.428403E+01  6.985337E+01  7.626986E+01  8.312219E+01  8.921465E+01  9.371654E+01  9.654514E+01  9.810237E+01  9.886164E+01
  2.500465E+00  2.489949E+00  2.569324E+00  2.638128E+00  2.784808E+00  3.063526E+00  3.644806E+00  4.793820E+00  7.084769E+00  1.152930E+01
  1.957425E+01  3.287886E+01  5.063768E+01  6.827885E+01  8.151227E+01  8.982743E+01  9.440982E+01  9.661667E+01  2.536061E+00  2.524637E+00
  2.605442E+00  2.677900E+00  2.827149E+00  3.115727E+00  3.710941E+00  4.879401E+00  7.214445E+00  1.173907E+01  1.989674E+01  3.330680E+01
  5.105909E+01  6.857312E+01  8.168386E+01  8.992186E+01  9.446143E+01  9.664777E+01  2.654205E+00  2.642602E+00  2.729010E+00  2.805465E+00
  2.963329E+00  3.272829E+00  3.906415E+00  5.152581E+00  7.628158E+00  1.239563E+01  2.090330E+01  3.462313E+01  5.232864E+01  6.944789E+01
  8.219427E+01  9.020258E+01  9.461510E+01  9.674028E+01  2.870538E+00  2.858818E+00  2.955102E+00  3.045476E+00  3.224624E+00  3.562085E+00
  4.271528E+00  5.653597E+00  8.390756E+00  1.360634E+01  2.272901E+01  3.692704E+01  5.445437E+01  7.088315E+01  8.303171E+01  9.066293E+01
  9.486706E+01  9.689205E+01  3.238437E+00  3.223968E+00  3.336094E+00  3.434961E+00  3.641951E+00  4.043625E+00  4.873293E+00  6.492913E+00
  9.663925E+00  1.559785E+01  2.562804E+01  4.037739E+01  5.743356E+01  7.284682E+01  8.417522E+01  9.129157E+01  9.521142E+01  9.709953E+01
  3.828927E+00  3.815004E+00  3.953092E+00  4.082785E+00  4.341917E+00  4.849798E+00  5.890069E+00  7.908116E+00  1.179093E+01  1.882124E+01
  3.004160E+01  4.515463E+01  6.122851E+01  7.529484E+01  8.559962E+01  9.207542E+01  9.564076E+01  9.735851E+01  4.866703E+00  4.846563E+00
  5.035968E+00  5.216086E+00  5.579850E+00  6.286502E+00  7.709059E+00  1.043947E+01  1.551645E+01  2.416935E+01  3.663518E+01  5.136491E+01
  6.577058E+01  7.818695E+01  8.728242E+01  9.300180E+01  9.614862E+01  9.766520E+01  6.955497E+00  6.925939E+00  7.240797E+00  7.528516E+00
  8.120229E+00  9.235720E+00  1.147587E+01  1.558435E+01  2.269157E+01  3.333560E+01  4.607248E+01  5.889610E+01  7.099015E+01  8.150635E+01
  8.921593E+01  9.406561E+01  9.673244E+01  9.801808E+01  1.278803E+01  1.271898E+01  1.340472E+01  1.403829E+01  1.525368E+01  1.753558E+01
  2.173481E+01  2.857161E+01  3.808757E+01  4.850813E+01  5.808050E+01  6.754944E+01  7.699887E+01  8.533295E+01  9.144617E+01  9.529420E+01
  9.740738E+01  9.842659E+01  4.938775E+01  4.918894E+01  4.997092E+01  5.056940E+01  5.142190E+01  5.278291E+01  5.437808E+01  5.676104E+01
  6.003004E+01  6.442019E+01  6.992080E+01  7.637646E+01  8.321721E+01  8.928947E+01  9.375465E+01  9.657145E+01  9.810912E+01  9.885311E+01
  2.500465E+00  2.495198E+00  2.569587E+00  2.639731E+00  2.784972E+00  3.067652E+00  3.654739E+00  4.808352E+00  7.119169E+00  1.158304E+01
  1.970791E+01  3.306474E+01  5.090065E+01  6.847365E+01  8.165710E+01  8.988161E+01  9.442864E+01  9.659311E+01  2.536061E+00  2.529596E+00
  2.606160E+00  2.679518E+00  2.826939E+00  3.120964E+00  3.720004E+00  4.894666E+00  7.251197E+00  1.179411E+01  2.003214E+01  3.349417E+01
  5.132244E+01  6.876630E+01  8.182766E+01  8.997533E+01  9.448006E+01  9.662441E+01  2.654205E+00  2.647840E+00  2.729068E+00  2.807705E+00
  2.964506E+00  3.277750E+00  3.918449E+00  5.169673E+00  7.669224E+00  1.245736E+01  2.104602E+01  3.481600E+01  5.259081E+01  6.963619E+01
  8.233436E+01  9.025424E+01  9.463324E+01  9.671754E+01  2.870538E+00  2.864819E+00  2.954264E+00  3.048112E+00  3.225665E+00  3.567155E+00
  4.283414E+00  5.674871E+00  8.437821E+00  1.367663E+01  2.288871E+01  3.712727E+01  5.471286E+01  7.106315E+01  8.316591E+01  9.071141E+01
  9.488439E+01  9.687034E+01  3.238437E+00  3.229877E+00  3.335939E+00  3.437289E+00  3.642962E+00  4.050034E+00  4.888488E+00  6.519034E+00
  9.719870E+00  1.568423E+01  2.580841E+01  4.058542E+01  5.768410E+01  7.301549E+01  8.430171E+01  9.133593E+01  9.522762E+01  9.707924E+01
  3.828927E+00  3.822574E+00  3.953152E+00  4.086672E+00  4.343649E+00  4.859268E+00  5.909924E+00  7.944944E+00  1.186687E+01  1.893441E+01
  3.025004E+01  4.536377E+01  6.146498E+01  7.544921E+01  8.571593E+01  9.211454E+01  9.565565E+01  9.734002E+01  4.866703E+00  4.855240E+00
  5.035689E+00  5.220886E+00  5.583804E+00  6.302579E+00  7.740468E+00  1.049927E+01  1.562844E+01  2.432014E+01  3.687145E+01  5.156224E+01
  6.598796E+01  7.832478E+01  8.738725E+01  9.303505E+01  9.616204E+01  9.764896E+01  6.955497E+00  6.936458E+00  7.243022E+00  7.538426E+00
  8.133697E+00  9.273395E+00  1.154103E+01  1.568905E+01  2.286824E+01  3.352156E+01  4.630785E+01  5.906227E+01  7.118385E+01  8.162617E+01
  8.930814E+01  9.409264E+01  9.674451E+01  9.800461E+01  1.278803E+01  1.275801E+01  1.341390E+01  1.405939E+01  1.528264E+01  1.761362E+01
  2.185611E+01  2.874720E+01  3.831224E+01  4.866170E+01  5.826321E+01  6.768000E+01  7.716487E+01  8.543212E+01  9.152332E+01  9.531406E+01
  9.741794E+01  9.841626E+01  4.938775E+01  4.923769E+01  4.996167E+01  5.057681E+01  5.143711E+01  5.285393E+01  5.448537E+01  5.679125E+01
  6.005378E+01  6.449796E+01  7.004025E+01  7.647939E+01  8.332632E+01  8.935343E+01  9.380234E+01  9.658669E+01  9.811715E+01  9.884586E+01
  2.500465E+00  2.495472E+00  2.570649E+00  2.638654E+00  2.787716E+00  3.072688E+00  3.659223E+00  4.815650E+00  7.139034E+00  1.162477E+01
  1.981102E+01  3.325125E+01  5.110790E+01  6.865897E+01  8.177647E+01  8.994796E+01  9.444347E+01  9.656715E+01  2.536061E+00  2.531549E+00
  2.606427E+00  2.678578E+00  2.830169E+00  3.125137E+00  3.724817E+00  4.901812E+00  7.272099E+00  1.183776E+01  2.013898E+01  3.368304E+01
  5.152883E+01  6.894982E+01  8.194605E+01  9.004102E+01  9.449470E+01  9.659867E+01  2.654205E+00  2.649077E+00  2.730469E+00  2.806977E+00
  2.967667E+00  3.282236E+00  3.923730E+00  5.177584E+00  7.692292E+00  1.250543E+01  2.115975E+01  3.501073E+01  5.279432E+01  6.981483E+01
  8.244930E+01  9.031821E+01  9.464735E+01  9.669245E+01  2.870538E+00  2.866076E+00  2.956266E+00  3.047887E+00  3.227854E+00  3.572830E+00
  4.290298E+00  5.684748E+00  8.467425E+00  1.373429E+01  2.301534E+01  3.733170E+01  5.490987E+01  7.123309E+01  8.327531E+01  9.077247E+01
  9.489767E+01  9.684631E+01  3.238437E+00  3.230560E+00  3.338146E+00  3.436546E+00  3.646823E+00  4.056874E+00  4.897274E+00  6.535538E+00
  9.759351E+00  1.575812E+01  2.595452E+01  4.080026E+01  5.787030E+01  7.317393E+01  8.440334E+01  9.139310E+01  9.523978E+01  9.705669E+01
  3.828927E+00  3.823720E+00  3.955335E+00  4.085649E+00  4.348927E+00  4.869460E+00  5.923393E+00  7.968433E+00  1.192424E+01  1.903311E+01
  3.042118E+01  4.558208E+01  6.163295E+01  7.559294E+01  8.580838E+01  9.216681E+01  9.566648E+01  9.731936E+01  4.866703E+00  4.856462E+00
  5.039207E+00  5.221870E+00  5.595140E+00  6.317273E+00  7.767829E+00  1.054500E+01  1.571951E+01  2.446059E+01  3.706496E+01  5.177145E+01
  6.613149E+01  7.845251E+01  8.746893E+01  9.308176E+01  9.617139E+01  9.763063E+01  6.955497E+00  6.941177E+00  7.247704E+00  7.539555E+00
  8.149549E+00  9.304407E+00  1.158798E+01  1.576945E+01  2.301025E+01  3.370429E+01  4.649660E+01  5.924548E+01  7.130182E+01  8.173510E+01
  8.937769E+01  9.413351E+01  9.675241E+01  9.798920E+01  1.278803E+01  1.275163E+01  1.342617E+01  1.406674E+01  1.531797E+01  1.768276E+01
  2.196076E+01  2.889701E+01  3.849894E+01  4.882516E+01  5.840140E+01  6.783303E+01  7.725761E+01  8.552099E+01  9.157946E+01  9.534860E+01
  9.742423E+01  9.840443E+01  4.938775E+01  4.926844E+01  4.998210E+01  5.059398E+01  5.149432E+01  5.287284E+01  5.449616E+01  5.684150E+01
  6.011584E+01  6.458240E+01  7.012424E+01  7.659388E+01  8.340951E+01  8.940897E+01  9.384280E+01  9.660955E+01  9.812134E+01  9.883798E+01
  2.500465E+00  2.496732E+00  2.570921E+00  2.638028E+00  2.789502E+00  3.074390E+00  3.662862E+00  4.834175E+00  7.166774E+00  1.166353E+01
  1.991686E+01  3.342783E+01  5.130506E+01  6.884016E+01  8.188605E+01  9.000772E+01  9.445688E+01  9.654063E+01  2.536061E+00  2.532165E+00
  2.607353E+00  2.678287E+00  2.832416E+00  3.127804E+00  3.729556E+00  4.920958E+00  7.301539E+00  1.187723E+01  2.024774E+01  3.386148E+01
  5.172535E+01  6.912932E+01  8.205454E+01  9.010030E+01  9.450800E+01  9.657237E+01  2.654205E+00  2.650029E+00  2.730393E+00  2.806667E+00
  2.970130E+00  3.284542E+00  3.929337E+00  5.198412E+00  7.723576E+00  1.255008E+01  2.127677E+01  3.519585E+01  5.298951E+01  6.998962E+01
  8.255453E+01  9.037577E+01  9.466021E+01  9.666682E+01  2.870538E+00  2.867228E+00  2.956030E+00  3.047730E+00  3.230776E+00  3.576598E+00
  4.297379E+00  5.709195E+00  8.505841E+00  1.378695E+01  2.314567E+01  3.752485E+01  5.510046E+01  7.139966E+01  8.337521E+01  9.082723E+01
  9.490981E+01  9.682178E+01  3.238437E+00  3.233877E+00  3.337536E+00  3.436558E+00  3.650184E+00  4.061141E+00  4.906333E+00  6.566182E+00
  9.805247E+00  1.582599E+01  2.610497E+01  4.100235E+01  5.805223E+01  7.333009E+01  8.449595E+01  9.144402E+01  9.525100E+01  9.703371E+01
  3.828927E+00  3.823840E+00  3.956437E+00  4.086457E+00  4.353965E+00  4.875426E+00  5.936272E+00  8.011123E+00  1.198901E+01  1.912569E+01
  3.059831E+01  4.578765E+01  6.180083E+01  7.573531E+01  8.589211E+01  9.221307E+01  9.567657E+01  9.729828E+01  4.866703E+00  4.859617E+00
  5.041924E+00  5.224484E+00  5.604057E+00  6.330002E+00  7.791325E+00  1.060609E+01  1.581576E+01  2.459008E+01  3.726719E+01  5.196948E+01
  6.627950E+01  7.857879E+01  8.754271E+01  9.312268E+01  9.618036E+01  9.761197E+01  6.955497E+00  6.945961E+00  7.249799E+00  7.545322E+00
  8.163365E+00  9.327421E+00  1.163466E+01  1.587795E+01  2.315997E+01  3.386728E+01  4.669468E+01  5.941730E+01  7.142766E+01  8.184435E+01
  8.944099E+01  9.416859E+01  9.676022E+01  9.797338E+01  1.278803E+01  1.276028E+01  1.343224E+01  1.408187E+01  1.535479E+01  1.774175E+01
  2.207197E+01  2.908132E+01  3.868307E+01  4.894965E+01  5.855112E+01  6.797384E+01  7.735712E+01  8.561092E+01  9.163009E+01  9.537717E+01
  9.743112E+01  9.839224E+01  4.938775E+01  4.928886E+01  4.999886E+01  5.057983E+01  5.153632E+01  5.290004E+01  5.453663E+01  5.691617E+01
  6.018745E+01  6.456698E+01  7.022101E+01  7.666622E+01  8.346994E+01  8.948225E+01  9.388768E+01  9.662907E+01  9.812673E+01  9.882860E+01
  2.500465E+00  2.490373E+00  2.570658E+00  2.641650E+00  2.789140E+00  3.078306E+00  3.669716E+00  4.845331E+00  7.187086E+00  1.170266E+01
  2.002586E+01  3.357060E+01  5.152151E+01  6.903268E+01  8.200756E+01  9.006595E+01  9.446820E+01  9.651181E+01  2.536061E+00  2.524655E+00
  2.607714E+00  2.681860E+00  2.832981E+00  3.131642E+00  3.736370E+00  4.932064E+00  7.322011E+00  1.191805E+01  2.035857E+01  3.400650E+01
  5.194109E+01  6.932021E+01  8.217484E+01  9.015792E+01  9.451919E+01  9.654379E+01  2.654205E+00  2.642316E+00  2.730673E+00  2.810598E+00
  2.969657E+00  3.288757E+00  3.936498E+00  5.210910E+00  7.747682E+00  1.259536E+01  2.139618E+01  3.534483E+01  5.320366E+01  7.017590E+01
  8.267150E+01  9.043177E+01  9.467105E+01  9.663901E+01  2.870538E+00  2.858158E+00  2.956693E+00  3.052413E+00  3.230719E+00  3.580694E+00
  4.306689E+00  5.726007E+00  8.535318E+00  1.384216E+01  2.327597E+01  3.768178E+01  5.531024E+01  7.157758E+01  8.348718E+01  9.088052E+01
  9.492005E+01  9.679521E+01  3.238437E+00  3.225139E+00  3.338255E+00  3.440727E+00  3.650630E+00  4.066832E+00  4.919219E+00  6.587873E+00
  9.845380E+00  1.589593E+01  2.625661E+01  4.116671E+01  5.825341E+01  7.349710E+01  8.460070E+01  9.149376E+01  9.526045E+01  9.700887E+01
  3.828927E+00  3.814253E+00  3.957244E+00  4.091337E+00  4.356485E+00  4.884882E+00  5.953721E+00  8.043246E+00  1.204545E+01  1.922145E+01
  3.077424E+01  4.595361E+01  6.198773E+01  7.588828E+01  8.598815E+01  9.225848E+01  9.568507E+01  9.727567E+01  4.866703E+00  4.845666E+00
  5.043488E+00  5.231763E+00  5.608255E+00  6.344408E+00  7.821994E+00  1.065832E+01  1.590587E+01  2.472484E+01  3.746256E+01  5.212378E+01
  6.644666E+01  7.871497E+01  8.762885E+01  9.316298E+01  9.618787E+01  9.759207E+01  6.955497E+00  6.923098E+00  7.254346E+00  7.557287E+00
  8.174234E+00  9.360600E+00  1.168705E+01  1.597341E+01  2.330040E+01  3.404147E+01  4.688341E+01  5.954304E+01  7.157227E+01  8.196204E+01
  8.951492E+01  9.420371E+01  9.676688E+01  9.795676E+01  1.278803E+01  1.272100E+01  1.344083E+01  1.411289E+01  1.537998E+01  1.780525E+01
  2.219041E+01  2.924581E+01  3.886686E+01  4.910168E+01  5.868756E+01  6.807033E+01  7.747950E+01  8.571024E+01  9.169128E+01  9.540637E+01
  9.743702E+01  9.837943E+01  4.938775E+01  4.918733E+01  5.000414E+01  5.062224E+01  5.153529E+01  5.294382E+01  5.458022E+01  5.698368E+01
  6.024288E+01  6.466204E+01  7.030003E+01  7.672441E+01  8.355421E+01  8.955247E+01  9.392724E+01  9.664814E+01  9.813156E+01  9.881790E+01
  2.500465E+00  2.496568E+00  2.571329E+00  2.640967E+00  2.790659E+00  3.079771E+00  3.676697E+00  4.852145E+00  7.217065E+00  1.174450E+01
  2.013414E+01  3.377549E+01  5.171057E+01  6.918590E+01  8.211724E+01  9.012762E+01  9.447951E+01  9.648152E+01  2.536061E+00  2.532379E+00
  2.608006E+00  2.681043E+00  2.835624E+00  3.133461E+00  3.743406E+00  4.940044E+00  7.352826E+00  1.196200E+01  2.046868E+01  3.421357E+01
  5.212918E+01  6.947182E+01  8.228354E+01  9.021910E+01  9.453038E+01  9.651376E+01  2.654205E+00  2.649991E+00  2.730850E+00  2.809684E+00
  2.971856E+00  3.291791E+00  3.944198E+00  5.218445E+00  7.780079E+00  1.264569E+01  2.151380E+01  3.555909E+01  5.338983E+01  7.032278E+01
  8.277697E+01  9.049133E+01  9.468192E+01  9.660974E+01  2.870538E+00  2.866232E+00  2.956608E+00  3.051300E+00  3.232927E+00  3.583386E+00
  4.316332E+00  5.739985E+00  8.572228E+00  1.389999E+01  2.340867E+01  3.790440E+01  5.549237E+01  7.171710E+01  8.358781E+01  9.093755E+01
  9.493039E+01  9.676722E+01  3.238437E+00  3.233168E+00  3.338514E+00  3.439908E+00  3.654698E+00  4.071436E+00  4.932300E+00  6.601063E+00
  9.896283E+00  1.596972E+01  2.640904E+01  4.139679E+01  5.842603E+01  7.362575E+01  8.469473E+01  9.154724E+01  9.527002E+01  9.698263E+01
  3.828927E+00  3.825590E+00  3.958025E+00  4.090730E+00  4.360392E+00  4.892429E+00  5.971281E+00  8.065098E+00  1.211321E+01  1.931926E+01
  3.095156E+01  4.618571E+01  6.214589E+01  7.600415E+01  8.607384E+01  9.230755E+01  9.569389E+01  9.725169E+01  4.866703E+00  4.858610E+00
  5.044761E+00  5.233428E+00  5.615811E+00  6.358927E+00  7.854380E+00  1.069979E+01  1.600960E+01  2.485958E+01  3.766191E+01  5.234386E+01
  6.658691E+01  7.881589E+01  8.770466E+01  9.320718E+01  9.619582E+01  9.757079E+01  6.955497E+00  6.944914E+00  7.257123E+00  7.563799E+00
  8.189837E+00  9.387136E+00  1.174755E+01  1.604929E+01  2.345961E+01  3.421318E+01  4.708051E+01  5.973921E+01  7.169022E+01  8.204758E+01
  8.957983E+01  9.424238E+01  9.677406E+01  9.793874E+01  1.278803E+01  1.276706E+01  1.345054E+01  1.412086E+01  1.541527E+01  1.786971E+01
  2.231324E+01  2.938679E+01  3.906778E+01  4.924093E+01  5.883698E+01  6.823251E+01  7.757697E+01  8.577879E+01  9.174571E+01  9.543858E+01
  9.744336E+01  9.836557E+01  4.938775E+01  4.928690E+01  4.999511E+01  5.061471E+01  5.155970E+01  5.296555E+01  5.463960E+01  5.698583E+01
  6.032327E+01  6.473382E+01  7.041755E+01  7.686878E+01  8.361529E+01  8.960223E+01  9.396300E+01  9.666998E+01  9.813587E+01  9.880920E+01
  2.500465E+00  2.495674E+00  2.572609E+00  2.641797E+00  2.789358E+00  3.077218E+00  3.672074E+00  4.846543E+00  7.194960E+00  1.174551E+01
  2.009301E+01  3.369558E+01  5.161839E+01  6.912384E+01  8.204833E+01  9.007661E+01  9.443672E+01  9.642263E+01  2.536061E+00  2.530878E+00
  2.608909E+00  2.681517E+00  2.833603E+00  3.131098E+00  3.738400E+00  4.934003E+00  7.330272E+00  1.196242E+01  2.042702E+01  3.413276E+01
  5.203716E+01  6.941062E+01  8.221517E+01  9.016847E+01  9.448794E+01  9.645538E+01  2.654205E+00  2.648742E+00  2.732290E+00  2.810391E+00
  2.969975E+00  3.287942E+00  3.939061E+00  5.212159E+00  7.757037E+00  1.264445E+01  2.146860E+01  3.547535E+01  5.329858E+01  7.026375E+01
  8.271029E+01  9.044190E+01  9.464057E+01  9.655288E+01  2.870538E+00  2.865841E+00  2.958284E+00  3.052113E+00  3.230893E+00  3.579848E+00
  4.309878E+00  5.729994E+00  8.546816E+00  1.389722E+01  2.335755E+01  3.781745E+01  5.540282E+01  7.166164E+01  8.352343E+01  9.088998E+01
  9.489085E+01  9.671286E+01  3.238437E+00  3.232019E+00  3.339967E+00  3.440545E+00  3.651735E+00  4.067211E+00  4.925244E+00  6.591619E+00
  9.864298E+00  1.596057E+01  2.634971E+01  4.130603E+01  5.834030E+01  7.357521E+01  8.463359E+01  9.150232E+01  9.523302E+01  9.693170E+01
  3.828927E+00  3.824038E+00  3.959541E+00  4.091693E+00  4.358185E+00  4.886545E+00  5.961517E+00  8.050765E+00  1.207186E+01  1.930252E+01
  3.088219E+01  4.609483E+01  6.206616E+01  7.595984E+01  8.601717E+01  9.226610E+01  9.566000E+01  9.720509E+01  4.866703E+00  4.856517E+00
  5.045982E+00  5.232526E+00  5.610431E+00  6.347764E+00  7.837484E+00  1.067850E+01  1.595055E+01  2.482936E+01  3.758419E+01  5.225780E+01
  6.651458E+01  7.877901E+01  8.765347E+01  9.316970E+01  9.616562E+01  9.752930E+01  6.955497E+00  6.942052E+00  7.259587E+00  7.560400E+00
  8.181298E+00  9.368530E+00  1.172084E+01  1.600879E+01  2.337305E+01  3.417022E+01  4.700522E+01  5.966290E+01  7.162829E+01  8.201837E+01
  8.953486E+01  9.420959E+01  9.674814E+01  9.790329E+01  1.278803E+01  1.275576E+01  1.345356E+01  1.411838E+01  1.539550E+01  1.783245E+01
  2.225233E+01  2.931567E+01  3.896048E+01  4.921501E+01  5.878331E+01  6.816963E+01  7.752489E+01  8.575739E+01  9.170746E+01  9.541138E+01
  9.742249E+01  9.833672E+01  4.938775E+01  4.925080E+01  5.002440E+01  5.060900E+01  5.153160E+01  5.292754E+01  5.459785E+01  5.698171E+01
  6.026978E+01  6.470492E+01  7.038897E+01  7.680147E+01  8.357935E+01  8.958474E+01  9.394160E+01  9.665222E+01  9.811973E+01  9.878475E+01
  2.500465E+00  2.497169E+00  2.571345E+00  2.640005E+00  2.789830E+00  3.074241E+00  3.665725E+00  4.834903E+00  7.163345E+00  1.168060E+01
  1.996381E+01  3.345552E+01  5.134351E+01  6.887924E+01  8.190486E+01  8.998219E+01  9.436196E+01  9.635283E+01  2.536061E+00  2.532294E+00
  2.607473E+00  2.679897E+00  2.832444E+00  3.127334E+00  3.732423E+00  4.921640E+00  7.298081E+00  1.189576E+01  2.029412E+01  3.389039E+01
  5.176334E+01  6.916795E+01  8.207312E+01  9.007491E+01  9.441391E+01  9.638622E+01  2.654205E+00  2.649212E+00  2.731142E+00  2.808419E+00
  2.969497E+00  3.284111E+00  3.932353E+00  5.199264E+00  7.720792E+00  1.256955E+01  2.132691E+01  3.522487E+01  5.302716E+01  7.002701E+01
  8.257242E+01  9.035097E+01  9.456841E+01  9.648554E+01  2.870538E+00  2.867445E+00  2.956339E+00  3.049272E+00  3.230555E+00  3.575388E+00
  4.300900E+00  5.711461E+00  8.504507E+00  1.381010E+01  2.319982E+01  3.755689E+01  5.513690E+01  7.143479E+01  8.339230E+01  9.080344E+01
  9.482193E+01  9.664853E+01  3.238437E+00  3.234024E+00  3.338791E+00  3.438722E+00  3.650895E+00  4.061638E+00  4.911228E+00  6.569933E+00
  9.807785E+00  1.585415E+01  2.616731E+01  4.103671E+01  5.808635E+01  7.336242E+01  8.451181E+01  9.142174E+01  9.516842E+01  9.687152E+01
  3.828927E+00  3.825242E+00  3.956899E+00  4.088370E+00  4.355258E+00  4.876441E+00  5.943872E+00  8.017305E+00  1.199429E+01  1.916358E+01
  3.067005E+01  4.582221E+01  6.183116E+01  7.576403E+01  8.590657E+01  9.219282E+01  9.560086E+01  9.715005E+01  4.866703E+00  4.859900E+00
  5.042076E+00  5.227103E+00  5.605258E+00  6.331705E+00  7.803872E+00  1.061918E+01  1.583038E+01  2.464134E+01  3.734777E+01  5.200094E+01
  6.630488E+01  7.860349E+01  8.755580E+01  9.310484E+01  9.611298E+01  9.748045E+01  6.955497E+00  6.944126E+00  7.252169E+00  7.550008E+00
  8.169666E+00  9.333234E+00  1.165501E+01  1.590300E+01  2.318828E+01  3.393234E+01  4.677679E+01  5.944007E+01  7.144699E+01  8.186536E+01
  8.945232E+01  9.415412E+01  9.670264E+01  9.786137E+01  1.278803E+01  1.276475E+01  1.343671E+01  1.409146E+01  1.536817E+01  1.775491E+01
  2.211578E+01  2.913170E+01  3.872299E+01  4.900965E+01  5.861823E+01  6.798788E+01  7.737265E+01  8.562836E+01  9.163963E+01  9.536700E+01
  9.738514E+01  9.830307E+01  4.938775E+01  4.930639E+01  4.999288E+01  5.061789E+01  5.152758E+01  5.289704E+01  5.455043E+01  5.696873E+01
  6.017408E+01  6.459487E+01  7.028056E+01  7.667165E+01  8.348527E+01  8.949828E+01  9.389290E+01  9.662076E+01  9.809472E+01  9.876241E+01
  2.500465E+00  2.487535E+00  2.570645E+00  2.639054E+00  2.787718E+00  3.068426E+00  3.657416E+00  4.819516E+00  7.135655E+00  1.162796E+01
  1.980630E+01  3.322622E+01  5.110876E+01  6.864762E+01  8.174103E+01  8.987048E+01  9.428606E+01  9.628005E+01  2.536061E+00  2.523309E+00
  2.606873E+00  2.678546E+00  2.830001E+00  3.120658E+00  3.723200E+00  4.906577E+00  7.268378E+00  1.184119E+01  2.013449E+01  3.365803E+01
  5.152964E+01  6.893855E+01  8.191074E+01  8.996417E+01  9.433866E+01  9.631406E+01  2.654205E+00  2.640945E+00  2.730320E+00  2.807496E+00
  2.966677E+00  3.277562E+00  3.922314E+00  5.182294E+00  7.688268E+00  1.250896E+01  2.115540E+01  3.498598E+01  5.279554E+01  6.980332E+01
  8.241447E+01  9.024292E+01  9.449510E+01  9.641528E+01  2.870538E+00  2.857374E+00  2.955707E+00  3.048335E+00  3.228343E+00  3.568045E+00
  4.288026E+00  5.691352E+00  8.464247E+00  1.373852E+01  2.301204E+01  3.730685E+01  5.491149E+01  7.122169E+01  8.324137E+01  9.069994E+01
  9.475172E+01  9.658137E+01  3.238437E+00  3.222120E+00  3.337157E+00  3.435975E+00  3.646695E+00  4.052489E+00  4.895678E+00  6.542755E+00
  9.756083E+00  1.576434E+01  2.595334E+01  4.077521E+01  5.787160E+01  7.316245E+01  8.437070E+01  9.132431E+01  9.510251E+01  9.680864E+01
  3.828927E+00  3.811151E+00  3.955847E+00  4.086593E+00  4.348955E+00  4.863202E+00  5.923111E+00  7.978088E+00  1.192263E+01  1.904172E+01
  3.042171E+01  4.555755E+01  6.163446E+01  7.558159E+01  8.577740E+01  9.210320E+01  9.554037E+01  9.709257E+01  4.866703E+00  4.844571E+00
  5.039412E+00  5.222267E+00  5.595098E+00  6.310100E+00  7.767570E+00  1.055688E+01  1.571980E+01  2.447318E+01  3.706621E+01  5.174572E+01
  6.613248E+01  7.844166E+01  8.744035E+01  9.302453E+01  9.605885E+01  9.742927E+01  6.955497E+00  6.921055E+00  7.247988E+00  7.542084E+00
  8.150662E+00  9.293419E+00  1.159009E+01  1.578984E+01  2.301479E+01  3.372099E+01  4.649693E+01  5.921850E+01  7.130276E+01  8.172535E+01
  8.935258E+01  9.408379E+01  9.665582E+01  9.781741E+01  1.278803E+01  1.271386E+01  1.342785E+01  1.407487E+01  1.532413E+01  1.767230E+01
  2.196571E+01  2.893138E+01  3.850676E+01  4.883718E+01  5.839613E+01  6.780444E+01  7.725874E+01  8.551303E+01  9.155969E+01  9.530833E+01
  9.734686E+01  9.826753E+01  4.938775E+01  4.917278E+01  4.996619E+01  5.060318E+01  5.146606E+01  5.283991E+01  5.449410E+01  5.686726E+01
  6.012271E+01  6.458205E+01  7.011842E+01  7.654977E+01  8.340628E+01  8.939744E+01  9.383035E+01  9.658180E+01  9.806719E+01  9.873621E+01
  2.500465E+00  2.495784E+00  2.569649E+00  2.637034E+00  2.785088E+00  3.067955E+00  3.648147E+00  4.801524E+00  7.110435E+00  1.155951E+01
  1.967296E+01  3.301609E+01  5.082000E+01  6.839810E+01  8.157494E+01  8.976316E+01  9.421029E+01  9.621228E+01  2.536061E+00  2.529745E+00
  2.606449E+00  2.677256E+00  2.827320E+00  3.120356E+00  3.713447E+00  4.887506E+00  7.241946E+00  1.177032E+01  1.999745E+01  3.344549E+01
  5.124150E+01  6.869129E+01  8.174588E+01  8.985783E+01  9.426352E+01  9.624689E+01  2.654205E+00  2.647907E+00  2.729669E+00  2.805375E+00
  2.963748E+00  3.277225E+00  3.911020E+00  5.161751E+00  7.659889E+00  1.243248E+01  2.101036E+01  3.476704E+01  5.251016E+01  6.956233E+01
  8.225420E+01  9.013941E+01  9.442199E+01  9.634989E+01  2.870538E+00  2.863949E+00  2.954719E+00  3.047035E+00  3.224826E+00  3.566476E+00
  4.275906E+00  5.667264E+00  8.427564E+00  1.365002E+01  2.285022E+01  3.707807E+01  5.463277E+01  7.099133E+01  8.308840E+01  9.060117E+01
  9.468189E+01  9.651889E+01  3.238437E+00  3.231651E+00  3.336454E+00  3.434388E+00  3.642948E+00  4.050214E+00  4.880708E+00  6.509639E+00
  9.707570E+00  1.565584E+01  2.576710E+01  4.053603E+01  5.760500E+01  7.294640E+01  8.422777E+01  9.123196E+01  9.503725E+01  9.675019E+01
  3.828927E+00  3.825376E+00  3.954694E+00  4.082142E+00  4.343360E+00  4.858870E+00  5.900312E+00  7.932518E+00  1.185324E+01  1.890123E+01
  3.020511E+01  4.531514E+01  6.138828E+01  7.538396E+01  8.564687E+01  9.201870E+01  9.548071E+01  9.703912E+01  4.866703E+00  4.857183E+00
  5.036773E+00  5.217674E+00  5.582572E+00  6.301128E+00  7.726649E+00  1.048285E+01  1.561125E+01  2.428130E+01  3.682415E+01  5.151649E+01
  6.591483E+01  7.826447E+01  8.732423E+01  9.294942E+01  9.600594E+01  9.738173E+01  6.955497E+00  6.939114E+00  7.243329E+00  7.531921E+00
  8.131272E+00  9.271573E+00  1.151897E+01  1.566954E+01  2.284508E+01  3.347757E+01  4.626139E+01  5.902398E+01  7.111645E+01  8.157191E+01
  8.925285E+01  9.401906E+01  9.661053E+01  9.777673E+01  1.278803E+01  1.275803E+01  1.341411E+01  1.405051E+01  1.527741E+01  1.760646E+01
  2.182584E+01  2.871460E+01  3.828775E+01  4.862245E+01  5.822597E+01  6.765105E+01  7.710547E+01  8.538607E+01  9.147812E+01  9.525542E+01
  9.731026E+01  9.823462E+01  4.938775E+01  4.925815E+01  4.998306E+01  5.056004E+01  5.146078E+01  5.285719E+01  5.441754E+01  5.679607E+01
  6.005508E+01  6.446684E+01  7.002766E+01  7.645541E+01  8.329385E+01  8.931908E+01  9.377522E+01  9.654684E+01  9.803992E+01  9.871328E+01
  4.756630E+00  4.630551E+00  4.861489E+00  5.057982E+00  5.466410E+00  6.340441E+00  7.941437E+00  1.092457E+01  1.585751E+01  2.375993E+01
  3.543544E+01  5.000813E+01  6.555640E+01  7.866550E+01  8.789863E+01  9.350887E+01  9.661692E+01  9.824630E+01  4.756630E+00  4.750536E+00
  4.856223E+00  5.104890E+00  5.375923E+00  6.252855E+00  7.811510E+00  1.070020E+01  1.543085E+01  2.316916E+01  3.468084E+01  4.919175E+01
  6.475371E+01  7.808800E+01  8.751742E+01  9.327830E+01  9.647874E+01  9.813865E+01  4.756630E+00  4.810694E+00  4.878139E+00  5.039238E+00
  5.390423E+00  6.267238E+00  7.745169E+00  1.056394E+01  1.527953E+01  2.294110E+01  3.442923E+01  4.892274E+01  6.445276E+01  7.786893E+01
  8.734991E+01  9.318384E+01  9.641449E+01  9.807521E+01  4.756630E+00  4.707264E+00  4.844835E+00  5.025184E+00  5.364334E+00  6.186938E+00
  7.719126E+00  1.057066E+01  1.519874E+01  2.278466E+01  3.423416E+01  4.866753E+01  6.422495E+01  7.768383E+01  8.724465E+01  9.311263E+01
  9.635446E+01  9.801637E+01  4.756630E+00  4.483700E+00  4.854926E+00  5.047915E+00  5.325991E+00  6.200744E+00  7.699092E+00  1.051545E+01
  1.511999E+01  2.265763E+01  3.400023E+01  4.845129E+01  6.405765E+01  7.753391E+01  8.715639E+01  9.304865E+01  9.630806E+01  9.795909E+01
  4.756630E+00  4.647966E+00  4.856032E+00  5.034575E+00  5.368724E+00  6.174153E+00  7.663983E+00  1.047455E+01  1.504812E+01  2.255062E+01
  3.387182E+01  4.821085E+01  6.380944E+01  7.734405E+01  8.701880E+01  9.296598E+01  9.624762E+01  9.789963E+01  4.756630E+00  4.619292E+00
  4.830196E+00  5.012836E+00  5.348022E+00  6.191145E+00  7.622037E+00  1.033275E+01  1.492244E+01  2.233230E+01  3.363086E+01  4.793800E+01
  6.352599E+01  7.712279E+01  8.688319E+01  9.287167E+01  9.618337E+01  9.783351E+01  4.756630E+00  4.736969E+00  4.851376E+00  5.063079E+00
  5.377870E+00  6.152920E+00  7.557621E+00  1.029227E+01  1.476247E+01  2.214806E+01  3.335137E+01  4.759319E+01  6.319161E+01  7.689337E+01
  8.670237E+01  9.277374E+01  9.611388E+01  9.776826E+01  4.756630E+00  4.757327E+00  4.861710E+00  4.992605E+00  5.317079E+00  6.039717E+00
  7.409425E+00  9.830137E+00  1.418471E+01  2.128894E+01  3.205130E+01  4.611467E+01  6.172360E+01  7.568298E+01  8.592074E+01  9.230647E+01
  9.584592E+01  9.759616E+01  4.756630E+00  4.593771E+00  4.817033E+00  5.012565E+00  5.301557E+00  5.914552E+00  7.340758E+00  9.648016E+00
  1.400414E+01  2.106131E+01  3.157140E+01  4.553872E+01  6.119838E+01  7.526417E+01  8.562902E+01  9.212707E+01  9.573256E+01  9.750515E+01
  4.756630E+00  4.545100E+00  4.816808E+00  5.017608E+00  5.310699E+00  5.871314E+00  7.235128E+00  9.498606E+00  1.377168E+01  2.063331E+01
  3.107005E+01  4.494843E+01  6.060556E+01  7.476342E+01  8.531812E+01  9.193478E+01  9.560670E+01  9.741345E+01  4.756630E+00  4.604784E+00
  4.848231E+00  5.012156E+00  5.306814E+00  5.905044E+00  7.133935E+00  9.492502E+00  1.361924E+01  2.050027E+01  3.090034E+01  4.473620E+01
  6.033878E+01  7.458374E+01  8.518571E+01  9.184594E+01  9.554917E+01  9.735833E+01  4.756630E+00  4.716671E+00  4.845016E+00  5.018128E+00
  5.304160E+00  5.893647E+00  7.268075E+00  9.507718E+00  1.377283E+01  2.054782E+01  3.108061E+01  4.493478E+01  6.056496E+01  7.475834E+01
  8.529622E+01  9.191174E+01  9.556567E+01  9.734115E+01  4.756630E+00  4.574734E+00  4.825352E+00  5.010580E+00  5.316025E+00  5.873781E+00
  7.283749E+00  9.544872E+00  1.385619E+01  2.080430E+01  3.118730E+01  4.513554E+01  6.074886E+01  7.492593E+01  8.538994E+01  9.196664E+01
  9.558118E+01  9.732187E+01  4.756630E+00  4.750631E+00  4.824298E+00  5.012131E+00  5.298140E+00  5.932740E+00  7.355336E+00  9.587327E+00
  1.392056E+01  2.093119E+01  3.137189E+01  4.531831E+01  6.098251E+01  7.508364E+01  8.550199E+01  9.200887E+01  9.559694E+01  9.730342E+01
  4.756630E+00  4.757987E+00  4.859511E+00  5.003332E+00  5.339378E+00  5.959840E+00  7.337389E+00  9.616804E+00  1.396832E+01  2.102850E+01
  3.154242E+01  4.553114E+01  6.115553E+01  7.522465E+01  8.559292E+01  9.206080E+01  9.560855E+01  9.728402E+01  4.756630E+00  4.728364E+00
  4.871480E+00  4.976438E+00  5.342250E+00  5.963587E+00  7.355221E+00  9.726793E+00  1.404794E+01  2.105049E+01  3.175041E+01  4.569197E+01
  6.131861E+01  7.537630E+01  8.568671E+01  9.210810E+01  9.561904E+01  9.726301E+01  4.756630E+00  4.573291E+00  4.869002E+00  5.029317E+00
  5.318269E+00  6.000072E+00  7.377665E+00  9.820304E+00  1.408209E+01  2.114579E+01  3.191835E+01  4.586066E+01  6.148996E+01  7.552778E+01
  8.577978E+01  9.215343E+01  9.562875E+01  9.723916E+01  4.756630E+00  4.741150E+00  4.843034E+00  4.988629E+00  5.357946E+00  6.010428E+00
  7.439019E+00  9.834090E+00  1.419531E+01  2.126052E+01  3.204973E+01  4.610396E+01  6.163654E+01  7.564906E+01  8.586582E+01  9.220279E+01
  9.563718E+01  9.721589E+01  4.756630E+00  4.695506E+00  4.882150E+00  4.991752E+00  5.315328E+00  5.958644E+00  7.378541E+00  9.796913E+00
  1.414496E+01  2.121920E+01  3.201853E+01  4.600083E+01  6.156556E+01  7.560063E+01  8.581075E+01  9.216148E+01  9.560304E+01  9.716820E+01
  4.756630E+00  4.732535E+00  4.857298E+00  5.009716E+00  5.318774E+00  5.935630E+00  7.383834E+00  9.774265E+00  1.401953E+01  2.109763E+01
  3.185556E+01  4.571060E+01  6.135456E+01  7.540767E+01  8.569906E+01  9.208746E+01  9.554256E+01  9.711282E+01  4.756630E+00  4.579751E+00
  4.818710E+00  4.992011E+00  5.315941E+00  5.903364E+00  7.326454E+00  9.657166E+00  1.397281E+01  2.105755E+01  3.154118E+01  4.548298E+01
  6.115570E+01  7.521336E+01  8.556921E+01  9.199972E+01  9.547980E+01  9.705404E+01  4.756630E+00  4.761604E+00  4.856991E+00  5.014288E+00
  5.317664E+00  5.941754E+00  7.267287E+00  9.565115E+00  1.390546E+01  2.086322E+01  3.132795E+01  4.526303E+01  6.091317E+01  7.501865E+01
  8.543842E+01  9.191661E+01  9.541998E+01  9.700017E+01
