  6.367399E-01
          18 10.0000000
 -2.000000E+01 -1.000000E+01 -2.107210E+00 -1.806180E+00 -1.505150E+00 -1.204120E+00 -9.030900E-01 -6.020600E-01 -3.010300E-01  0.000000E+00
  3.010300E-01  6.020600E-01  9.030900E-01  1.204120E+00  1.505150E+00  1.806180E+00  2.107210E+00  2.408240E+00
          10 10.0000000
  0.000000E+00  1.000000E+01  2.000000E+01  3.000000E+01  4.000000E+01  5.000000E+01  6.000000E+01  7.000000E+01  8.000000E+01  8.900000E+01
          23  4.0000000
  4.000000E+00  8.000000E+00  1.200000E+01  1.600000E+01  2.000000E+01  2.400000E+01  2.800000E+01  3.200000E+01  3.600000E+01  4.000000E+01
  4.400000E+01  4.800000E+01  5.200000E+01  5.600000E+01  6.000000E+01  6.400000E+01  6.800000E+01  7.200000E+01  7.600000E+01  8.000000E+01
  8.400000E+01  8.800000E+01  9.200000E+01
  2.598279E+00  2.590796E+00  2.675550E+00  2.757733E+00  2.918863E+00  3.238458E+00  3.897598E+00  5.241981E+00  7.863325E+00  1.304031E+01
  2.254126E+01  3.770602E+01  5.632650E+01  7.293224E+01  8.464874E+01  9.176659E+01  9.571191E+01  9.777930E+01  2.636777E+00  2.628690E+00
  2.718604E+00  2.801912E+00  2.962481E+00  3.294524E+00  3.971302E+00  5.341197E+00  8.021605E+00  1.329777E+01  2.292969E+01  3.818104E+01
  5.672465E+01  7.318533E+01  8.479210E+01  9.184349E+01  9.575195E+01  9.780001E+01  2.760457E+00  2.750415E+00  2.846957E+00  2.939682E+00
  3.113579E+00  3.467164E+00  4.195500E+00  5.662409E+00  8.528353E+00  1.411122E+01  2.414721E+01  3.962082E+01  5.791352E+01  7.393571E+01
  8.521799E+01  9.207195E+01  9.587086E+01  9.786159E+01  2.987275E+00  2.977427E+00  3.082106E+00  3.188812E+00  3.390957E+00  3.786993E+00
  4.613573E+00  6.265086E+00  9.465618E+00  1.561378E+01  2.633638E+01  4.209412E+01  5.987661E+01  7.516564E+01  8.591566E+01  9.244631E+01
  9.606577E+01  9.796249E+01  3.361228E+00  3.352057E+00  3.483059E+00  3.611026E+00  3.847974E+00  4.328812E+00  5.309350E+00  7.279552E+00
  1.105078E+01  1.809141E+01  2.974816E+01  4.566822E+01  6.257909E+01  7.684689E+01  8.686892E+01  9.295768E+01  9.633202E+01  9.810034E+01
  3.986223E+00  3.978221E+00  4.141749E+00  4.303001E+00  4.613170E+00  5.236992E+00  6.507737E+00  9.020030E+00  1.372650E+01  2.206905E+01
  3.475003E+01  5.038288E+01  6.596599E+01  7.894421E+01  8.805832E+01  9.359593E+01  9.666428E+01  9.827236E+01  5.065207E+00  5.053922E+00
  5.291452E+00  5.529088E+00  5.979776E+00  6.892063E+00  8.709267E+00  1.219781E+01  1.841217E+01  2.843859E+01  4.173594E+01  5.620344E+01
  6.999007E+01  8.143106E+01  8.946844E+01  9.435255E+01  9.705817E+01  9.847634E+01  7.232639E+00  7.226534E+00  7.637982E+00  8.041095E+00
  8.818443E+00  1.035170E+01  1.330207E+01  1.859794E+01  2.705829E+01  3.845840E+01  5.082001E+01  6.302322E+01  7.463416E+01  8.430326E+01
  9.109763E+01  9.522669E+01  9.751310E+01  9.871193E+01  1.328700E+01  1.327799E+01  1.417533E+01  1.508417E+01  1.677657E+01  1.989926E+01
  2.532724E+01  3.344983E+01  4.320821E+01  5.264780E+01  6.156807E+01  7.089150E+01  8.001163E+01  8.762747E+01  9.298205E+01  9.623752E+01
  9.803961E+01  9.898465E+01  4.967506E+01  4.959858E+01  5.063269E+01  5.130882E+01  5.240166E+01  5.377143E+01  5.558967E+01  5.822340E+01
  6.180310E+01  6.638226E+01  7.213807E+01  7.876945E+01  8.535423E+01  9.090510E+01  9.484875E+01  9.723463E+01  9.856091E+01  9.925430E+01
  2.598279E+00  2.587698E+00  2.676923E+00  2.756890E+00  2.912367E+00  3.232127E+00  3.870668E+00  5.179604E+00  7.766692E+00  1.279150E+01
  2.205872E+01  3.689954E+01  5.539766E+01  7.223477E+01  8.418056E+01  9.148194E+01  9.553861E+01  9.764635E+01  2.636777E+00  2.626697E+00
  2.719806E+00  2.800034E+00  2.956090E+00  3.287657E+00  3.943753E+00  5.279271E+00  7.921411E+00  1.303899E+01  2.243632E+01  3.736504E+01
  5.580087E+01  7.249342E+01  8.432797E+01  9.156129E+01  9.558015E+01  9.766825E+01  2.760457E+00  2.748486E+00  2.848679E+00  2.937096E+00
  3.105703E+00  3.459442E+00  4.162154E+00  5.592470E+00  8.409688E+00  1.382439E+01  2.361958E+01  3.879250E+01  5.700783E+01  7.326346E+01
  8.476649E+01  9.179735E+01  9.570378E+01  9.773341E+01  2.987275E+00  2.976466E+00  3.083812E+00  3.186949E+00  3.377416E+00  3.776066E+00
  4.573453E+00  6.178923E+00  9.318187E+00  1.527626E+01  2.574667E+01  4.124902E+01  5.900421E+01  7.452612E+01  8.548558E+01  9.218427E+01
  9.590639E+01  9.784026E+01  3.361228E+00  3.348836E+00  3.482714E+00  3.607618E+00  3.835019E+00  4.309155E+00  5.251789E+00  7.160439E+00
  1.084787E+01  1.766684E+01  2.907789E+01  4.481870E+01  6.175552E+01  7.624944E+01  8.646739E+01  9.271281E+01  9.618314E+01  9.798618E+01
  3.986223E+00  3.972239E+00  4.142158E+00  4.295961E+00  4.591873E+00  5.205043E+00  6.419162E+00  8.846993E+00  1.342642E+01  2.151526E+01
  3.399813E+01  4.956499E+01  6.521012E+01  7.840078E+01  8.769208E+01  9.337196E+01  9.652844E+01  9.816825E+01  5.065207E+00  5.049905E+00
  5.286758E+00  5.511306E+00  5.943254E+00  6.830686E+00  8.557486E+00  1.190441E+01  1.795170E+01  2.773182E+01  4.095219E+01  5.545804E+01
  6.931409E+01  8.094926E+01  8.914333E+01  9.415310E+01  9.693760E+01  9.838409E+01  7.232639E+00  7.212364E+00  7.619147E+00  8.003528E+00
  8.740336E+00  1.021112E+01  1.300805E+01  1.810095E+01  2.636646E+01  3.764639E+01  5.012542E+01  6.238763E+01  7.405424E+01  8.388954E+01
  9.081815E+01  9.505447E+01  9.740993E+01  9.863321E+01  1.328700E+01  1.325372E+01  1.413043E+01  1.497932E+01  1.657013E+01  1.956674E+01
  2.473774E+01  3.266619E+01  4.245823E+01  5.202872E+01  6.105341E+01  7.037402E+01  7.953252E+01  8.729018E+01  9.275497E+01  9.609751E+01
  9.795611E+01  9.892138E+01  4.967506E+01  4.955566E+01  5.061478E+01  5.128713E+01  5.226395E+01  5.369966E+01  5.543879E+01  5.797219E+01
  6.149650E+01  6.606298E+01  7.181067E+01  7.840169E+01  8.501620E+01  9.066600E+01  9.468685E+01  9.713596E+01  9.849960E+01  9.920907E+01
  2.598279E+00  2.587229E+00  2.676204E+00  2.753778E+00  2.913551E+00  3.226833E+00  3.860711E+00  5.156360E+00  7.711454E+00  1.268786E+01
  2.183795E+01  3.657284E+01  5.506236E+01  7.194296E+01  8.397910E+01  9.135779E+01  9.545898E+01  9.756850E+01  2.636777E+00  2.626846E+00
  2.718901E+00  2.797627E+00  2.956860E+00  3.283045E+00  3.931707E+00  5.256393E+00  7.862092E+00  1.293167E+01  2.221148E+01  3.703675E+01
  5.546778E+01  7.220467E+01  8.412826E+01  9.143831E+01  9.550126E+01  9.759111E+01  2.760457E+00  2.746750E+00  2.847026E+00  2.931472E+00
  3.105642E+00  3.452832E+00  4.148788E+00  5.565601E+00  8.343147E+00  1.370526E+01  2.337872E+01  3.845739E+01  5.668039E+01  7.298296E+01
  8.457243E+01  9.167776E+01  9.562712E+01  9.765839E+01  2.987275E+00  2.975614E+00  3.082840E+00  3.182955E+00  3.377126E+00  3.768583E+00
  4.558015E+00  6.144704E+00  9.240252E+00  1.513603E+01  2.548269E+01  4.090560E+01  5.868904E+01  7.425903E+01  8.530013E+01  9.207010E+01
  9.583333E+01  9.776866E+01  3.361228E+00  3.348841E+00  3.482405E+00  3.602145E+00  3.833637E+00  4.296874E+00  5.231263E+00  7.114193E+00
  1.074477E+01  1.749363E+01  2.878298E+01  4.447358E+01  6.146030E+01  7.600172E+01  8.629404E+01  9.260636E+01  9.611515E+01  9.791930E+01
  3.986223E+00  3.969991E+00  4.140177E+00  4.288642E+00  4.588378E+00  5.190801E+00  6.385338E+00  8.776974E+00  1.328845E+01  2.129097E+01
  3.366993E+01  4.923120E+01  6.494064E+01  7.817605E+01  8.753405E+01  9.327483E+01  9.646661E+01  9.810728E+01  5.065207E+00  5.049438E+00
  5.282952E+00  5.502772E+00  5.932117E+00  6.798417E+00  8.496038E+00  1.179099E+01  1.774307E+01  2.743870E+01  4.060718E+01  5.515826E+01
  6.907745E+01  8.075063E+01  8.900261E+01  9.406696E+01  9.688298E+01  9.833011E+01  7.232639E+00  7.211986E+00  7.611856E+00  7.982571E+00
  8.715115E+00  1.014458E+01  1.289126E+01  1.789917E+01  2.605907E+01  3.731217E+01  4.981889E+01  6.213223E+01  7.384999E+01  8.372063E+01
  9.069662E+01  9.498081E+01  9.736348E+01  9.858727E+01  1.328700E+01  1.324526E+01  1.410991E+01  1.492621E+01  1.650015E+01  1.942988E+01
  2.451114E+01  3.235491E+01  4.211110E+01  5.177335E+01  6.083099E+01  7.016563E+01  7.936626E+01  8.715408E+01  9.265522E+01  9.603741E+01
  9.791927E+01  9.888490E+01  4.967506E+01  4.954414E+01  5.059540E+01  5.122797E+01  5.225217E+01  5.364652E+01  5.535382E+01  5.782111E+01
  6.133488E+01  6.590432E+01  7.171882E+01  7.828472E+01  8.489777E+01  9.056588E+01  9.461254E+01  9.709141E+01  9.847363E+01  9.918278E+01
  2.598279E+00  2.598284E+00  2.676335E+00  2.753945E+00  2.907210E+00  3.225539E+00  3.857634E+00  5.144070E+00  7.668272E+00  1.260113E+01
  2.169055E+01  3.632992E+01  5.477608E+01  7.171323E+01  8.384536E+01  9.127377E+01  9.538870E+01  9.749476E+01  2.636777E+00  2.636887E+00
  2.718566E+00  2.797892E+00  2.950726E+00  3.281011E+00  3.927922E+00  5.241467E+00  7.818835E+00  1.284237E+01  2.206107E+01  3.679210E+01
  5.518349E+01  7.197701E+01  8.399593E+01  9.135516E+01  9.543163E+01  9.751802E+01  2.760457E+00  2.760495E+00  2.847191E+00  2.932278E+00
  3.098303E+00  3.450742E+00  4.143764E+00  5.549300E+00  8.296616E+00  1.360935E+01  2.321754E+01  3.820770E+01  5.640178E+01  7.276097E+01
  8.444388E+01  9.159705E+01  9.555934E+01  9.758723E+01  2.987275E+00  2.987746E+00  3.082028E+00  3.182885E+00  3.371007E+00  3.765394E+00
  4.551206E+00  6.126076E+00  9.183181E+00  1.502613E+01  2.530296E+01  4.064809E+01  5.841959E+01  7.404614E+01  8.517765E+01  9.199341E+01
  9.576862E+01  9.770068E+01  3.361228E+00  3.362265E+00  3.480613E+00  3.602834E+00  3.825716E+00  4.292375E+00  5.220778E+00  7.087866E+00
  1.067142E+01  1.735872E+01  2.857864E+01  4.421241E+01  6.120417E+01  7.580167E+01  8.618036E+01  9.253492E+01  9.605452E+01  9.785570E+01
  3.986223E+00  3.985884E+00  4.138569E+00  4.288380E+00  4.577855E+00  5.180590E+00  6.368966E+00  8.734621E+00  1.318652E+01  2.111874E+01
  3.344023E+01  4.897364E+01  6.470650E+01  7.799163E+01  8.743070E+01  9.321015E+01  9.641119E+01  9.804911E+01  5.065207E+00  5.066434E+00
  5.279727E+00  5.499357E+00  5.915776E+00  6.781865E+00  8.463151E+00  1.172422E+01  1.759267E+01  2.721805E+01  4.036347E+01  5.492299E+01
  6.886865E+01  8.058487E+01  8.891186E+01  9.401006E+01  9.683376E+01  9.827842E+01  7.232639E+00  7.240063E+00  7.605746E+00  7.974103E+00
  8.683408E+00  1.011123E+01  1.282500E+01  1.777663E+01  2.584053E+01  3.705631E+01  4.959348E+01  6.193032E+01  7.367004E+01  8.357690E+01
  9.061920E+01  9.493296E+01  9.732124E+01  9.854307E+01  1.328700E+01  1.329951E+01  1.409562E+01  1.490404E+01  1.642809E+01  1.934377E+01
  2.437070E+01  3.216124E+01  4.186423E+01  5.157095E+01  6.066587E+01  6.999854E+01  7.921792E+01  8.703535E+01  9.259300E+01  9.599931E+01
  9.788514E+01  9.884935E+01  4.967506E+01  4.967003E+01  5.056394E+01  5.123803E+01  5.215830E+01  5.363544E+01  5.534641E+01  5.779172E+01
  6.124849E+01  6.580412E+01  7.161961E+01  7.815681E+01  8.478693E+01  9.048362E+01  9.456956E+01  9.706400E+01  9.845132E+01  9.915889E+01
  2.598279E+00  2.595557E+00  2.675847E+00  2.753840E+00  2.908938E+00  3.222000E+00  3.849342E+00  5.127053E+00  7.647867E+00  1.254640E+01
  2.156536E+01  3.615663E+01  5.455467E+01  7.153075E+01  8.371836E+01  9.118655E+01  9.532605E+01  9.742823E+01  2.636777E+00  2.633144E+00
  2.718369E+00  2.797502E+00  2.951797E+00  3.276156E+00  3.917842E+00  5.224664E+00  7.796158E+00  1.278594E+01  2.193329E+01  3.661871E+01
  5.496410E+01  7.179602E+01  8.387016E+01  9.126869E+01  9.536951E+01  9.745210E+01  2.760457E+00  2.756924E+00  2.846514E+00  2.931724E+00
  3.099042E+00  3.446286E+00  4.134063E+00  5.528581E+00  8.270564E+00  1.354574E+01  2.308056E+01  3.803115E+01  5.618583E+01  7.258492E+01
  8.432132E+01  9.151266E+01  9.549880E+01  9.752309E+01  2.987275E+00  2.984835E+00  3.081800E+00  3.182654E+00  3.372163E+00  3.760755E+00
  4.539685E+00  6.102370E+00  9.150781E+00  1.495172E+01  2.515311E+01  4.046891E+01  5.821111E+01  7.387814E+01  8.506056E+01  9.191267E+01
  9.571075E+01  9.763951E+01  3.361228E+00  3.358037E+00  3.480740E+00  3.600945E+00  3.825755E+00  4.284464E+00  5.206239E+00  7.055977E+00
  1.062593E+01  1.726554E+01  2.840919E+01  4.403055E+01  6.100792E+01  7.564440E+01  8.607060E+01  9.245905E+01  9.600027E+01  9.779855E+01
  3.986223E+00  3.983581E+00  4.137736E+00  4.286811E+00  4.576827E+00  5.168953E+00  6.347057E+00  8.688194E+00  1.312055E+01  2.099566E+01
  3.325103E+01  4.879888E+01  6.452689E+01  7.784734E+01  8.733038E+01  9.314040E+01  9.636143E+01  9.799703E+01  5.065207E+00  5.063282E+00
  5.278710E+00  5.496147E+00  5.913037E+00  6.762772E+00  8.426271E+00  1.165220E+01  1.749109E+01  2.705278E+01  4.016471E+01  5.476647E+01
  6.870904E+01  8.045670E+01  8.882210E+01  9.394756E+01  9.678939E+01  9.823231E+01  7.232639E+00  7.231060E+00  7.603979E+00  7.966670E+00
  8.672020E+00  1.006906E+01  1.275359E+01  1.765500E+01  2.568532E+01  3.686261E+01  4.941778E+01  6.180350E+01  7.353370E+01  8.346555E+01
  9.054185E+01  9.487873E+01  9.728311E+01  9.850385E+01  1.328700E+01  1.328387E+01  1.407722E+01  1.488632E+01  1.639808E+01  1.925410E+01
  2.423193E+01  3.196123E+01  4.168940E+01  5.141575E+01  6.053643E+01  6.989812E+01  7.910485E+01  8.694244E+01  9.252982E+01  9.595493E+01
  9.785391E+01  9.881816E+01  4.967506E+01  4.962610E+01  5.053649E+01  5.126836E+01  5.217404E+01  5.360348E+01  5.529521E+01  5.776381E+01
  6.119783E+01  6.574274E+01  7.154539E+01  7.807182E+01  8.469689E+01  9.041835E+01  9.452536E+01  9.703203E+01  9.842827E+01  9.913532E+01
  2.598279E+00  2.599448E+00  2.674193E+00  2.751473E+00  2.908253E+00  3.221017E+00  3.839511E+00  5.110961E+00  7.613463E+00  1.243567E+01
  2.143896E+01  3.589196E+01  5.426690E+01  7.130131E+01  8.356333E+01  9.109386E+01  9.525539E+01  9.735337E+01  2.636777E+00  2.637736E+00
  2.716292E+00  2.795064E+00  2.951263E+00  3.274880E+00  3.907949E+00  5.207749E+00  7.762186E+00  1.267507E+01  2.180410E+01  3.635201E+01
  5.467784E+01  7.156866E+01  8.371655E+01  9.117680E+01  9.529948E+01  9.737791E+01  2.760457E+00  2.759985E+00  2.844317E+00  2.929641E+00
  3.098668E+00  3.443311E+00  4.123178E+00  5.509332E+00  8.233848E+00  1.342423E+01  2.294048E+01  3.775805E+01  5.590406E+01  7.236357E+01
  8.417194E+01  9.142331E+01  9.543069E+01  9.745090E+01  2.987275E+00  2.988856E+00  3.079003E+00  3.179913E+00  3.370866E+00  3.758292E+00
  4.525596E+00  6.076813E+00  9.106503E+00  1.481227E+01  2.499457E+01  4.018690E+01  5.793830E+01  7.366665E+01  8.491805E+01  9.182744E+01
  9.564571E+01  9.757055E+01  3.361228E+00  3.364472E+00  3.477994E+00  3.597105E+00  3.822380E+00  4.280674E+00  5.187565E+00  7.024540E+00
  1.056414E+01  1.709935E+01  2.822699E+01  4.374242E+01  6.074889E+01  7.544674E+01  8.593724E+01  9.237964E+01  9.593953E+01  9.773405E+01
  3.986223E+00  3.987546E+00  4.134496E+00  4.281734E+00  4.571467E+00  5.159919E+00  6.320579E+00  8.641942E+00  1.302989E+01  2.078552E+01
  3.304078E+01  4.851262E+01  6.428671E+01  7.766663E+01  8.720860E+01  9.306789E+01  9.630597E+01  9.793812E+01  5.065207E+00  5.069752E+00
  5.273190E+00  5.486599E+00  5.905930E+00  6.746753E+00  8.381210E+00  1.157164E+01  1.735239E+01  2.679210E+01  3.993885E+01  5.450297E+01
  6.849377E+01  8.029550E+01  8.871371E+01  9.388338E+01  9.674010E+01  9.818002E+01  7.232639E+00  7.241406E+00  7.596206E+00  7.949873E+00
  8.653036E+00  1.003335E+01  1.266545E+01  1.752014E+01  2.547318E+01  3.655415E+01  4.920925E+01  6.156943E+01  7.334508E+01  8.332544E+01
  9.044946E+01  9.482356E+01  9.724088E+01  9.845924E+01  1.328700E+01  1.330261E+01  1.405675E+01  1.484421E+01  1.635063E+01  1.916506E+01
  2.405225E+01  3.173667E+01  4.144021E+01  5.115301E+01  6.038635E+01  6.969929E+01  7.894525E+01  8.682800E+01  9.245383E+01  9.590999E+01
  9.781983E+01  9.878249E+01  4.967506E+01  4.973281E+01  5.055096E+01  5.118938E+01  5.212385E+01  5.357264E+01  5.520835E+01  5.768851E+01
  6.112078E+01  6.562244E+01  7.144478E+01  7.789208E+01  8.458789E+01  9.034768E+01  9.446061E+01  9.700105E+01  9.840247E+01  9.911076E+01
  2.598279E+00  2.600992E+00  2.674738E+00  2.751246E+00  2.906806E+00  3.212540E+00  3.837761E+00  5.086553E+00  7.575984E+00  1.236681E+01
  2.124007E+01  3.560441E+01  5.391215E+01  7.102880E+01  8.338367E+01  9.097718E+01  9.517536E+01  9.727864E+01  2.636777E+00  2.639354E+00
  2.717121E+00  2.794796E+00  2.950311E+00  3.266464E+00  3.905128E+00  5.181407E+00  7.722404E+00  1.260334E+01  2.160045E+01  3.606092E+01
  5.432317E+01  7.129832E+01  8.353846E+01  9.106107E+01  9.522020E+01  9.730384E+01  2.760457E+00  2.761505E+00  2.845607E+00  2.928678E+00
  3.097142E+00  3.435178E+00  4.117774E+00  5.482238E+00  8.188230E+00  1.334305E+01  2.272431E+01  3.745927E+01  5.555524E+01  7.210062E+01
  8.399892E+01  9.131091E+01  9.535355E+01  9.737882E+01  2.987275E+00  2.990536E+00  3.080024E+00  3.178955E+00  3.367733E+00  3.747539E+00
  4.518335E+00  6.040400E+00  9.049928E+00  1.471295E+01  2.475588E+01  3.987734E+01  5.759916E+01  7.341628E+01  8.475323E+01  9.172018E+01
  9.557207E+01  9.750175E+01  3.361228E+00  3.365457E+00  3.479196E+00  3.596640E+00  3.820381E+00  4.265297E+00  5.177104E+00  6.979411E+00
  1.049121E+01  1.697001E+01  2.795412E+01  4.342715E+01  6.042625E+01  7.521288E+01  8.578408E+01  9.227943E+01  9.587067E+01  9.766976E+01
  3.986223E+00  3.989360E+00  4.134540E+00  4.279570E+00  4.565903E+00  5.141759E+00  6.301157E+00  8.578248E+00  1.292284E+01  2.061154E+01
  3.273091E+01  4.820328E+01  6.398780E+01  7.745330E+01  8.706908E+01  9.297688E+01  9.624316E+01  9.787944E+01  5.065207E+00  5.073028E+00
  5.273183E+00  5.482584E+00  5.895696E+00  6.713437E+00  8.343214E+00  1.146778E+01  1.719139E+01  2.655730E+01  3.960381E+01  5.421910E+01
  6.822515E+01  8.010635E+01  8.859042E+01  9.380252E+01  9.668441E+01  9.812794E+01  7.232639E+00  7.248200E+00  7.589924E+00  7.938929E+00
  8.629533E+00  9.973351E+00  1.258313E+01  1.733393E+01  2.522255E+01  3.627029E+01  4.889980E+01  6.132685E+01  7.310803E+01  8.316288E+01
  9.034400E+01  9.475457E+01  9.719312E+01  9.841466E+01  1.328700E+01  1.331054E+01  1.404947E+01  1.481110E+01  1.629039E+01  1.902966E+01
  2.387395E+01  3.143530E+01  4.115627E+01  5.092474E+01  6.014740E+01  6.950720E+01  7.874808E+01  8.669373E+01  9.236970E+01  9.585473E+01
  9.778143E+01  9.874670E+01  4.967506E+01  4.975983E+01  5.054507E+01  5.115354E+01  5.210616E+01  5.349657E+01  5.519903E+01  5.759702E+01
  6.106939E+01  6.549603E+01  7.126244E+01  7.774006E+01  8.444576E+01  9.025584E+01  9.439911E+01  9.696053E+01  9.837398E+01  9.908343E+01
  2.598279E+00  2.601117E+00  2.675185E+00  2.751193E+00  2.903284E+00  3.212310E+00  3.825552E+00  5.083846E+00  7.522701E+00  1.229252E+01
  2.105669E+01  3.531057E+01  5.355740E+01  7.073835E+01  8.317062E+01  9.084928E+01  9.508678E+01  9.719717E+01  2.636777E+00  2.639413E+00
  2.716694E+00  2.794763E+00  2.946661E+00  3.265440E+00  3.892938E+00  5.177697E+00  7.668032E+00  1.252428E+01  2.141244E+01  3.576421E+01
  5.396983E+01  7.101060E+01  8.332707E+01  9.093437E+01  9.513235E+01  9.722311E+01  2.760457E+00  2.761120E+00  2.845406E+00  2.927989E+00
  3.092866E+00  3.433473E+00  4.104855E+00  5.477537E+00  8.126961E+00  1.325679E+01  2.252399E+01  3.715427E+01  5.520847E+01  7.182101E+01
  8.379297E+01  9.118750E+01  9.526796E+01  9.730027E+01  2.987275E+00  2.990141E+00  3.080308E+00  3.179604E+00  3.362827E+00  3.745928E+00
  4.502137E+00  6.030666E+00  8.977786E+00  1.460831E+01  2.453285E+01  3.956258E+01  5.726245E+01  7.314969E+01  8.455624E+01  9.160236E+01
  9.549035E+01  9.742679E+01  3.361228E+00  3.366050E+00  3.478570E+00  3.595568E+00  3.814595E+00  4.261539E+00  5.158179E+00  6.962687E+00
  1.040220E+01  1.683555E+01  2.770067E+01  4.310450E+01  6.010956E+01  7.496443E+01  8.559918E+01  9.216908E+01  9.579414E+01  9.759969E+01
  3.986223E+00  3.989678E+00  4.133166E+00  4.279656E+00  4.556496E+00  5.134089E+00  6.270427E+00  8.544251E+00  1.279575E+01  2.043057E+01
  3.243684E+01  4.788574E+01  6.369775E+01  7.722811E+01  8.689938E+01  9.287592E+01  9.617307E+01  9.781551E+01  5.065207E+00  5.072781E+00
  5.270703E+00  5.478320E+00  5.881610E+00  6.695818E+00  8.289491E+00  1.140565E+01  1.700272E+01  2.631247E+01  3.929029E+01  5.392955E+01
  6.796760E+01  7.990714E+01  8.843832E+01  9.371253E+01  9.662183E+01  9.807129E+01  7.232639E+00  7.244948E+00  7.585586E+00  7.931991E+00
  8.590812E+00  9.933336E+00  1.248390E+01  1.719853E+01  2.494218E+01  3.597519E+01  4.861203E+01  6.108113E+01  7.288522E+01  8.299183E+01
  9.021130E+01  9.467686E+01  9.713914E+01  9.836633E+01  1.328700E+01  1.330732E+01  1.403697E+01  1.478576E+01  1.621313E+01  1.893054E+01
  2.366846E+01  3.122146E+01  4.082316E+01  5.069404E+01  5.994081E+01  6.930923E+01  7.856441E+01  8.655554E+01  9.225998E+01  9.579118E+01
  9.773744E+01  9.870792E+01  4.967506E+01  4.975965E+01  5.053322E+01  5.118311E+01  5.202740E+01  5.347602E+01  5.509418E+01  5.756878E+01
  6.090528E+01  6.538487E+01  7.107299E+01  7.757375E+01  8.429015E+01  9.015417E+01  9.432478E+01  9.691985E+01  9.834526E+01  9.905596E+01
  2.598279E+00  2.597793E+00  2.673378E+00  2.742275E+00  2.891841E+00  3.189505E+00  3.782521E+00  4.963929E+00  7.306417E+00  1.187903E+01
  2.021801E+01  3.384731E+01  5.177410E+01  6.924908E+01  8.219098E+01  9.026125E+01  9.475066E+01  9.698894E+01  2.636777E+00  2.636423E+00
  2.714762E+00  2.785010E+00  2.935866E+00  3.239686E+00  3.846930E+00  5.052994E+00  7.445607E+00  1.209793E+01  2.055241E+01  3.428606E+01
  5.219292E+01  6.953505E+01  8.235669E+01  9.035168E+01  9.479935E+01  9.701675E+01  2.760457E+00  2.759347E+00  2.843546E+00  2.918666E+00
  3.079212E+00  3.404145E+00  4.052938E+00  5.340348E+00  7.876611E+00  1.278465E+01  2.159937E+01  3.562957E+01  5.345202E+01  7.038467E+01
  8.284896E+01  9.062088E+01  9.494405E+01  9.709950E+01  2.987275E+00  2.987371E+00  3.077618E+00  3.165720E+00  3.346558E+00  3.712719E+00
  4.433834E+00  5.864654E+00  8.677525E+00  1.404786E+01  2.349500E+01  3.797706E+01  5.555309E+01  7.177791E+01  8.365717E+01  9.106191E+01
  9.518140E+01  9.723521E+01  3.361228E+00  3.362239E+00  3.475080E+00  3.579759E+00  3.790484E+00  4.215219E+00  5.066981E+00  6.747713E+00
  1.001037E+01  1.612933E+01  2.649994E+01  4.146637E+01  5.848324E+01  7.368376E+01  8.476048E+01  9.166440E+01  9.550555E+01  9.742065E+01
  3.986223E+00  3.988482E+00  4.127030E+00  4.256722E+00  4.524120E+00  5.062626E+00  6.128384E+00  8.229819E+00  1.224360E+01  1.949718E+01
  3.104265E+01  4.625210E+01  6.219889E+01  7.605920E+01  8.613473E+01  9.241542E+01  9.590971E+01  9.765205E+01  5.065207E+00  5.065999E+00
  5.257875E+00  5.438549E+00  5.819983E+00  6.572170E+00  8.054381E+00  1.090744E+01  1.616276E+01  2.505729E+01  3.775189E+01  5.240148E+01
  6.663355E+01  7.886742E+01  8.775948E+01  9.330346E+01  9.638805E+01  9.792596E+01  7.232639E+00  7.238286E+00  7.556902E+00  7.856418E+00
  8.463525E+00  9.679889E+00  1.203320E+01  1.632679E+01  2.363828E+01  3.442288E+01  4.714967E+01  5.978039E+01  7.173344E+01  8.209489E+01
  8.962868E+01  9.432471E+01  9.693818E+01  9.824128E+01  1.328700E+01  1.329278E+01  1.395204E+01  1.460015E+01  1.591245E+01  1.835516E+01
  2.271301E+01  2.973706E+01  3.922853E+01  4.941278E+01  5.887468E+01  6.825648E+01  7.761117E+01  8.581752E+01  9.178424E+01  9.550413E+01
  9.757403E+01  9.860591E+01  4.967506E+01  4.974300E+01  5.046334E+01  5.095838E+01  5.181868E+01  5.323437E+01  5.474309E+01  5.717350E+01
  6.036533E+01  6.480014E+01  7.038726E+01  7.684538E+01  8.361876E+01  8.960890E+01  9.398240E+01  9.671394E+01  9.823167E+01  9.898141E+01
  2.598279E+00  2.596933E+00  2.671791E+00  2.741177E+00  2.886437E+00  3.179080E+00  3.766675E+00  4.924025E+00  7.238424E+00  1.174358E+01
  1.992579E+01  3.332820E+01  5.116538E+01  6.870007E+01  8.182761E+01  9.003432E+01  9.461134E+01  9.687690E+01  2.636777E+00  2.636175E+00
  2.713396E+00  2.784172E+00  2.929833E+00  3.229412E+00  3.830212E+00  5.012962E+00  7.373309E+00  1.195849E+01  2.025351E+01  3.376046E+01
  5.158479E+01  6.899042E+01  8.199656E+01  9.012682E+01  9.466122E+01  9.690572E+01  2.760457E+00  2.758321E+00  2.841501E+00  2.917599E+00
  3.072390E+00  3.391322E+00  4.032397E+00  5.294862E+00  7.797586E+00  1.262866E+01  2.127882E+01  3.508738E+01  5.285048E+01  6.985397E+01
  8.249879E+01  9.040199E+01  9.480978E+01  9.699145E+01  2.987275E+00  2.986742E+00  3.076270E+00  3.162971E+00  3.337870E+00  3.700078E+00
  4.409984E+00  5.810229E+00  8.580713E+00  1.386618E+01  2.313657E+01  3.740911E+01  5.496532E+01  7.127143E+01  8.332305E+01  9.085293E+01
  9.505331E+01  9.713203E+01  3.361228E+00  3.361352E+00  3.471745E+00  3.577671E+00  3.781818E+00  4.195700E+00  5.036981E+00  6.676283E+00
  9.886835E+00  1.590165E+01  2.608367E+01  4.087719E+01  5.792125E+01  7.320982E+01  8.444798E+01  9.146897E+01  9.538604E+01  9.732419E+01
  3.986223E+00  3.982366E+00  4.122746E+00  4.252945E+00  4.509551E+00  5.036316E+00  6.085156E+00  8.131000E+00  1.206683E+01  1.919101E+01
  3.055524E+01  4.565603E+01  6.168087E+01  7.562572E+01  8.584983E+01  9.223661E+01  9.580080E+01  9.756389E+01  5.065207E+00  5.064967E+00
  5.252120E+00  5.432200E+00  5.796510E+00  6.529849E+00  7.978104E+00  1.074487E+01  1.589069E+01  2.463467E+01  3.720052E+01  5.183775E+01
  6.617358E+01  7.848071E+01  8.750607E+01  9.314430E+01  9.629128E+01  9.784760E+01  7.232639E+00  7.237627E+00  7.543600E+00  7.837647E+00
  8.418983E+00  9.591692E+00  1.186973E+01  1.603811E+01  2.321207E+01  3.388898E+01  4.661984E+01  5.929456E+01  7.133797E+01  8.175929E+01
  8.940895E+01  9.418710E+01  9.685534E+01  9.817406E+01  1.328700E+01  1.329106E+01  1.392661E+01  1.455481E+01  1.579834E+01  1.815493E+01
  2.239565E+01  2.925473E+01  3.869637E+01  4.897851E+01  5.848820E+01  6.786263E+01  7.728417E+01  8.554047E+01  9.160445E+01  9.539043E+01
  9.750687E+01  9.855167E+01  4.967506E+01  4.965689E+01  5.043738E+01  5.093026E+01  5.175515E+01  5.308141E+01  5.466146E+01  5.701668E+01
  6.017546E+01  6.457045E+01  7.014701E+01  7.655233E+01  8.339755E+01  8.943150E+01  9.386045E+01  9.663632E+01  9.818178E+01  9.894346E+01
  2.598279E+00  2.595119E+00  2.669991E+00  2.739246E+00  2.883147E+00  3.171381E+00  3.748942E+00  4.880894E+00  7.167323E+00  1.156372E+01
  1.956364E+01  3.275440E+01  5.046706E+01  6.812622E+01  8.142647E+01  8.980114E+01  9.445781E+01  9.676514E+01  2.636777E+00  2.633827E+00
  2.710455E+00  2.782290E+00  2.926600E+00  3.220588E+00  3.812606E+00  4.967549E+00  7.301162E+00  1.177487E+01  1.988508E+01  3.317976E+01
  5.088839E+01  6.842126E+01  8.159883E+01  8.989582E+01  9.450911E+01  9.679494E+01  2.760457E+00  2.756549E+00  2.839338E+00  2.914501E+00
  3.069235E+00  3.381802E+00  4.012484E+00  5.243359E+00  7.717412E+00  1.242771E+01  2.088628E+01  3.448987E+01  5.215823E+01  6.930055E+01
  8.211248E+01  9.017739E+01  9.466168E+01  9.688363E+01  2.987275E+00  2.983907E+00  3.074293E+00  3.160620E+00  3.331491E+00  3.688840E+00
  4.385553E+00  5.752686E+00  8.482741E+00  1.363291E+01  2.269909E+01  3.678545E+01  5.428801E+01  7.074277E+01  8.295441E+01  9.063947E+01
  9.491190E+01  9.702908E+01  3.361228E+00  3.358564E+00  3.469497E+00  3.573845E+00  3.776715E+00  4.180726E+00  5.002840E+00  6.605902E+00
  9.763291E+00  1.562013E+01  2.558670E+01  4.022560E+01  5.727345E+01  7.271605E+01  8.410429E+01  9.127033E+01  9.525368E+01  9.722786E+01
  3.986223E+00  3.979992E+00  4.118385E+00  4.247388E+00  4.501728E+00  5.010774E+00  6.039227E+00  8.027041E+00  1.188653E+01  1.883144E+01
  2.998219E+01  4.499318E+01  6.108035E+01  7.517620E+01  8.553626E+01  9.205624E+01  9.567978E+01  9.747585E+01  5.065207E+00  5.061743E+00
  5.245723E+00  5.420326E+00  5.780683E+00  6.488460E+00  7.901304E+00  1.057925E+01  1.562079E+01  2.415388E+01  3.655221E+01  5.120550E+01
  6.563902E+01  7.808118E+01  8.722749E+01  9.298508E+01  9.618357E+01  9.776936E+01  7.232639E+00  7.230904E+00  7.532172E+00  7.817986E+00
  8.384759E+00  9.509382E+00  1.171349E+01  1.573953E+01  2.278125E+01  3.328374E+01  4.598217E+01  5.875362E+01  7.087521E+01  8.141441E+01
  8.916870E+01  9.405113E+01  9.676235E+01  9.810675E+01  1.328700E+01  1.328465E+01  1.389907E+01  1.450478E+01  1.571481E+01  1.797345E+01
  2.208041E+01  2.874644E+01  3.814496E+01  4.845047E+01  5.800904E+01  6.741840E+01  7.690337E+01  8.525703E+01  9.140713E+01  9.528120E+01
  9.743057E+01  9.849683E+01  4.967506E+01  4.955467E+01  5.037345E+01  5.089439E+01  5.171748E+01  5.300339E+01  5.457703E+01  5.673858E+01
  6.000099E+01  6.436907E+01  6.988268E+01  7.624496E+01  8.314870E+01  8.920689E+01  9.372254E+01  9.655549E+01  9.812633E+01  9.890215E+01
  2.598279E+00  2.592685E+00  2.669435E+00  2.738867E+00  2.881081E+00  3.166115E+00  3.742690E+00  4.869734E+00  7.131969E+00  1.148306E+01
  1.947506E+01  3.256852E+01  5.023223E+01  6.789333E+01  8.127003E+01  8.968985E+01  9.438705E+01  9.669852E+01  2.636777E+00  2.631437E+00
  2.709280E+00  2.781986E+00  2.924549E+00  3.214795E+00  3.805632E+00  4.957802E+00  7.263552E+00  1.168910E+01  1.979305E+01  3.299222E+01
  5.065460E+01  6.819027E+01  8.144380E+01  8.978551E+01  9.443897E+01  9.672894E+01  2.760457E+00  2.755132E+00  2.838625E+00  2.914395E+00
  3.067394E+00  3.375729E+00  4.004943E+00  5.231533E+00  7.677854E+00  1.233816E+01  2.078714E+01  3.429608E+01  5.192662E+01  6.907450E+01
  8.196194E+01  9.006984E+01  9.459344E+01  9.681939E+01  2.987275E+00  2.982890E+00  3.072976E+00  3.159452E+00  3.328529E+00  3.681646E+00
  4.374907E+00  5.736634E+00  8.435655E+00  1.353168E+01  2.258714E+01  3.658087E+01  5.406118E+01  7.052746E+01  8.281110E+01  9.053642E+01
  9.484671E+01  9.696779E+01  3.361228E+00  3.354966E+00  3.467033E+00  3.572765E+00  3.773602E+00  4.171526E+00  4.991960E+00  6.582243E+00
  9.704488E+00  1.549889E+01  2.545365E+01  4.001087E+01  5.705767E+01  7.251503E+01  8.397053E+01  9.117335E+01  9.519273E+01  9.717062E+01
  3.986223E+00  3.980500E+00  4.116282E+00  4.245524E+00  4.497554E+00  5.000086E+00  6.021641E+00  7.995981E+00  1.180688E+01  1.867685E+01
  2.982178E+01  4.477326E+01  6.088257E+01  7.499237E+01  8.541434E+01  9.196700E+01  9.562404E+01  9.742365E+01  5.065207E+00  5.058295E+00
  5.242121E+00  5.417562E+00  5.772998E+00  6.471069E+00  7.871521E+00  1.052359E+01  1.550317E+01  2.395773E+01  3.636691E+01  5.099614E+01
  6.546587E+01  7.791783E+01  8.711951E+01  9.290483E+01  9.613412E+01  9.772308E+01  7.232639E+00  7.228447E+00  7.525031E+00  7.811248E+00
  8.368112E+00  9.475794E+00  1.165370E+01  1.564738E+01  2.260848E+01  3.303630E+01  4.580006E+01  5.857759E+01  7.072945E+01  8.127232E+01
  8.907648E+01  9.398100E+01  9.671989E+01  9.806732E+01  1.328700E+01  1.327880E+01  1.388480E+01  1.449051E+01  1.566973E+01  1.790232E+01
  2.196602E+01  2.857715E+01  3.791437E+01  4.822560E+01  5.788861E+01  6.728095E+01  7.678517E+01  8.513985E+01  9.133225E+01  9.522263E+01
  9.739632E+01  9.846517E+01  4.967506E+01  4.961871E+01  5.035806E+01  5.086673E+01  5.169570E+01  5.297228E+01  5.456280E+01  5.670908E+01
  5.991446E+01  6.425174E+01  6.980516E+01  7.616113E+01  8.305061E+01  8.913329E+01  9.366711E+01  9.651319E+01  9.810145E+01  9.888086E+01
  2.598279E+00  2.588609E+00  2.670749E+00  2.738693E+00  2.883657E+00  3.167926E+00  3.747889E+00  4.879787E+00  7.164711E+00  1.154833E+01
  1.957060E+01  3.273463E+01  5.043070E+01  6.809389E+01  8.140399E+01  8.977316E+01  9.441052E+01  9.667678E+01  2.636777E+00  2.626906E+00
  2.710779E+00  2.781422E+00  2.926672E+00  3.217366E+00  3.811139E+00  4.966371E+00  7.298124E+00  1.175809E+01  1.989187E+01  3.315982E+01
  5.085189E+01  6.838916E+01  8.157660E+01  8.986811E+01  9.446219E+01  9.670737E+01  2.760457E+00  2.750109E+00  2.840770E+00  2.913674E+00
  3.069929E+00  3.378149E+00  4.011437E+00  5.242032E+00  7.714482E+00  1.241079E+01  2.089335E+01  3.447002E+01  5.212188E+01  6.926900E+01
  8.209094E+01  9.015039E+01  9.461596E+01  9.679837E+01  2.987275E+00  2.976492E+00  3.074124E+00  3.159006E+00  3.332551E+00  3.684845E+00
  4.382927E+00  5.750803E+00  8.479063E+00  1.361421E+01  2.270575E+01  3.676479E+01  5.425084E+01  7.071222E+01  8.293373E+01  9.061358E+01
  9.486810E+01  9.694765E+01  3.361228E+00  3.350095E+00  3.469921E+00  3.572877E+00  3.777478E+00  4.175154E+00  5.002399E+00  6.603466E+00
  9.758007E+00  1.559880E+01  2.559275E+01  4.020407E+01  5.723685E+01  7.268694E+01  8.408486E+01  9.124596E+01  9.521252E+01  9.715168E+01
  3.986223E+00  3.973448E+00  4.119164E+00  4.246154E+00  4.502644E+00  5.005914E+00  6.036401E+00  8.024475E+00  1.188090E+01  1.880528E+01
  2.998675E+01  4.497148E+01  6.104384E+01  7.514907E+01  8.551830E+01  9.203394E+01  9.564199E+01  9.740629E+01  5.065207E+00  5.051377E+00
  5.245984E+00  5.419927E+00  5.780358E+00  6.480928E+00  7.896870E+00  1.057439E+01  1.561149E+01  2.412544E+01  3.655829E+01  5.118550E+01
  6.560346E+01  7.805642E+01  8.721141E+01  9.296517E+01  9.614986E+01  9.770770E+01  7.232639E+00  7.213400E+00  7.533539E+00  7.814327E+00
  8.381749E+00  9.501752E+00  1.170574E+01  1.572978E+01  2.276771E+01  3.324878E+01  4.599078E+01  5.873755E+01  7.084090E+01  8.139243E+01
  8.915454E+01  9.403420E+01  9.673345E+01  9.805437E+01  1.328700E+01  1.325117E+01  1.389870E+01  1.450073E+01  1.571063E+01  1.795422E+01
  2.206924E+01  2.872743E+01  3.812629E+01  4.841532E+01  5.802222E+01  6.740554E+01  7.686790E+01  8.523882E+01  9.139520E+01  9.526765E+01
  9.740736E+01  9.845511E+01  4.967506E+01  4.952294E+01  5.038406E+01  5.087397E+01  5.171412E+01  5.297755E+01  5.458742E+01  5.671810E+01
  5.999837E+01  6.433012E+01  6.990002E+01  7.624533E+01  8.311137E+01  8.919893E+01  9.371381E+01  9.654612E+01  9.810950E+01  9.887318E+01
  2.598279E+00  2.601643E+00  2.669993E+00  2.740141E+00  2.884814E+00  3.173266E+00  3.752639E+00  4.900473E+00  7.188556E+00  1.161852E+01
  1.969694E+01  3.296138E+01  5.072491E+01  6.829868E+01  8.153425E+01  8.984266E+01  9.443241E+01  9.665726E+01  2.636777E+00  2.640470E+00
  2.711085E+00  2.782713E+00  2.928118E+00  3.222901E+00  3.815820E+00  4.986663E+00  7.321102E+00  1.182934E+01  2.001924E+01  3.338898E+01
  5.114589E+01  6.859206E+01  8.170532E+01  8.993685E+01  9.448390E+01  9.668800E+01  2.760457E+00  2.761564E+00  2.839762E+00  2.915066E+00
  3.071796E+00  3.383615E+00  4.016848E+00  5.264954E+00  7.740535E+00  1.248782E+01  2.102946E+01  3.470633E+01  5.241535E+01  6.946661E+01
  8.221582E+01  9.021716E+01  9.463698E+01  9.677950E+01  2.987275E+00  2.991060E+00  3.073596E+00  3.160706E+00  3.334014E+00  3.691798E+00
  4.390302E+00  5.776897E+00  8.509424E+00  1.370364E+01  2.285824E+01  3.701077E+01  5.454104E+01  7.090089E+01  8.305274E+01  9.067702E+01
  9.488803E+01  9.692954E+01  3.361228E+00  3.366080E+00  3.469779E+00  3.574152E+00  3.779847E+00  4.184107E+00  5.011779E+00  6.631922E+00
  9.798298E+00  1.570482E+01  2.576457E+01  4.046088E+01  5.751885E+01  7.286329E+01  8.419551E+01  9.130505E+01  9.523100E+01  9.713468E+01
  3.986223E+00  3.991266E+00  4.119064E+00  4.249563E+00  4.506214E+00  5.017363E+00  6.050323E+00  8.068580E+00  1.194059E+01  1.893966E+01
  3.018594E+01  4.523515E+01  6.131274E+01  7.530944E+01  8.561895E+01  9.208746E+01  9.565874E+01  9.739066E+01  5.065207E+00  5.073947E+00
  5.245754E+00  5.423245E+00  5.788223E+00  6.499341E+00  7.920794E+00  1.064011E+01  1.569893E+01  2.429899E+01  3.678317E+01  5.144317E+01
  6.585119E+01  7.819900E+01  8.730014E+01  9.301249E+01  9.616462E+01  9.769379E+01  7.232639E+00  7.247416E+00  7.533807E+00  7.822577E+00
  8.398253E+00  9.533988E+00  1.175473E+01  1.584651E+01  2.291266E+01  3.346946E+01  4.621559E+01  5.896380E+01  7.106559E+01  8.151502E+01
  8.923112E+01  9.407455E+01  9.674628E+01  9.804259E+01  1.328700E+01  1.331869E+01  1.390429E+01  1.452416E+01  1.574275E+01  1.802639E+01
  2.217017E+01  2.891517E+01  3.831229E+01  4.860843E+01  5.819033E+01  6.759951E+01  7.706635E+01  8.533900E+01  9.145801E+01  9.530061E+01
  9.741807E+01  9.844605E+01  4.967506E+01  4.976431E+01  5.040300E+01  5.089926E+01  5.174783E+01  5.300835E+01  5.460200E+01  5.686304E+01
  6.002979E+01  6.445083E+01  6.996572E+01  7.637042E+01  8.324466E+01  8.927296E+01  9.376052E+01  9.657047E+01  9.811635E+01  9.886636E+01
  2.598279E+00  2.594067E+00  2.670986E+00  2.741335E+00  2.886262E+00  3.176520E+00  3.757195E+00  4.909868E+00  7.213290E+00  1.166885E+01
  1.978904E+01  3.314389E+01  5.093396E+01  6.850292E+01  8.166116E+01  8.989869E+01  9.445097E+01  9.663326E+01  2.636777E+00  2.633309E+00
  2.711991E+00  2.784436E+00  2.929851E+00  3.226235E+00  3.820464E+00  4.996771E+00  7.346037E+00  1.188326E+01  2.011364E+01  3.357331E+01
  5.135493E+01  6.879494E+01  8.183102E+01  8.999231E+01  9.450229E+01  9.666419E+01  2.760457E+00  2.755492E+00  2.840568E+00  2.917164E+00
  3.071913E+00  3.386984E+00  4.022021E+00  5.277001E+00  7.767901E+00  1.254634E+01  2.113074E+01  3.489479E+01  5.262205E+01  6.966405E+01
  8.233804E+01  9.027097E+01  9.465487E+01  9.675626E+01  2.987275E+00  2.982074E+00  3.074337E+00  3.162328E+00  3.337407E+00  3.695129E+00
  4.397098E+00  5.791617E+00  8.545566E+00  1.377246E+01  2.297216E+01  3.720702E+01  5.474274E+01  7.109055E+01  8.316913E+01  9.072757E+01
  9.490510E+01  9.690728E+01  3.361228E+00  3.356637E+00  3.470457E+00  3.576506E+00  3.781484E+00  4.190400E+00  5.020570E+00  6.650951E+00
  9.842694E+00  1.579040E+01  2.589902E+01  4.066569E+01  5.771050E+01  7.304208E+01  8.430405E+01  9.135144E+01  9.524699E+01  9.711378E+01
  3.986223E+00  3.981336E+00  4.120538E+00  4.251375E+00  4.508503E+00  5.027329E+00  6.063755E+00  8.095931E+00  1.200177E+01  1.904930E+01
  3.034527E+01  4.544037E+01  6.148824E+01  7.547389E+01  8.571811E+01  9.212886E+01  9.567344E+01  9.737148E+01  5.065207E+00  5.059115E+00
  5.248785E+00  5.429041E+00  5.792069E+00  6.515032E+00  7.943400E+00  1.068835E+01  1.579380E+01  2.444996E+01  3.696515E+01  5.163461E+01
  6.600486E+01  7.834760E+01  8.738869E+01  9.304815E+01  9.617789E+01  9.767678E+01  7.232639E+00  7.230669E+00  7.539229E+00  7.830808E+00
  8.408272E+00  9.561271E+00  1.180381E+01  1.593317E+01  2.306402E+01  3.365701E+01  4.639042E+01  5.912080E+01  7.119552E+01  8.164645E+01
  8.930791E+01  9.410410E+01  9.675806E+01  9.802823E+01  1.328700E+01  1.327448E+01  1.391406E+01  1.454066E+01  1.577286E+01  1.808416E+01
  2.227526E+01  2.907584E+01  3.850537E+01  4.877361E+01  5.831378E+01  6.772507E+01  7.717159E+01  8.544983E+01  9.152129E+01  9.532391E+01
  9.742841E+01  9.843497E+01  4.967506E+01  4.956863E+01  5.044021E+01  5.092556E+01  5.176932E+01  5.304866E+01  5.461286E+01  5.693971E+01
  6.015000E+01  6.450795E+01  7.001344E+01  7.646616E+01  8.331615E+01  8.935595E+01  9.380251E+01  9.658994E+01  9.812376E+01  9.885779E+01
  2.598279E+00  2.595556E+00  2.671084E+00  2.742262E+00  2.886919E+00  3.180525E+00  3.763001E+00  4.927999E+00  7.234616E+00  1.171564E+01
  1.992085E+01  3.330644E+01  5.116177E+01  6.867799E+01  8.178014E+01  8.997046E+01  9.446631E+01  9.660995E+01  2.636777E+00  2.634270E+00
  2.712546E+00  2.784971E+00  2.930620E+00  3.230490E+00  3.825739E+00  5.017114E+00  7.368783E+00  1.192995E+01  2.024831E+01  3.373831E+01
  5.158192E+01  6.896848E+01  8.194933E+01  9.006351E+01  9.451744E+01  9.664108E+01  2.760457E+00  2.756929E+00  2.841409E+00  2.918200E+00
  3.073065E+00  3.392079E+00  4.027763E+00  5.297957E+00  7.792883E+00  1.259938E+01  2.127342E+01  3.506403E+01  5.284756E+01  6.983274E+01
  8.245251E+01  9.034039E+01  9.466951E+01  9.673375E+01  2.987275E+00  2.984322E+00  3.075867E+00  3.163623E+00  3.339238E+00  3.701093E+00
  4.404906E+00  5.814241E+00  8.575410E+00  1.383482E+01  2.313031E+01  3.738519E+01  5.496337E+01  7.125110E+01  8.327812E+01  9.079409E+01
  9.491889E+01  9.688575E+01  3.361228E+00  3.359054E+00  3.472001E+00  3.577748E+00  3.782290E+00  4.198059E+00  5.031379E+00  6.681023E+00
  9.880595E+00  1.586820E+01  2.607726E+01  4.085213E+01  5.792204E+01  7.319092E+01  8.440536E+01  9.141400E+01  9.525967E+01  9.709357E+01
  3.986223E+00  3.983658E+00  4.121352E+00  4.253351E+00  4.510578E+00  5.037417E+00  6.078099E+00  8.135324E+00  1.205778E+01  1.915260E+01
  3.054850E+01  4.562863E+01  6.168307E+01  7.560897E+01  8.581001E+01  9.218668E+01  9.568475E+01  9.735304E+01  5.065207E+00  5.063043E+00
  5.251197E+00  5.431275E+00  5.797295E+00  6.532770E+00  7.969318E+00  1.074924E+01  1.588052E+01  2.459052E+01  3.719296E+01  5.181008E+01
  6.617767E+01  7.846614E+01  8.747002E+01  9.310045E+01  9.618776E+01  9.766049E+01  7.232639E+00  7.232590E+00  7.542274E+00  7.838964E+00
  8.419464E+00  9.596243E+00  1.185569E+01  1.604548E+01  2.319978E+01  3.384045E+01  4.661291E+01  5.926781E+01  7.134527E+01  8.174809E+01
  8.937729E+01  9.415031E+01  9.676642E+01  9.801450E+01  1.328700E+01  1.328656E+01  1.392437E+01  1.455722E+01  1.580038E+01  1.815989E+01
  2.237665E+01  2.926324E+01  3.867643E+01  4.892724E+01  5.848801E+01  6.783782E+01  7.729441E+01  8.553222E+01  9.157873E+01  9.536254E+01
  9.743521E+01  9.842442E+01  4.967506E+01  4.966412E+01  5.045304E+01  5.092406E+01  5.176194E+01  5.313173E+01  5.462676E+01  5.703713E+01
  6.017899E+01  6.453823E+01  7.014268E+01  7.653701E+01  8.340176E+01  8.942410E+01  9.384734E+01  9.661631E+01  9.812907E+01  9.885043E+01
  2.598279E+00  2.592021E+00  2.670320E+00  2.741536E+00  2.889811E+00  3.181055E+00  3.770217E+00  4.929142E+00  7.250966E+00  1.176261E+01
  2.000593E+01  3.349040E+01  5.133699E+01  6.886276E+01  8.190076E+01  9.002280E+01  9.448189E+01  9.658773E+01  2.636777E+00  2.631365E+00
  2.711733E+00  2.784853E+00  2.933809E+00  3.230326E+00  3.832610E+00  5.018569E+00  7.387503E+00  1.197813E+01  2.033599E+01  3.392379E+01
  5.175655E+01  6.915180E+01  8.206892E+01  9.011529E+01  9.453285E+01  9.661906E+01  2.760457E+00  2.753676E+00  2.840170E+00  2.916864E+00
  3.075676E+00  3.392964E+00  4.037334E+00  5.302130E+00  7.812458E+00  1.265270E+01  2.136787E+01  3.525683E+01  5.302024E+01  7.001143E+01
  8.256870E+01  9.039043E+01  9.468445E+01  9.671233E+01  2.987275E+00  2.980552E+00  3.074512E+00  3.164501E+00  3.343221E+00  3.702540E+00
  4.415226E+00  5.819700E+00  8.601855E+00  1.389701E+01  2.323836E+01  3.758744E+01  5.513099E+01  7.142162E+01  8.338917E+01  9.084131E+01
  9.493301E+01  9.686532E+01  3.361228E+00  3.354653E+00  3.470896E+00  3.578107E+00  3.786321E+00  4.199845E+00  5.043129E+00  6.690101E+00
  9.915407E+00  1.594469E+01  2.620360E+01  4.106287E+01  5.807990E+01  7.335053E+01  8.450897E+01  9.145757E+01  9.527275E+01  9.707452E+01
  3.986223E+00  3.979891E+00  4.121207E+00  4.253499E+00  4.516363E+00  5.041674E+00  6.096169E+00  8.152279E+00  1.211074E+01  1.925629E+01
  3.069979E+01  4.584454E+01  6.182586E+01  7.575454E+01  8.590467E+01  9.222558E+01  9.569653E+01  9.733572E+01  5.065207E+00  5.055712E+00
  5.250887E+00  5.433945E+00  5.805966E+00  6.541293E+00  7.998060E+00  1.078281E+01  1.596322E+01  2.473179E+01  3.736656E+01  5.201843E+01
  6.630067E+01  7.859645E+01  8.755405E+01  9.313419E+01  9.619812E+01  9.764528E+01  7.232639E+00  7.222821E+00  7.541358E+00  7.842948E+00
  8.437000E+00  9.615011E+00  1.191509E+01  1.611328E+01  2.333601E+01  3.401875E+01  4.678410E+01  5.945385E+01  7.144528E+01  8.186154E+01
  8.945008E+01  9.417865E+01  9.677534E+01  9.800185E+01  1.328700E+01  1.326086E+01  1.392909E+01  1.456699E+01  1.584192E+01  1.821068E+01
  2.249128E+01  2.938613E+01  3.885066E+01  4.907645E+01  5.861435E+01  6.799669E+01  7.737181E+01  8.562724E+01  9.163815E+01  9.538473E+01
  9.744254E+01  9.841496E+01  4.967506E+01  4.963963E+01  5.043823E+01  5.094400E+01  5.179866E+01  5.314440E+01  5.466211E+01  5.704539E+01
  6.019871E+01  6.461275E+01  7.024834E+01  7.668678E+01  8.345077E+01  8.949228E+01  9.388074E+01  9.663435E+01  9.813303E+01  9.884267E+01
  2.598279E+00  2.596412E+00  2.671587E+00  2.742495E+00  2.890982E+00  3.188017E+00  3.773951E+00  4.942558E+00  7.288463E+00  1.182778E+01
  2.011411E+01  3.365108E+01  5.155555E+01  6.905506E+01  8.202145E+01  9.008486E+01  9.449565E+01  9.656243E+01  2.636777E+00  2.634803E+00
  2.712869E+00  2.785813E+00  2.935027E+00  3.238496E+00  3.836802E+00  5.032468E+00  7.425600E+00  1.204520E+01  2.044693E+01  3.408604E+01
  5.197472E+01  6.934248E+01  8.218847E+01  9.017677E+01  9.454648E+01  9.659397E+01  2.760457E+00  2.757344E+00  2.842105E+00  2.918916E+00
  3.078094E+00  3.401318E+00  4.042482E+00  5.317893E+00  7.855215E+00  1.272602E+01  2.148591E+01  3.542397E+01  5.323699E+01  7.019741E+01
  8.268524E+01  9.045020E+01  9.469760E+01  9.668787E+01  2.987275E+00  2.985483E+00  3.076088E+00  3.165890E+00  3.345215E+00  3.711869E+00
  4.421762E+00  5.838696E+00  8.650652E+00  1.397943E+01  2.336894E+01  3.776343E+01  5.534305E+01  7.159931E+01  8.350040E+01  9.089845E+01
  9.494545E+01  9.684190E+01  3.361228E+00  3.359267E+00  3.472426E+00  3.579571E+00  3.789179E+00  4.210268E+00  5.051948E+00  6.713423E+00
  9.975311E+00  1.604594E+01  2.635458E+01  4.124661E+01  5.828373E+01  7.351749E+01  8.461333E+01  9.151096E+01  9.528423E+01  9.705256E+01
  3.986223E+00  3.984250E+00  4.123516E+00  4.256496E+00  4.519513E+00  5.055659E+00  6.109904E+00  8.184528E+00  1.218989E+01  1.938508E+01
  3.087300E+01  4.603017E+01  6.201580E+01  7.590784E+01  8.600018E+01  9.227476E+01  9.570685E+01  9.731561E+01  5.065207E+00  5.065117E+00
  5.252842E+00  5.438721E+00  5.812610E+00  6.562697E+00  8.022361E+00  1.083806E+01  1.607573E+01  2.490493E+01  3.756272E+01  5.219219E+01
  6.647148E+01  7.873380E+01  8.763959E+01  9.317823E+01  9.620718E+01  9.762742E+01  7.232639E+00  7.234546E+00  7.547323E+00  7.851498E+00
  8.449113E+00  9.655872E+00  1.197056E+01  1.620570E+01  2.350557E+01  3.423692E+01  4.696897E+01  5.960131E+01  7.159521E+01  8.198175E+01
  8.952518E+01  9.421696E+01  9.678323E+01  9.798679E+01  1.328700E+01  1.329047E+01  1.394361E+01  1.458783E+01  1.587732E+01  1.829750E+01
  2.259431E+01  2.954552E+01  3.905966E+01  4.926625E+01  5.874790E+01  6.811018E+01  7.749936E+01  8.572731E+01  9.170061E+01  9.541674E+01
  9.744904E+01  9.840319E+01  4.967506E+01  4.967850E+01  5.045142E+01  5.096510E+01  5.180198E+01  5.320818E+01  5.470786E+01  5.708185E+01
  6.031180E+01  6.471548E+01  7.031551E+01  7.674131E+01  8.354390E+01  8.955364E+01  9.392361E+01  9.665446E+01  9.813611E+01  9.883517E+01
  2.598279E+00  2.594702E+00  2.672740E+00  2.743595E+00  2.892011E+00  3.190960E+00  3.778426E+00  4.954943E+00  7.303217E+00  1.187038E+01
  2.021319E+01  3.383563E+01  5.174843E+01  6.920811E+01  8.213209E+01  9.013959E+01  9.450797E+01  9.653382E+01  2.636777E+00  2.633473E+00
  2.713575E+00  2.786865E+00  2.936108E+00  3.241048E+00  3.842388E+00  5.044428E+00  7.442936E+00  1.208920E+01  2.054766E+01  3.427399E+01
  5.216721E+01  6.949427E+01  8.229813E+01  9.023104E+01  9.455866E+01  9.656561E+01  2.760457E+00  2.757128E+00  2.842257E+00  2.920129E+00
  3.078996E+00  3.404321E+00  4.048156E+00  5.330738E+00  7.873237E+00  1.277546E+01  2.159440E+01  3.561768E+01  5.342715E+01  7.034472E+01
  8.279178E+01  9.050289E+01  9.470945E+01  9.666023E+01  2.987275E+00  2.983593E+00  3.076338E+00  3.166394E+00  3.346881E+00  3.714853E+00
  4.428969E+00  5.854218E+00  8.674777E+00  1.403757E+01  2.348984E+01  3.796548E+01  5.552913E+01  7.173914E+01  8.360214E+01  9.094864E+01
  9.495676E+01  9.681545E+01  3.361228E+00  3.357838E+00  3.473670E+00  3.582040E+00  3.790922E+00  4.215015E+00  5.061641E+00  6.737671E+00
  1.000737E+01  1.611927E+01  2.649500E+01  4.145652E+01  5.846068E+01  7.364682E+01  8.470854E+01  9.155766E+01  9.529480E+01  9.702776E+01
  3.986223E+00  3.983226E+00  4.125268E+00  4.258675E+00  4.523849E+00  5.064202E+00  6.122091E+00  8.216792E+00  1.223958E+01  1.948463E+01
  3.103729E+01  4.624273E+01  6.217833E+01  7.602460E+01  8.608685E+01  9.231716E+01  9.571660E+01  9.729295E+01  5.065207E+00  5.062138E+00
  5.255727E+00  5.442536E+00  5.818494E+00  6.574074E+00  8.045401E+00  1.089227E+01  1.615752E+01  2.504379E+01  3.774849E+01  5.239452E+01
  6.661647E+01  7.883602E+01  8.771715E+01  9.321590E+01  9.621609E+01  9.760732E+01  7.232639E+00  7.231654E+00  7.553592E+00  7.859319E+00
  8.462458E+00  9.682276E+00  1.201931E+01  1.630388E+01  2.363548E+01  3.441096E+01  4.714909E+01  5.977805E+01  7.171991E+01  8.206770E+01
  8.959254E+01  9.424933E+01  9.679131E+01  9.796989E+01  1.328700E+01  1.327740E+01  1.395239E+01  1.460867E+01  1.591024E+01  1.835656E+01
  2.269378E+01  2.970852E+01  3.922805E+01  4.940569E+01  5.887826E+01  6.825766E+01  7.760275E+01  8.579620E+01  9.175665E+01  9.544387E+01
  9.745657E+01  9.838993E+01  4.967506E+01  4.962778E+01  5.047118E+01  5.096818E+01  5.182527E+01  5.323606E+01  5.474228E+01  5.715996E+01
  6.038174E+01  6.479402E+01  7.039265E+01  7.685451E+01  8.360862E+01  8.959875E+01  9.396018E+01  9.667332E+01  9.814278E+01  9.882557E+01
  2.598279E+00  2.598730E+00  2.672098E+00  2.743075E+00  2.891258E+00  3.188757E+00  3.774132E+00  4.947442E+00  7.294415E+00  1.185669E+01
  2.015557E+01  3.374951E+01  5.164906E+01  6.911862E+01  8.207166E+01  9.009310E+01  9.446330E+01  9.647807E+01  2.636777E+00  2.637572E+00
  2.713516E+00  2.786130E+00  2.935446E+00  3.238733E+00  3.837895E+00  5.037996E+00  7.433336E+00  1.207494E+01  2.048925E+01  3.418684E+01
  5.206783E+01  6.940546E+01  8.223823E+01  9.018491E+01  9.451437E+01  9.651034E+01  2.760457E+00  2.759976E+00  2.842383E+00  2.918897E+00
  3.077994E+00  3.402163E+00  4.043141E+00  5.323290E+00  7.863492E+00  1.275890E+01  2.153181E+01  3.552705E+01  5.332867E+01  7.025785E+01
  8.273344E+01  9.045791E+01  9.466628E+01  9.660641E+01  2.987275E+00  2.988117E+00  3.076482E+00  3.166587E+00  3.345124E+00  3.711737E+00
  4.423301E+00  5.846218E+00  8.662118E+00  1.401758E+01  2.342251E+01  3.786984E+01  5.543252E+01  7.165572E+01  8.354633E+01  9.090551E+01
  9.491541E+01  9.676402E+01  3.361228E+00  3.361690E+00  3.473001E+00  3.580581E+00  3.789464E+00  4.211876E+00  5.054449E+00  6.724256E+00
  9.990441E+00  1.609307E+01  2.641744E+01  4.135607E+01  5.836784E+01  7.356799E+01  8.465610E+01  9.151714E+01  9.525595E+01  9.697959E+01
  3.986223E+00  3.984974E+00  4.124355E+00  4.257456E+00  4.521171E+00  5.059170E+00  6.113666E+00  8.201809E+00  1.221519E+01  1.944832E+01
  3.094892E+01  4.613921E+01  6.209139E+01  7.595161E+01  8.603895E+01  9.227991E+01  9.568097E+01  9.724886E+01  5.065207E+00  5.068493E+00
  5.255454E+00  5.439853E+00  5.815432E+00  6.566755E+00  8.031489E+00  1.086590E+01  1.611959E+01  2.499181E+01  3.765073E+01  5.229417E+01
  6.653715E+01  7.876995E+01  8.767419E+01  9.318244E+01  9.618425E+01  9.756818E+01  7.232639E+00  7.239383E+00  7.550850E+00  7.855715E+00
  8.456361E+00  9.668271E+00  1.199579E+01  1.625956E+01  2.357564E+01  3.434746E+01  4.705514E+01  5.968589E+01  7.164960E+01  8.200963E+01
  8.955524E+01  9.422038E+01  9.676393E+01  9.793636E+01  1.328700E+01  1.329798E+01  1.394786E+01  1.459721E+01  1.589621E+01  1.832589E+01
  2.264669E+01  2.963393E+01  3.915229E+01  4.936503E+01  5.880889E+01  6.817472E+01  7.754082E+01  8.574739E+01  9.172572E+01  9.541959E+01
  9.743452E+01  9.836306E+01  4.967506E+01  4.961320E+01  5.046788E+01  5.096276E+01  5.181129E+01  5.320518E+01  5.475081E+01  5.712074E+01
  6.035739E+01  6.477808E+01  7.034472E+01  7.677626E+01  8.356121E+01  8.956805E+01  9.393921E+01  9.665582E+01  9.812878E+01  9.880329E+01
  2.598279E+00  2.599100E+00  2.670952E+00  2.742452E+00  2.887771E+00  3.183748E+00  3.768433E+00  4.932483E+00  7.250753E+00  1.178592E+01
  2.003101E+01  3.355223E+01  5.140084E+01  6.889728E+01  8.191280E+01  8.999416E+01  9.439040E+01  9.640598E+01  2.636777E+00  2.637276E+00
  2.712360E+00  2.785465E+00  2.931286E+00  3.234020E+00  3.831387E+00  5.021905E+00  7.387102E+00  1.200276E+01  2.036162E+01  3.398590E+01
  5.182053E+01  6.918585E+01  8.208070E+01  9.008686E+01  9.444208E+01  9.643887E+01  2.760457E+00  2.758729E+00  2.840677E+00  2.918147E+00
  3.073885E+00  3.395996E+00  4.036028E+00  5.305817E+00  7.813507E+00  1.267977E+01  2.139503E+01  3.532105E+01  5.308354E+01  7.004409E+01
  8.258000E+01  9.036254E+01  9.459589E+01  9.653683E+01  2.987275E+00  2.988751E+00  3.074866E+00  3.164804E+00  3.339437E+00  3.706348E+00
  4.413589E+00  5.824779E+00  8.604139E+00  1.392739E+01  2.326924E+01  3.765547E+01  5.519413E+01  7.145196E+01  8.339960E+01  9.081446E+01
  9.484810E+01  9.669756E+01  3.361228E+00  3.361913E+00  3.471718E+00  3.579486E+00  3.783306E+00  4.204345E+00  5.042785E+00  6.696345E+00
  9.920274E+00  1.598190E+01  2.624235E+01  4.113483E+01  5.814210E+01  7.337787E+01  8.451814E+01  9.143198E+01  9.519292E+01  9.691743E+01
  3.986223E+00  3.984486E+00  4.122452E+00  4.254808E+00  4.513554E+00  5.047259E+00  6.096023E+00  8.160271E+00  1.211882E+01  1.930363E+01
  3.074551E+01  4.591865E+01  6.188442E+01  7.577810E+01  8.591270E+01  9.220184E+01  9.562315E+01  9.719206E+01  5.065207E+00  5.067851E+00
  5.251342E+00  5.436655E+00  5.803336E+00  6.550254E+00  7.999333E+00  1.079912E+01  1.598069E+01  2.479635E+01  3.742033E+01  5.209118E+01
  6.635530E+01  7.861607E+01  8.756084E+01  9.311295E+01  9.613273E+01  9.751769E+01  7.232639E+00  7.241238E+00  7.544807E+00  7.847216E+00
  8.433663E+00  9.631067E+00  1.192188E+01  1.614268E+01  2.336700E+01  3.410098E+01  4.683664E+01  5.951887E+01  7.149537E+01  8.187749E+01
  8.945606E+01  9.416060E+01  9.671947E+01  9.789310E+01  1.328700E+01  1.330074E+01  1.393375E+01  1.457917E+01  1.584311E+01  1.823705E+01
  2.251342E+01  2.943351E+01  3.888845E+01  4.914930E+01  5.865215E+01  6.804980E+01  7.741618E+01  8.563905E+01  9.164325E+01  9.537100E+01
  9.739851E+01  9.832839E+01  4.967506E+01  4.967902E+01  5.044444E+01  5.095530E+01  5.175618E+01  5.316603E+01  5.465435E+01  5.707190E+01
  6.020384E+01  6.465446E+01  7.026415E+01  7.671555E+01  8.348185E+01  8.950569E+01  9.388582E+01  9.662638E+01  9.810384E+01  9.877982E+01
  2.598279E+00  2.597120E+00  2.671955E+00  2.741752E+00  2.885547E+00  3.178572E+00  3.765639E+00  4.921443E+00  7.230689E+00  1.172251E+01
  1.991247E+01  3.331244E+01  5.114392E+01  6.866084E+01  8.176328E+01  8.989677E+01  9.431881E+01  9.633981E+01  2.636777E+00  2.634582E+00
  2.713117E+00  2.784623E+00  2.929749E+00  3.228277E+00  3.829115E+00  5.009957E+00  7.365239E+00  1.193719E+01  2.023962E+01  3.374488E+01
  5.156403E+01  6.895128E+01  8.193212E+01  8.999029E+01  9.437109E+01  9.637329E+01  2.760457E+00  2.757424E+00  2.841498E+00  2.917297E+00
  3.072392E+00  3.390524E+00  4.031841E+00  5.291539E+00  7.788647E+00  1.260728E+01  2.126559E+01  3.507174E+01  5.282958E+01  6.981565E+01
  8.243624E+01  9.026871E+01  9.452679E+01  9.647298E+01  2.987275E+00  2.986363E+00  3.075229E+00  3.163686E+00  3.338819E+00  3.699222E+00
  4.409317E+00  5.807639E+00  8.571953E+00  1.384339E+01  2.312303E+01  3.739484E+01  5.494532E+01  7.123401E+01  8.326252E+01  9.072496E+01
  9.478215E+01  9.663657E+01  3.361228E+00  3.359637E+00  3.472256E+00  3.577644E+00  3.780981E+00  4.195320E+00  5.035235E+00  6.672661E+00
  9.877505E+00  1.587833E+01  2.607175E+01  4.086224E+01  5.790326E+01  7.317397E+01  8.439096E+01  9.134856E+01  9.513122E+01  9.686037E+01
  3.986223E+00  3.984982E+00  4.123692E+00  4.253267E+00  4.510093E+00  5.035465E+00  6.084875E+00  8.127933E+00  1.205635E+01  1.916544E+01
  3.054572E+01  4.564105E+01  6.166404E+01  7.559225E+01  8.579704E+01  9.212587E+01  9.556689E+01  9.713988E+01  5.065207E+00  5.064184E+00
  5.252402E+00  5.431618E+00  5.797112E+00  6.529862E+00  7.976587E+00  1.074161E+01  1.588165E+01  2.460819E+01  3.719322E+01  5.182272E+01
  6.615814E+01  7.845041E+01  8.745903E+01  9.304569E+01  9.608260E+01  9.747134E+01  7.232639E+00  7.235350E+00  7.544140E+00  7.839324E+00
  8.420423E+00  9.591870E+00  1.187004E+01  1.603706E+01  2.320564E+01  3.386274E+01  4.661563E+01  5.928152E+01  7.132539E+01  8.173309E+01
  8.936892E+01  9.410288E+01  9.667638E+01  9.785340E+01  1.328700E+01  1.328771E+01  1.392501E+01  1.455754E+01  1.579708E+01  1.815677E+01
  2.240301E+01  2.925261E+01  3.868592E+01  4.894678E+01  5.848737E+01  6.784862E+01  7.727462E+01  8.552085E+01  9.157290E+01  9.532474E+01
  9.736337E+01  9.829628E+01  4.967506E+01  4.963581E+01  5.045840E+01  5.091734E+01  5.175279E+01  5.310675E+01  5.465587E+01  5.701853E+01
  6.017007E+01  6.455355E+01  7.012881E+01  7.653939E+01  8.338858E+01  8.941561E+01  9.384158E+01  9.659039E+01  9.807526E+01  9.875650E+01
  2.598279E+00  2.598386E+00  2.672039E+00  2.740880E+00  2.884926E+00  3.177173E+00  3.756624E+00  4.902336E+00  7.199935E+00  1.165603E+01
  1.975153E+01  3.307261E+01  5.087262E+01  6.843811E+01  8.159589E+01  8.978477E+01  9.424674E+01  9.627149E+01  2.636777E+00  2.637001E+00
  2.713112E+00  2.784028E+00  2.929170E+00  3.226783E+00  3.820517E+00  4.989173E+00  7.332675E+00  1.186933E+01  2.007558E+01  3.350230E+01
  5.129329E+01  6.873049E+01  8.176622E+01  8.987926E+01  9.429973E+01  9.630558E+01  2.760457E+00  2.758430E+00  2.842169E+00  2.916565E+00
  3.072045E+00  3.387952E+00  4.021763E+00  5.269417E+00  7.754275E+00  1.253225E+01  2.109151E+01  3.482394E+01  5.256145E+01  6.960104E+01
  8.227471E+01  9.016022E+01  9.445735E+01  9.640704E+01  2.987275E+00  2.987609E+00  3.076259E+00  3.162225E+00  3.334894E+00  3.696067E+00
  4.395846E+00  5.782833E+00  8.529793E+00  1.375652E+01  2.293062E+01  3.713624E+01  5.468340E+01  7.102938E+01  8.310836E+01  9.062147E+01
  9.471582E+01  9.657354E+01  3.361228E+00  3.363642E+00  3.472840E+00  3.576439E+00  3.779779E+00  4.189895E+00  5.020406E+00  6.641252E+00
  9.824923E+00  1.577167E+01  2.585393E+01  4.059519E+01  5.765348E+01  7.298357E+01  8.424678E+01  9.125130E+01  9.506924E+01  9.680135E+01
  3.986223E+00  3.984877E+00  4.122216E+00  4.250419E+00  4.507585E+00  5.029175E+00  6.062319E+00  8.084288E+00  1.198073E+01  1.902703E+01
  3.029606E+01  4.537277E+01  6.143493E+01  7.541931E+01  8.566528E+01  9.203652E+01  9.551017E+01  9.708591E+01  5.065207E+00  5.067526E+00
  5.251617E+00  5.428542E+00  5.791133E+00  6.514577E+00  7.940895E+00  1.067189E+01  1.576692E+01  2.442348E+01  3.691247E+01  5.157346E+01
  6.595683E+01  7.829785E+01  8.734147E+01  9.296546E+01  9.603228E+01  9.742322E+01  7.232639E+00  7.236258E+00  7.542808E+00  7.828744E+00
  8.407904E+00  9.564186E+00  1.180040E+01  1.591224E+01  2.302952E+01  3.362524E+01  4.634007E+01  5.907114E+01  7.115284E+01  8.160230E+01
  8.926733E+01  9.403293E+01  9.663309E+01  9.781209E+01  1.328700E+01  1.329750E+01  1.392160E+01  1.454087E+01  1.576942E+01  1.808573E+01
  2.226521E+01  2.903899E+01  3.846337E+01  4.874578E+01  5.827369E+01  6.768604E+01  7.713765E+01  8.541321E+01  9.148880E+01  9.526662E+01
  9.732797E+01  9.826268E+01  4.967506E+01  4.968158E+01  5.044500E+01  5.092348E+01  5.175686E+01  5.304729E+01  5.462878E+01  5.689365E+01
  6.010486E+01  6.449503E+01  7.001559E+01  7.645206E+01  8.328845E+01  8.932616E+01  9.378545E+01  9.654765E+01  9.805202E+01  9.873193E+01
  4.896950E+00  4.872684E+00  5.054015E+00  5.325538E+00  5.652275E+00  6.446946E+00  8.114340E+00  1.111540E+01  1.595788E+01  2.382778E+01
  3.539020E+01  5.000264E+01  6.551218E+01  7.861306E+01  8.787366E+01  9.349183E+01  9.661109E+01  9.824475E+01  4.896950E+00  4.750134E+00
  5.072828E+00  5.351230E+00  5.555756E+00  6.458556E+00  7.993936E+00  1.083936E+01  1.562097E+01  2.330068E+01  3.474630E+01  4.920082E+01
  6.474067E+01  7.806331E+01  8.749884E+01  9.326730E+01  9.647349E+01  9.814057E+01  4.896950E+00  4.755025E+00  5.076834E+00  5.253416E+00
  5.618060E+00  6.424075E+00  7.906363E+00  1.073763E+01  1.543192E+01  2.303824E+01  3.449965E+01  4.890591E+01  6.446421E+01  7.783464E+01
  8.733562E+01  9.316880E+01  9.641200E+01  9.807993E+01  4.896950E+00  4.902853E+00  5.051239E+00  5.305645E+00  5.527190E+00  6.446679E+00
  7.901262E+00  1.068119E+01  1.532447E+01  2.288228E+01  3.431391E+01  4.866774E+01  6.423021E+01  7.765510E+01  8.723127E+01  9.310343E+01
  9.635685E+01  9.802204E+01  4.896950E+00  4.938969E+00  5.049190E+00  5.371488E+00  5.560926E+00  6.398819E+00  7.847344E+00  1.064669E+01
  1.528676E+01  2.279059E+01  3.411985E+01  4.849253E+01  6.404744E+01  7.750986E+01  8.713219E+01  9.303416E+01  9.630777E+01  9.797002E+01
  4.896950E+00  4.941377E+00  5.054627E+00  5.295318E+00  5.558574E+00  6.420249E+00  7.800870E+00  1.061184E+01  1.518373E+01  2.260720E+01
  3.393807E+01  4.821045E+01  6.379542E+01  7.732503E+01  8.700587E+01  9.296163E+01  9.624972E+01  9.791162E+01  4.896950E+00  5.001956E+00
  5.062429E+00  5.275404E+00  5.562757E+00  6.332605E+00  7.800055E+00  1.050907E+01  1.511626E+01  2.240734E+01  3.367500E+01  4.794553E+01
  6.351049E+01  7.711452E+01  8.686810E+01  9.287003E+01  9.618862E+01  9.785121E+01  4.896950E+00  4.950203E+00  5.068865E+00  5.343290E+00
  5.535599E+00  6.398252E+00  7.772652E+00  1.055471E+01  1.496813E+01  2.226674E+01  3.337273E+01  4.764051E+01  6.318708E+01  7.688548E+01
  8.669637E+01  9.276802E+01  9.611883E+01  9.778515E+01  4.896950E+00  4.978766E+00  5.059440E+00  5.184116E+00  5.447387E+00  6.312006E+00
  7.572780E+00  1.004693E+01  1.433022E+01  2.143005E+01  3.214703E+01  4.612933E+01  6.170044E+01  7.570253E+01  8.592031E+01  9.230894E+01
  9.585732E+01  9.761837E+01  4.896950E+00  4.877696E+00  5.060830E+00  5.177183E+00  5.391209E+00  6.214993E+00  7.525310E+00  9.901363E+00
  1.409757E+01  2.114363E+01  3.168786E+01  4.557212E+01  6.120293E+01  7.525891E+01  8.564107E+01  9.213016E+01  9.574710E+01  9.753040E+01
  4.896950E+00  4.797056E+00  5.060296E+00  5.175875E+00  5.430726E+00  6.157557E+00  7.466740E+00  9.651834E+00  1.397391E+01  2.080756E+01
  3.115150E+01  4.496141E+01  6.061366E+01  7.479871E+01  8.532410E+01  9.194604E+01  9.562147E+01  9.743977E+01  4.896950E+00  4.948113E+00
  5.048563E+00  5.200804E+00  5.424136E+00  6.153893E+00  7.452293E+00  9.629137E+00  1.385515E+01  2.058740E+01  3.106685E+01  4.479187E+01
  6.039946E+01  7.461815E+01  8.520306E+01  9.185897E+01  9.556348E+01  9.738818E+01  4.896950E+00  4.802852E+00  5.082983E+00  5.168804E+00
  5.428517E+00  6.155683E+00  7.460787E+00  9.655082E+00  1.397242E+01  2.071946E+01  3.116851E+01  4.495243E+01  6.055023E+01  7.477459E+01
  8.530680E+01  9.192554E+01  9.558090E+01  9.737049E+01  4.896950E+00  5.015001E+00  5.055982E+00  5.162413E+00  5.435789E+00  6.163503E+00
  7.468038E+00  9.793037E+00  1.395694E+01  2.092872E+01  3.133188E+01  4.518874E+01  6.083535E+01  7.493888E+01  8.540447E+01  9.198007E+01
  9.559874E+01  9.735433E+01  4.896950E+00  4.869390E+00  5.082716E+00  5.219220E+00  5.431402E+00  6.199489E+00  7.471207E+00  9.851053E+00
  1.408261E+01  2.103830E+01  3.145179E+01  4.538845E+01  6.100320E+01  7.510533E+01  8.550381E+01  9.202182E+01  9.561532E+01  9.733562E+01
  4.896950E+00  4.913218E+00  5.081294E+00  5.168638E+00  5.394819E+00  6.254749E+00  7.491305E+00  9.937391E+00  1.411719E+01  2.111165E+01
  3.167331E+01  4.554859E+01  6.119569E+01  7.524068E+01  8.560281E+01  9.207979E+01  9.562640E+01  9.731723E+01  4.896950E+00  4.867603E+00
  5.063986E+00  5.183047E+00  5.452279E+00  6.222729E+00  7.531290E+00  9.933216E+00  1.413517E+01  2.118979E+01  3.187853E+01  4.580107E+01
  6.133801E+01  7.539445E+01  8.569485E+01  9.212001E+01  9.563901E+01  9.729956E+01  4.896950E+00  4.917806E+00  5.067122E+00  5.184268E+00
  5.441652E+00  6.335868E+00  7.519401E+00  9.954597E+00  1.428280E+01  2.133708E+01  3.202848E+01  4.595238E+01  6.151656E+01  7.554905E+01
  8.578994E+01  9.216841E+01  9.564871E+01  9.728049E+01  4.896950E+00  4.862809E+00  5.091753E+00  5.168572E+00  5.437578E+00  6.337011E+00
  7.582498E+00  1.002401E+01  1.435053E+01  2.142303E+01  3.214793E+01  4.613763E+01  6.168018E+01  7.567643E+01  8.587636E+01  9.221062E+01
  9.566054E+01  9.725701E+01  4.896950E+00  4.881245E+00  5.079254E+00  5.190935E+00  5.434742E+00  6.325183E+00  7.563508E+00  9.985617E+00
  1.433656E+01  2.138996E+01  3.206837E+01  4.603867E+01  6.159109E+01  7.559203E+01  8.583108E+01  9.217342E+01  9.562425E+01  9.721253E+01
  4.896950E+00  4.902792E+00  5.094656E+00  5.182370E+00  5.388069E+00  6.267359E+00  7.527595E+00  9.922911E+00  1.413441E+01  2.124721E+01
  3.191220E+01  4.585958E+01  6.139441E+01  7.542135E+01  8.570471E+01  9.209824E+01  9.556554E+01  9.715486E+01  4.896950E+00  4.923152E+00
  5.091522E+00  5.180958E+00  5.393738E+00  6.244393E+00  7.525034E+00  9.919984E+00  1.409179E+01  2.112399E+01  3.167230E+01  4.556556E+01
  6.118977E+01  7.522736E+01  8.558890E+01  9.202100E+01  9.550465E+01  9.710267E+01  4.896950E+00  4.917939E+00  5.062667E+00  5.212165E+00
  5.427368E+00  6.208065E+00  7.496547E+00  9.786799E+00  1.401904E+01  2.100196E+01  3.143651E+01  4.533630E+01  6.095845E+01  7.504608E+01
  8.545766E+01  9.193426E+01  9.544951E+01  9.704747E+01
