  6.308140E-01
          18 10.0000000
 -2.000000E+01 -1.000000E+01 -2.107210E+00 -1.806180E+00 -1.505150E+00 -1.204120E+00 -9.030900E-01 -6.020600E-01 -3.010300E-01  0.000000E+00
  3.010300E-01  6.020600E-01  9.030900E-01  1.204120E+00  1.505150E+00  1.806180E+00  2.107210E+00  2.408240E+00
          10 10.0000000
  0.000000E+00  1.000000E+01  2.000000E+01  3.000000E+01  4.000000E+01  5.000000E+01  6.000000E+01  7.000000E+01  8.000000E+01  8.900000E+01
          20  2.0000000
  1.000000E+00  3.000000E+00  5.000000E+00  7.000000E+00  9.000000E+00  1.100000E+01  1.300000E+01  1.500000E+01  1.700000E+01  1.900000E+01
  2.100000E+01  2.300000E+01  2.500000E+01  2.700000E+01  2.900000E+01  3.100000E+01  3.300000E+01  3.500000E+01  3.700000E+01  3.900000E+01
  2.693348E+00  2.693997E+00  2.753031E+00  2.800732E+00  2.920965E+00  3.141048E+00  3.637382E+00  4.556632E+00  6.463535E+00  1.038139E+01
  1.810320E+01  3.176660E+01  5.026805E+01  6.818452E+01  8.149335E+01  8.994438E+01  9.474226E+01  9.730436E+01  2.734624E+00  2.736772E+00
  2.794880E+00  2.845793E+00  2.970616E+00  3.190371E+00  3.702679E+00  4.650936E+00  6.607133E+00  1.061450E+01  1.848933E+01  3.228413E+01
  5.072647E+01  6.853366E+01  8.166717E+01  9.003934E+01  9.479204E+01  9.732987E+01  2.865206E+00  2.864438E+00  2.927530E+00  2.981912E+00
  3.116232E+00  3.354313E+00  3.907462E+00  4.935599E+00  7.065464E+00  1.137779E+01  1.973007E+01  3.386259E+01  5.210688E+01  6.940995E+01
  8.218831E+01  9.032263E+01  9.494012E+01  9.740584E+01  3.100204E+00  3.100034E+00  3.170721E+00  3.236536E+00  3.390411E+00  3.668433E+00
  4.301651E+00  5.498266E+00  7.942945E+00  1.287615E+01  2.198696E+01  3.658344E+01  5.436978E+01  7.088821E+01  8.304056E+01  9.078680E+01
  9.518302E+01  9.753020E+01  3.488067E+00  3.489689E+00  3.582217E+00  3.664520E+00  3.851021E+00  4.200143E+00  4.984175E+00  6.470478E+00
  9.484083E+00  1.538424E+01  2.558756E+01  4.053689E+01  5.749785E+01  7.285525E+01  8.420984E+01  9.142318E+01  9.551548E+01  9.770063E+01
  4.132094E+00  4.131875E+00  4.251847E+00  4.370486E+00  4.628837E+00  5.106333E+00  6.178706E+00  8.189567E+00  1.214855E+01  1.941395E+01
  3.090917E+01  4.579158E+01  6.143340E+01  7.539197E+01  8.567393E+01  9.221867E+01  9.593188E+01  9.791396E+01  5.252521E+00  5.253784E+00
  5.444461E+00  5.628670E+00  6.035118E+00  6.781844E+00  8.397570E+00  1.139603E+01  1.694903E+01  2.605880E+01  3.841615E+01  5.229472E+01
  6.611672E+01  7.841434E+01  8.741127E+01  9.316351E+01  9.642657E+01  9.816752E+01  7.490520E+00  7.490817E+00  7.847123E+00  8.200579E+00
  8.927215E+00  1.030812E+01  1.312856E+01  1.800456E+01  2.599949E+01  3.663536E+01  4.819944E+01  5.993990E+01  7.153391E+01  8.187809E+01
  8.941998E+01  9.425670E+01  9.699800E+01  9.846035E+01  1.371645E+01  1.371574E+01  1.460973E+01  1.548377E+01  1.719878E+01  2.030290E+01
  2.581174E+01  3.364293E+01  4.278831E+01  5.138547E+01  5.977175E+01  6.872226E+01  7.776215E+01  8.580810E+01  9.172718E+01  9.551322E+01
  9.765469E+01  9.879689E+01  5.001192E+01  5.005104E+01  5.087399E+01  5.149713E+01  5.246861E+01  5.359667E+01  5.539252E+01  5.774711E+01
  6.096375E+01  6.505592E+01  7.029354E+01  7.662863E+01  8.333624E+01  8.942670E+01  9.379379E+01  9.663971E+01  9.824240E+01  9.909815E+01
  2.693348E+00  2.693735E+00  2.733559E+00  2.772918E+00  2.858243E+00  3.015398E+00  3.359489E+00  4.061782E+00  5.453176E+00  8.330536E+00
  1.405062E+01  2.480162E+01  4.166392E+01  6.057718E+01  7.617689E+01  8.669487E+01  9.294449E+01  9.635687E+01  2.734624E+00  2.734416E+00
  2.775090E+00  2.816261E+00  2.903158E+00  3.059535E+00  3.417499E+00  4.137384E+00  5.570448E+00  8.523325E+00  1.436944E+01  2.529190E+01
  4.217600E+01  6.095327E+01  7.640395E+01  8.682182E+01  9.301243E+01  9.639172E+01  2.865206E+00  2.863866E+00  2.906618E+00  2.951678E+00
  3.044864E+00  3.215820E+00  3.604307E+00  4.379581E+00  5.938641E+00  9.150759E+00  1.540049E+01  2.677439E+01  4.372523E+01  6.207152E+01
  7.708276E+01  8.719983E+01  9.321219E+01  9.649530E+01  3.100204E+00  3.098461E+00  3.148141E+00  3.198591E+00  3.309648E+00  3.510578E+00
  3.958792E+00  4.842701E+00  6.677887E+00  1.035372E+01  1.734407E+01  2.941245E+01  4.631657E+01  6.390384E+01  7.819328E+01  8.781926E+01
  9.354174E+01  9.666500E+01  3.488067E+00  3.488268E+00  3.553313E+00  3.620896E+00  3.754264E+00  4.007725E+00  4.568783E+00  5.685306E+00
  7.904983E+00  1.240504E+01  2.048641E+01  3.340734E+01  4.994975E+01  6.641958E+01  7.971101E+01  8.866741E+01  9.399223E+01  9.689709E+01
  4.132094E+00  4.129911E+00  4.216382E+00  4.309858E+00  4.499453E+00  4.852217E+00  5.619440E+00  7.134866E+00  1.013265E+01  1.585490E+01
  2.538181E+01  3.893169E+01  5.457605E+01  6.956679E+01  8.161065E+01  8.972778E+01  9.455460E+01  9.718732E+01  5.252521E+00  5.250741E+00
  5.390924E+00  5.534871E+00  5.829418E+00  6.387002E+00  7.564681E+00  9.845340E+00  1.416087E+01  2.170974E+01  3.280510E+01  4.611797E+01
  6.013903E+01  7.330476E+01  8.386849E+01  9.098775E+01  9.522305E+01  9.753253E+01  7.490520E+00  7.489272E+00  7.749227E+00  8.028397E+00
  8.562328E+00  9.592705E+00  1.168498E+01  1.553126E+01  2.208214E+01  3.183079E+01  4.327440E+01  5.483891E+01  6.657246E+01  7.762080E+01
  8.647057E+01  9.244077E+01  9.599425E+01  9.793003E+01  1.371645E+01  1.371098E+01  1.435328E+01  1.501958E+01  1.626351E+01  1.860318E+01
  2.290932E+01  2.973996E+01  3.867123E+01  4.780621E+01  5.632227E+01  6.486301E+01  7.391576E+01  8.253475E+01  8.944234E+01  9.409939E+01
  9.687505E+01  9.838390E+01  5.001192E+01  5.001021E+01  5.066316E+01  5.124138E+01  5.197008E+01  5.296827E+01  5.450860E+01  5.661079E+01
  5.941785E+01  6.305523E+01  6.792210E+01  7.375974E+01  8.039987E+01  8.682928E+01  9.205711E+01  9.555980E+01  9.765028E+01  9.878455E+01
  2.693348E+00  2.691897E+00  2.727912E+00  2.764417E+00  2.829860E+00  2.973963E+00  3.246598E+00  3.831544E+00  5.009507E+00  7.533402E+00
  1.257055E+01  2.229991E+01  3.838817E+01  5.744265E+01  7.383772E+01  8.525742E+01  9.212025E+01  9.592070E+01  2.734624E+00  2.733530E+00
  2.768037E+00  2.805789E+00  2.876627E+00  3.017889E+00  3.300938E+00  3.904776E+00  5.118939E+00  7.700616E+00  1.287160E+01  2.277397E+01
  3.892044E+01  5.784737E+01  7.408806E+01  8.539746E+01  9.219403E+01  9.595857E+01  2.865206E+00  2.861782E+00  2.897597E+00  2.941411E+00
  3.014050E+00  3.170411E+00  3.476489E+00  4.129716E+00  5.466321E+00  8.276374E+00  1.386132E+01  2.423635E+01  4.052673E+01  5.904913E+01
  7.483237E+01  8.581657E+01  9.241833E+01  9.607382E+01  3.100204E+00  3.095711E+00  3.139478E+00  3.187745E+00  3.274584E+00  3.460287E+00
  3.810691E+00  4.581108E+00  6.125336E+00  9.403940E+00  1.569462E+01  2.685407E+01  4.322776E+01  6.103481E+01  7.605204E+01  8.650309E+01
  9.278490E+01  9.626357E+01  3.488067E+00  3.485459E+00  3.542603E+00  3.605556E+00  3.711875E+00  3.946427E+00  4.397058E+00  5.360507E+00
  7.311800E+00  1.134449E+01  1.874724E+01  3.085132E+01  4.703490E+01  6.374152E+01  7.772279E+01  8.744476E+01  9.328813E+01  9.652454E+01
  4.132094E+00  4.126016E+00  4.205849E+00  4.291080E+00  4.451032E+00  4.775133E+00  5.418248E+00  6.756118E+00  9.408009E+00  1.465270E+01
  2.356406E+01  3.648246E+01  5.191738E+01  6.714607E+01  7.981085E+01  8.862103E+01  9.391773E+01  9.685091E+01  5.252521E+00  5.247540E+00
  5.375993E+00  5.509757E+00  5.765604E+00  6.283606E+00  7.302426E+00  9.372739E+00  1.330137E+01  2.033577E+01  3.095807E+01  4.391234E+01
  5.781371E+01  7.119585E+01  8.229557E+01  9.002280E+01  9.466615E+01  9.723772E+01  7.490520E+00  7.482249E+00  7.726435E+00  7.984107E+00
  8.474527E+00  9.449916E+00  1.132289E+01  1.487687E+01  2.103874E+01  3.038393E+01  4.163898E+01  5.300464E+01  6.466049E+01  7.585941E+01
  8.516025E+01  9.164178E+01  9.553161E+01  9.768610E+01  1.371645E+01  1.369943E+01  1.430989E+01  1.492037E+01  1.608006E+01  1.830810E+01
  2.226642E+01  2.875856E+01  3.742492E+01  4.663205E+01  5.511359E+01  6.348406E+01  7.246793E+01  8.118522E+01  8.843255E+01  9.348633E+01
  9.651764E+01  9.819521E+01  5.001192E+01  5.000896E+01  5.062186E+01  5.109981E+01  5.180668E+01  5.282333E+01  5.422625E+01  5.618335E+01
  5.885099E+01  6.250193E+01  6.703317E+01  7.271387E+01  7.923323E+01  8.576349E+01  9.124969E+01  9.508369E+01  9.737206E+01  9.863251E+01
  2.693348E+00  2.692771E+00  2.728248E+00  2.759940E+00  2.819375E+00  2.953923E+00  3.213678E+00  3.733054E+00  4.833766E+00  7.028726E+00
  1.184800E+01  2.103731E+01  3.659498E+01  5.565939E+01  7.251154E+01  8.439647E+01  9.161702E+01  9.565714E+01  2.734624E+00  2.733122E+00
  2.769176E+00  2.801050E+00  2.864379E+00  3.001748E+00  3.267644E+00  3.805895E+00  4.933709E+00  7.189750E+00  1.213554E+01  2.148713E+01
  3.713504E+01  5.608209E+01  7.277230E+01  8.454372E+01  9.169529E+01  9.569643E+01  2.865206E+00  2.863633E+00  2.900619E+00  2.935588E+00
  3.000662E+00  3.149343E+00  3.439517E+00  4.022496E+00  5.258562E+00  7.743460E+00  1.309803E+01  2.294349E+01  3.875662E+01  5.732949E+01
  7.355147E+01  8.498683E+01  9.193266E+01  9.581979E+01  3.100204E+00  3.097176E+00  3.138504E+00  3.179571E+00  3.259755E+00  3.436402E+00
  3.769677E+00  4.456753E+00  5.887974E+00  8.809826E+00  1.487374E+01  2.555265E+01  4.151719E+01  5.939099E+01  7.483260E+01  8.571416E+01
  9.232273E+01  9.602263E+01  3.488067E+00  3.485534E+00  3.542220E+00  3.597442E+00  3.694821E+00  3.912327E+00  4.344830E+00  5.222484E+00
  7.050677E+00  1.066336E+01  1.787076E+01  2.951951E+01  4.541064E+01  6.221771E+01  7.658693E+01  8.671116E+01  9.285800E+01  9.629980E+01
  4.132094E+00  4.127990E+00  4.202791E+00  4.280005E+00  4.431753E+00  4.736065E+00  5.346509E+00  6.581800E+00  9.085736E+00  1.386179E+01
  2.262996E+01  3.519609E+01  5.045065E+01  6.575944E+01  7.878439E+01  8.795871E+01  9.352763E+01  9.664753E+01  5.252521E+00  5.248271E+00
  5.369012E+00  5.492066E+00  5.739726E+00  6.231703E+00  7.212048E+00  9.140010E+00  1.291633E+01  1.951602E+01  2.997990E+01  4.275123E+01
  5.653735E+01  6.998357E+01  8.140070E+01  8.944508E+01  9.432501E+01  9.706122E+01  7.490520E+00  7.483733E+00  7.718765E+00  7.959236E+00
  8.427826E+00  9.372950E+00  1.118894E+01  1.458264E+01  2.053406E+01  2.947381E+01  4.075656E+01  5.200299E+01  6.359709E+01  7.486367E+01
  8.442615E+01  9.116354E+01  9.524789E+01  9.753968E+01  1.371645E+01  1.370411E+01  1.428900E+01  1.487607E+01  1.600342E+01  1.817418E+01
  2.204240E+01  2.830290E+01  3.686162E+01  4.593993E+01  5.452673E+01  6.281309E+01  7.163701E+01  8.042525E+01  8.787315E+01  9.312081E+01
  9.629881E+01  9.808494E+01  5.001192E+01  5.000475E+01  5.051025E+01  5.102931E+01  5.177678E+01  5.266668E+01  5.410784E+01  5.601833E+01
  5.859452E+01  6.203335E+01  6.666729E+01  7.206004E+01  7.854573E+01  8.520867E+01  9.083653E+01  9.479487E+01  9.720463E+01  9.855322E+01
  2.693348E+00  2.692700E+00  2.720460E+00  2.757165E+00  2.826592E+00  2.933457E+00  3.175900E+00  3.666088E+00  4.701824E+00  6.794909E+00
  1.137406E+01  2.019964E+01  3.538995E+01  5.445187E+01  7.156998E+01  8.377665E+01  9.127200E+01  9.546334E+01  2.734624E+00  2.732495E+00
  2.763798E+00  2.797543E+00  2.869241E+00  2.978418E+00  3.232277E+00  3.736584E+00  4.804592E+00  6.956859E+00  1.166367E+01  2.066583E+01
  3.593373E+01  5.488008E+01  7.183845E+01  8.392989E+01  9.135220E+01  9.550370E+01  2.865206E+00  2.864236E+00  2.892874E+00  2.931833E+00
  3.008375E+00  3.125550E+00  3.404401E+00  3.952888E+00  5.124294E+00  7.483025E+00  1.258186E+01  2.209989E+01  3.758710E+01  5.616390E+01
  7.264685E+01  8.438931E+01  9.160035E+01  9.563271E+01  3.100204E+00  3.097173E+00  3.133248E+00  3.176431E+00  3.273238E+00  3.406073E+00
  3.723062E+00  4.373854E+00  5.762846E+00  8.520838E+00  1.433105E+01  2.468183E+01  4.037739E+01  5.827602E+01  7.397097E+01  8.514513E+01
  9.200655E+01  9.584376E+01  3.488067E+00  3.486300E+00  3.533929E+00  3.592669E+00  3.698382E+00  3.884832E+00  4.286059E+00  5.123067E+00
  6.863286E+00  1.034040E+01  1.727799E+01  2.865475E+01  4.433310E+01  6.118104E+01  7.578333E+01  8.618096E+01  9.256450E+01  9.613329E+01
  4.132094E+00  4.127785E+00  4.195596E+00  4.272708E+00  4.430833E+00  4.698112E+00  5.276726E+00  6.464400E+00  8.868443E+00  1.351355E+01
  2.200561E+01  3.435910E+01  4.944110E+01  6.482224E+01  7.805947E+01  8.747987E+01  9.326314E+01  9.649644E+01  5.252521E+00  5.247984E+00
  5.363492E+00  5.485568E+00  5.731187E+00  6.184722E+00  7.118048E+00  8.998301E+00  1.264731E+01  1.909326E+01  2.935209E+01  4.195134E+01
  5.565277E+01  6.915945E+01  8.076770E+01  8.902666E+01  9.409427E+01  9.692903E+01  7.490520E+00  7.486971E+00  7.715167E+00  7.949323E+00
  8.420244E+00  9.308107E+00  1.107311E+01  1.438795E+01  2.024510E+01  2.903998E+01  4.018607E+01  5.136007E+01  6.288516E+01  7.418184E+01
  8.390483E+01  9.081585E+01  9.505761E+01  9.742935E+01  1.371645E+01  1.370187E+01  1.428329E+01  1.485875E+01  1.596177E+01  1.805078E+01
  2.183977E+01  2.802531E+01  3.652771E+01  4.559591E+01  5.411273E+01  6.227184E+01  7.112354E+01  7.990475E+01  8.747745E+01  9.285608E+01
  9.615439E+01  9.799937E+01  5.001192E+01  4.998798E+01  5.058699E+01  5.102218E+01  5.166307E+01  5.270082E+01  5.402855E+01  5.587875E+01
  5.849877E+01  6.188599E+01  6.636446E+01  7.175148E+01  7.819362E+01  8.479779E+01  9.053111E+01  9.459229E+01  9.709173E+01  9.848651E+01
  2.693348E+00  2.693273E+00  2.719843E+00  2.750083E+00  2.807033E+00  2.925943E+00  3.151202E+00  3.659855E+00  4.611783E+00  6.626513E+00
  1.097673E+01  1.965571E+01  3.461073E+01  5.370325E+01  7.096439E+01  8.338968E+01  9.104710E+01  9.534190E+01  2.734624E+00  2.735175E+00
  2.762137E+00  2.790252E+00  2.851155E+00  2.975149E+00  3.201196E+00  3.713552E+00  4.723154E+00  6.782806E+00  1.125556E+01  2.010747E+01
  3.515333E+01  5.414059E+01  7.123891E+01  8.354542E+01  9.112987E+01  9.538356E+01  2.865206E+00  2.864982E+00  2.892532E+00  2.923302E+00
  2.989589E+00  3.120480E+00  3.372136E+00  3.926776E+00  5.044860E+00  7.304483E+00  1.216260E+01  2.153452E+01  3.681475E+01  5.544260E+01
  7.205991E+01  8.401721E+01  9.138375E+01  9.551581E+01  3.100204E+00  3.098646E+00  3.132201E+00  3.168526E+00  3.244414E+00  3.397936E+00
  3.689791E+00  4.344657E+00  5.663709E+00  8.317897E+00  1.389706E+01  2.412189E+01  3.962925E+01  5.759159E+01  7.341126E+01  8.478915E+01
  9.180048E+01  9.573280E+01  3.488067E+00  3.488975E+00  3.532228E+00  3.583284E+00  3.675751E+00  3.873624E+00  4.247236E+00  5.096159E+00
  6.790312E+00  1.010774E+01  1.683497E+01  2.810460E+01  4.362288E+01  6.054639E+01  7.526452E+01  8.585121E+01  9.237233E+01  9.603013E+01
  4.132094E+00  4.130795E+00  4.192893E+00  4.262084E+00  4.405851E+00  4.682047E+00  5.231761E+00  6.411902E+00  8.735865E+00  1.324332E+01
  2.152363E+01  3.381168E+01  4.878661E+01  6.424856E+01  7.758395E+01  8.717941E+01  9.308858E+01  9.640335E+01  5.252521E+00  5.252461E+00
  5.359569E+00  5.475821E+00  5.699393E+00  6.163921E+00  7.069822E+00  8.956093E+00  1.247702E+01  1.879856E+01  2.886576E+01  4.148127E+01
  5.507984E+01  6.866798E+01  8.035449E+01  8.876439E+01  9.394212E+01  9.684723E+01  7.490520E+00  7.490280E+00  7.707042E+00  7.934955E+00
  8.382841E+00  9.286035E+00  1.099667E+01  1.430372E+01  2.001654E+01  2.871653E+01  3.974615E+01  5.102785E+01  6.240541E+01  7.378131E+01
  8.356003E+01  9.059767E+01  9.493156E+01  9.736160E+01  1.371645E+01  1.371074E+01  1.427035E+01  1.483447E+01  1.590598E+01  1.799384E+01
  2.170200E+01  2.792976E+01  3.630527E+01  4.531741E+01  5.379602E+01  6.205689E+01  7.076070E+01  7.960996E+01  8.721101E+01  9.268669E+01
  9.605666E+01  9.794793E+01  5.001192E+01  5.000981E+01  5.055630E+01  5.099612E+01  5.168271E+01  5.268561E+01  5.397393E+01  5.587340E+01
  5.838559E+01  6.173332E+01  6.613943E+01  7.161018E+01  7.789523E+01  8.456545E+01  9.032561E+01  9.445733E+01  9.701774E+01  9.844428E+01
  2.693348E+00  2.691276E+00  2.718204E+00  2.763469E+00  2.807915E+00  2.915329E+00  3.141168E+00  3.615158E+00  4.565866E+00  6.578081E+00
  1.067933E+01  1.930306E+01  3.412789E+01  5.320737E+01  7.059366E+01  8.315005E+01  9.088799E+01  9.525739E+01  2.734624E+00  2.733793E+00
  2.759743E+00  2.804355E+00  2.851489E+00  2.960886E+00  3.195283E+00  3.681019E+00  4.658255E+00  6.725566E+00  1.093726E+01  1.976300E+01
  3.467248E+01  5.364473E+01  7.087172E+01  8.330379E+01  9.097086E+01  9.530016E+01  2.865206E+00  2.861895E+00  2.888599E+00  2.939214E+00
  2.988411E+00  3.104675E+00  3.357727E+00  3.896426E+00  4.958807E+00  7.236474E+00  1.183035E+01  2.117976E+01  3.635360E+01  5.496392E+01
  7.170601E+01  8.378541E+01  9.122984E+01  9.543410E+01  3.100204E+00  3.096354E+00  3.128220E+00  3.183080E+00  3.241990E+00  3.385087E+00
  3.680176E+00  4.298967E+00  5.562270E+00  8.244724E+00  1.352868E+01  2.374667E+01  3.917974E+01  5.713663E+01  7.307368E+01  8.457259E+01
  9.165407E+01  9.565456E+01  3.488067E+00  3.485803E+00  3.528482E+00  3.597583E+00  3.674365E+00  3.854004E+00  4.237980E+00  5.046718E+00
  6.650154E+00  1.001391E+01  1.643785E+01  2.773295E+01  4.318915E+01  6.011430E+01  7.494881E+01  8.564323E+01  9.223515E+01  9.595744E+01
  4.132094E+00  4.127560E+00  4.190274E+00  4.275631E+00  4.404660E+00  4.664838E+00  5.216844E+00  6.344359E+00  8.625149E+00  1.314775E+01
  2.112719E+01  3.346003E+01  4.839973E+01  6.385629E+01  7.730255E+01  8.699852E+01  9.296333E+01  9.633743E+01  5.252521E+00  5.248897E+00
  5.353911E+00  5.487974E+00  5.701036E+00  6.143096E+00  7.049573E+00  8.865678E+00  1.235769E+01  1.869856E+01  2.845819E+01  4.113364E+01
  5.473720E+01  6.832269E+01  8.010947E+01  8.860531E+01  9.383321E+01  9.678933E+01  7.490520E+00  7.482806E+00  7.702359E+00  7.951740E+00
  8.379907E+00  9.247678E+00  1.096335E+01  1.422554E+01  1.985986E+01  2.859856E+01  3.933766E+01  5.072097E+01  6.212904E+01  7.349760E+01
  8.335997E+01  9.047647E+01  9.483802E+01  9.731306E+01  1.371645E+01  1.369620E+01  1.426149E+01  1.485486E+01  1.590495E+01  1.794057E+01
  2.164642E+01  2.774935E+01  3.610245E+01  4.523550E+01  5.339735E+01  6.183308E+01  7.054912E+01  7.938651E+01  8.706037E+01  9.259585E+01
  9.598485E+01  9.790988E+01  5.001192E+01  5.001405E+01  5.052879E+01  5.106895E+01  5.171127E+01  5.265666E+01  5.393069E+01  5.581348E+01
  5.829874E+01  6.167599E+01  6.578720E+01  7.142080E+01  7.772526E+01  8.439608E+01  9.020684E+01  9.437492E+01  9.695557E+01  9.841733E+01
  2.693348E+00  2.689169E+00  2.717636E+00  2.747290E+00  2.799669E+00  2.908410E+00  3.134346E+00  3.592358E+00  4.531919E+00  6.495159E+00
  1.056343E+01  1.898942E+01  3.373816E+01  5.274175E+01  7.020295E+01  8.288099E+01  9.074872E+01  9.518343E+01  2.734624E+00  2.730886E+00
  2.758541E+00  2.787648E+00  2.844711E+00  2.956167E+00  3.175743E+00  3.657565E+00  4.611581E+00  6.647685E+00  1.083953E+01  1.943605E+01
  3.429216E+01  5.318525E+01  7.048618E+01  8.304110E+01  9.083534E+01  9.522659E+01  2.865206E+00  2.860744E+00  2.888951E+00  2.920931E+00
  2.980015E+00  3.099298E+00  3.346794E+00  3.864958E+00  4.918055E+00  7.168625E+00  1.172235E+01  2.085413E+01  3.594934E+01  5.451733E+01
  7.133092E+01  8.352737E+01  9.109697E+01  9.536385E+01  3.100204E+00  3.095456E+00  3.129655E+00  3.163746E+00  3.233434E+00  3.376175E+00
  3.677938E+00  4.273491E+00  5.527208E+00  8.153964E+00  1.341652E+01  2.341611E+01  3.879453E+01  5.671411E+01  7.271741E+01  8.432360E+01
  9.152728E+01  9.558755E+01  3.488067E+00  3.482407E+00  3.529299E+00  3.578700E+00  3.664344E+00  3.843355E+00  4.213545E+00  5.005708E+00
  6.655331E+00  9.914744E+00  1.630143E+01  2.739717E+01  4.281909E+01  5.972285E+01  7.461982E+01  8.541643E+01  9.211819E+01  9.589548E+01
  4.132094E+00  4.124925E+00  4.192055E+00  4.257459E+00  4.390303E+00  4.652307E+00  5.193079E+00  6.309599E+00  8.556026E+00  1.303455E+01
  2.095284E+01  3.311851E+01  4.808691E+01  6.350555E+01  7.700192E+01  8.678791E+01  9.285820E+01  9.628110E+01  5.252521E+00  5.242815E+00
  5.355981E+00  5.467369E+00  5.683984E+00  6.126515E+00  7.013593E+00  8.805300E+00  1.225460E+01  1.855243E+01  2.828850E+01  4.082537E+01
  5.448405E+01  6.801987E+01  7.984693E+01  8.842179E+01  9.374231E+01  9.674129E+01  7.490520E+00  7.481933E+00  7.701612E+00  7.923752E+00
  8.359822E+00  9.228772E+00  1.094207E+01  1.414541E+01  1.978126E+01  2.847276E+01  3.920337E+01  5.046071E+01  6.190739E+01  7.325258E+01
  8.314233E+01  9.031578E+01  9.476522E+01  9.727425E+01  1.371645E+01  1.369045E+01  1.426782E+01  1.481484E+01  1.587684E+01  1.791183E+01
  2.161056E+01  2.765527E+01  3.600097E+01  4.514851E+01  5.339117E+01  6.162338E+01  7.040740E+01  7.921114E+01  8.689084E+01  9.247227E+01
  9.593023E+01  9.788052E+01  5.001192E+01  4.999038E+01  5.055815E+01  5.095932E+01  5.165694E+01  5.262315E+01  5.383870E+01  5.570347E+01
  5.818737E+01  6.166941E+01  6.588274E+01  7.128425E+01  7.755968E+01  8.425337E+01  9.006509E+01  9.429804E+01  9.691711E+01  9.839203E+01
  2.693348E+00  2.692848E+00  2.722349E+00  2.751789E+00  2.801892E+00  2.912599E+00  3.124678E+00  3.564100E+00  4.496829E+00  6.393115E+00
  1.040644E+01  1.872321E+01  3.336637E+01  5.235946E+01  6.992484E+01  8.268580E+01  9.064495E+01  9.511829E+01  2.734624E+00  2.732957E+00
  2.762787E+00  2.792308E+00  2.846218E+00  2.955070E+00  3.178725E+00  3.625550E+00  4.590208E+00  6.547898E+00  1.068614E+01  1.915930E+01
  3.392249E+01  5.280837E+01  7.021077E+01  8.285110E+01  9.073067E+01  9.516230E+01  2.865206E+00  2.862782E+00  2.891866E+00  2.925349E+00
  2.980753E+00  3.102877E+00  3.338907E+00  3.838526E+00  4.889141E+00  7.033966E+00  1.157208E+01  2.058228E+01  3.560067E+01  5.414952E+01
  7.106104E+01  8.334332E+01  9.099594E+01  9.530091E+01  3.100204E+00  3.096409E+00  3.131842E+00  3.168262E+00  3.234035E+00  3.378762E+00
  3.658255E+00  4.251176E+00  5.479294E+00  8.023747E+00  1.325840E+01  2.313231E+01  3.844584E+01  5.635369E+01  7.246009E+01  8.414339E+01
  9.143136E+01  9.552790E+01  3.488067E+00  3.485855E+00  3.532085E+00  3.582284E+00  3.663870E+00  3.844512E+00  4.206886E+00  4.967918E+00
  6.559269E+00  9.772840E+00  1.613195E+01  2.711046E+01  4.248790E+01  5.938873E+01  7.438003E+01  8.524882E+01  9.202829E+01  9.583945E+01
  4.132094E+00  4.128051E+00  4.192344E+00  4.258546E+00  4.389600E+00  4.654055E+00  5.176301E+00  6.266079E+00  8.511419E+00  1.287413E+01
  2.075646E+01  3.282962E+01  4.775715E+01  6.319793E+01  7.678692E+01  8.663642E+01  9.277767E+01  9.622966E+01  5.252521E+00  5.248866E+00
  5.356988E+00  5.469011E+00  5.686045E+00  6.123833E+00  6.995861E+00  8.758922E+00  1.220132E+01  1.839183E+01  2.807204E+01  4.056213E+01
  5.418401E+01  6.774918E+01  7.965865E+01  8.828894E+01  9.366938E+01  9.669537E+01  7.490520E+00  7.483691E+00  7.705060E+00  7.921061E+00
  8.360430E+00  9.226482E+00  1.090612E+01  1.407271E+01  1.969112E+01  2.826950E+01  3.901022E+01  5.023160E+01  6.167189E+01  7.302026E+01
  8.298623E+01  9.019806E+01  9.470573E+01  9.723550E+01  1.371645E+01  1.370407E+01  1.425891E+01  1.481103E+01  1.586957E+01  1.790011E+01
  2.155410E+01  2.755768E+01  3.591763E+01  4.498260E+01  5.322291E+01  6.144170E+01  7.020846E+01  7.902924E+01  8.677551E+01  9.238007E+01
  9.588335E+01  9.785027E+01  5.001192E+01  4.999162E+01  5.053773E+01  5.094370E+01  5.166615E+01  5.261052E+01  5.387307E+01  5.561036E+01
  5.823105E+01  6.154868E+01  6.579109E+01  7.115421E+01  7.748013E+01  8.411296E+01  8.997035E+01  9.421746E+01  9.687495E+01  9.837164E+01
  2.693348E+00  2.694020E+00  2.722708E+00  2.748294E+00  2.796229E+00  2.907021E+00  3.124839E+00  3.571636E+00  4.480958E+00  6.393754E+00
  1.031374E+01  1.855234E+01  3.301751E+01  5.204818E+01  6.968172E+01  8.252115E+01  9.054982E+01  9.507182E+01  2.734624E+00  2.735879E+00
  2.763257E+00  2.789625E+00  2.839767E+00  2.954296E+00  3.168043E+00  3.636809E+00  4.552753E+00  6.521416E+00  1.056916E+01  1.899275E+01
  3.357735E+01  5.250134E+01  6.996692E+01  8.268543E+01  9.063751E+01  9.511639E+01  2.865206E+00  2.866304E+00  2.893140E+00  2.922488E+00
  2.976263E+00  3.095560E+00  3.335269E+00  3.838099E+00  4.862852E+00  7.025879E+00  1.145175E+01  2.040447E+01  3.527370E+01  5.384347E+01
  7.082523E+01  8.317901E+01  9.090522E+01  9.525624E+01  3.100204E+00  3.099990E+00  3.132942E+00  3.165771E+00  3.227806E+00  3.372189E+00
  3.650085E+00  4.239697E+00  5.465501E+00  8.007376E+00  1.312955E+01  2.295921E+01  3.809981E+01  5.607510E+01  7.223587E+01  8.399225E+01
  9.134486E+01  9.548470E+01  3.488067E+00  3.490233E+00  3.532305E+00  3.579368E+00  3.657924E+00  3.839597E+00  4.201329E+00  4.964571E+00
  6.518258E+00  9.733864E+00  1.599078E+01  2.693096E+01  4.218394E+01  5.912613E+01  7.417209E+01  8.510654E+01  9.194905E+01  9.579964E+01
  4.132094E+00  4.132028E+00  4.192709E+00  4.258714E+00  4.381985E+00  4.646522E+00  5.170602E+00  6.264454E+00  8.473935E+00  1.284498E+01
  2.065454E+01  3.264439E+01  4.747202E+01  6.296107E+01  7.659908E+01  8.650494E+01  9.270505E+01  9.619499E+01  5.252521E+00  5.252766E+00
  5.357930E+00  5.467585E+00  5.674613E+00  6.120027E+00  6.991515E+00  8.748911E+00  1.216135E+01  1.834101E+01  2.792999E+01  4.040650E+01
  5.392986E+01  6.753825E+01  7.949574E+01  8.817401E+01  9.360850E+01  9.666557E+01  7.490520E+00  7.487714E+00  7.704700E+00  7.924862E+00
  8.351895E+00  9.210783E+00  1.089097E+01  1.405421E+01  1.964741E+01  2.823852E+01  3.889162E+01  5.008367E+01  6.145414E+01  7.285166E+01
  8.285279E+01  9.010773E+01  9.465483E+01  9.721140E+01  1.371645E+01  1.371038E+01  1.426132E+01  1.481392E+01  1.585715E+01  1.788486E+01
  2.156189E+01  2.753449E+01  3.589235E+01  4.493983E+01  5.315664E+01  6.134053E+01  7.004375E+01  7.889532E+01  8.667265E+01  9.231065E+01
  9.584689E+01  9.783312E+01  5.001192E+01  5.000796E+01  5.052787E+01  5.098909E+01  5.166962E+01  5.264803E+01  5.392472E+01  5.568732E+01
  5.820402E+01  6.152783E+01  6.569245E+01  7.107213E+01  7.730685E+01  8.399498E+01  8.988913E+01  9.417155E+01  9.684997E+01  9.835596E+01
  2.693348E+00  2.696111E+00  2.723066E+00  2.751321E+00  2.798244E+00  2.920601E+00  3.112875E+00  3.549408E+00  4.444290E+00  6.316249E+00
  1.022489E+01  1.836949E+01  3.282932E+01  5.182033E+01  6.948598E+01  8.238519E+01  9.047199E+01  9.502625E+01  2.734624E+00  2.736694E+00
  2.763855E+00  2.791911E+00  2.841492E+00  2.964877E+00  3.162795E+00  3.612629E+00  4.525973E+00  6.449230E+00  1.048619E+01  1.882579E+01
  3.328778E+01  5.227744E+01  6.977519E+01  8.254713E+01  9.056016E+01  9.506830E+01  2.865206E+00  2.866676E+00  2.893650E+00  2.925649E+00
  2.978764E+00  3.107422E+00  3.326842E+00  3.817140E+00  4.822441E+00  6.955770E+00  1.135740E+01  2.023388E+01  3.505767E+01  5.362555E+01
  7.064237E+01  8.304323E+01  9.083015E+01  9.521000E+01  3.100204E+00  3.101977E+00  3.132283E+00  3.167336E+00  3.229251E+00  3.390422E+00
  3.639556E+00  4.206885E+00  5.397787E+00  7.956762E+00  1.301538E+01  2.277303E+01  3.782565E+01  5.586368E+01  7.205813E+01  8.386572E+01
  9.127310E+01  9.544347E+01  3.488067E+00  3.490309E+00  3.532488E+00  3.580502E+00  3.659862E+00  3.849082E+00  4.188765E+00  4.924247E+00
  6.469053E+00  9.744291E+00  1.587627E+01  2.673643E+01  4.195333E+01  5.892538E+01  7.400317E+01  8.498963E+01  9.188125E+01  9.575664E+01
  4.132094E+00  4.134598E+00  4.194043E+00  4.259541E+00  4.384115E+00  4.655719E+00  5.154978E+00  6.226106E+00  8.403689E+00  1.286632E+01
  2.048534E+01  3.249826E+01  4.726917E+01  6.278069E+01  7.645422E+01  8.639737E+01  9.264417E+01  9.615533E+01  5.252521E+00  5.256773E+00
  5.358110E+00  5.467620E+00  5.677912E+00  6.131320E+00  6.971633E+00  8.714616E+00  1.208013E+01  1.825409E+01  2.784178E+01  4.028430E+01
  5.384175E+01  6.737912E+01  7.936775E+01  8.807506E+01  9.355435E+01  9.663171E+01  7.490520E+00  7.494758E+00  7.704484E+00  7.923022E+00
  8.354761E+00  9.228174E+00  1.086007E+01  1.400668E+01  1.954992E+01  2.822796E+01  3.879686E+01  4.998331E+01  6.134814E+01  7.272169E+01
  8.274504E+01  9.002437E+01  9.460963E+01  9.718334E+01  1.371645E+01  1.371892E+01  1.425818E+01  1.480282E+01  1.585716E+01  1.791401E+01
  2.150224E+01  2.746429E+01  3.576649E+01  4.489476E+01  5.309316E+01  6.130529E+01  6.999873E+01  7.879743E+01  8.658647E+01  9.224033E+01
  9.581072E+01  9.781026E+01  5.001192E+01  5.004987E+01  5.050481E+01  5.094292E+01  5.164988E+01  5.269287E+01  5.388982E+01  5.567223E+01
  5.813337E+01  6.148508E+01  6.567899E+01  7.099273E+01  7.748500E+01  8.391268E+01  8.981266E+01  9.410930E+01  9.682417E+01  9.833665E+01
  2.693348E+00  2.685722E+00  2.714313E+00  2.745084E+00  2.793732E+00  2.897686E+00  3.110419E+00  3.538564E+00  4.432717E+00  6.258250E+00
  1.011614E+01  1.817456E+01  3.264357E+01  5.156539E+01  6.931046E+01  8.229764E+01  9.038841E+01  9.499757E+01  2.734624E+00  2.726386E+00
  2.754960E+00  2.786965E+00  2.836276E+00  2.944462E+00  3.158662E+00  3.603996E+00  4.522881E+00  6.382883E+00  1.036346E+01  1.862074E+01
  3.319775E+01  5.201337E+01  6.960088E+01  8.246445E+01  9.047330E+01  9.504331E+01  2.865206E+00  2.855795E+00  2.884821E+00  2.918718E+00
  2.972533E+00  3.086066E+00  3.320632E+00  3.802442E+00  4.812694E+00  6.875892E+00  1.123634E+01  2.003181E+01  3.488771E+01  5.337139E+01
  7.047016E+01  8.296773E+01  9.074816E+01  9.518512E+01  3.100204E+00  3.088836E+00  3.122842E+00  3.161737E+00  3.224943E+00  3.361740E+00
  3.633690E+00  4.200847E+00  5.392426E+00  7.850796E+00  1.290040E+01  2.257864E+01  3.774581E+01  5.562293E+01  7.189662E+01  8.378953E+01
  9.119008E+01  9.541864E+01  3.488067E+00  3.477567E+00  3.523672E+00  3.574459E+00  3.654177E+00  3.824941E+00  4.180933E+00  4.917216E+00
  6.455759E+00  9.583346E+00  1.576504E+01  2.656360E+01  4.183492E+01  5.870274E+01  7.385319E+01  8.492008E+01  9.180509E+01  9.573735E+01
  4.132094E+00  4.117724E+00  4.183348E+00  4.252207E+00  4.376922E+00  4.630708E+00  5.145801E+00  6.210866E+00  8.388209E+00  1.264574E+01
  2.036303E+01  3.228310E+01  4.716335E+01  6.257406E+01  7.631036E+01  8.633780E+01  9.257392E+01  9.613821E+01  5.252521E+00  5.236858E+00
  5.347978E+00  5.461009E+00  5.669872E+00  6.099738E+00  6.962489E+00  8.692915E+00  1.206616E+01  1.813118E+01  2.769174E+01  4.008645E+01
  5.366314E+01  6.720435E+01  7.924363E+01  8.802993E+01  9.349161E+01  9.661664E+01  7.490520E+00  7.464514E+00  7.692053E+00  7.915853E+00
  8.341215E+00  9.184762E+00  1.084602E+01  1.398928E+01  1.953518E+01  2.802439E+01  3.866243E+01  4.982886E+01  6.124829E+01  7.256081E+01
  8.264316E+01  8.999185E+01  9.455467E+01  9.717091E+01  1.371645E+01  1.366548E+01  1.424627E+01  1.479436E+01  1.584290E+01  1.783778E+01
  2.147307E+01  2.745513E+01  3.573951E+01  4.475340E+01  5.299650E+01  6.115084E+01  6.990850E+01  7.867215E+01  8.651354E+01  9.222324E+01
  9.576115E+01  9.780227E+01  5.001192E+01  4.987645E+01  5.049001E+01  5.094146E+01  5.162606E+01  5.259102E+01  5.387591E+01  5.565406E+01
  5.811984E+01  6.140178E+01  6.562350E+01  7.091777E+01  7.719113E+01  8.382143E+01  8.977375E+01  9.410135E+01  9.678294E+01  9.833080E+01
  2.693348E+00  2.693680E+00  2.722607E+00  2.746294E+00  2.798236E+00  2.894677E+00  3.106271E+00  3.530407E+00  4.425405E+00  6.240445E+00
  1.008872E+01  1.806332E+01  3.254718E+01  5.144783E+01  6.921003E+01  8.220332E+01  9.035620E+01  9.496712E+01  2.734624E+00  2.734590E+00
  2.764673E+00  2.786863E+00  2.840082E+00  2.942287E+00  3.157483E+00  3.593570E+00  4.510167E+00  6.392169E+00  1.034681E+01  1.850961E+01
  3.310018E+01  5.190648E+01  6.949986E+01  8.237171E+01  9.044567E+01  9.501304E+01  2.865206E+00  2.864631E+00  2.893017E+00  2.919093E+00
  2.976709E+00  3.083597E+00  3.320425E+00  3.790239E+00  4.805658E+00  6.877883E+00  1.120069E+01  1.992713E+01  3.479551E+01  5.326690E+01
  7.037462E+01  8.287436E+01  9.071902E+01  9.515574E+01  3.100204E+00  3.098413E+00  3.132975E+00  3.162686E+00  3.228523E+00  3.358251E+00
  3.629698E+00  4.187239E+00  5.381123E+00  7.829220E+00  1.288322E+01  2.247204E+01  3.765120E+01  5.551305E+01  7.180685E+01  8.370202E+01
  9.116722E+01  9.538971E+01  3.488067E+00  3.488521E+00  3.533337E+00  3.574874E+00  3.657932E+00  3.819680E+00  4.175889E+00  4.902005E+00
  6.435965E+00  9.557007E+00  1.572666E+01  2.643274E+01  4.175084E+01  5.860626E+01  7.376978E+01  8.483704E+01  9.178262E+01  9.571096E+01
  4.132094E+00  4.129371E+00  4.194190E+00  4.252189E+00  4.380329E+00  4.626235E+00  5.137990E+00  6.193547E+00  8.370522E+00  1.261853E+01
  2.032675E+01  3.216837E+01  4.709589E+01  6.248692E+01  7.623683E+01  8.626025E+01  9.255441E+01  9.611391E+01  5.252521E+00  5.252842E+00
  5.359457E+00  5.462202E+00  5.673276E+00  6.093596E+00  6.950779E+00  8.665495E+00  1.204192E+01  1.808168E+01  2.764901E+01  3.995295E+01
  5.360105E+01  6.712791E+01  7.917897E+01  8.795910E+01  9.347578E+01  9.659521E+01  7.490520E+00  7.489146E+00  7.705639E+00  7.915715E+00
  8.349785E+00  9.178500E+00  1.083125E+01  1.396497E+01  1.949434E+01  2.795304E+01  3.863682E+01  4.972342E+01  6.120224E+01  7.250720E+01
  8.258769E+01  8.992846E+01  9.454409E+01  9.715243E+01  1.371645E+01  1.370871E+01  1.425926E+01  1.479889E+01  1.585536E+01  1.782148E+01
  2.146301E+01  2.740725E+01  3.569473E+01  4.471146E+01  5.298772E+01  6.104017E+01  6.986800E+01  7.862852E+01  8.647243E+01  9.217168E+01
  9.575951E+01  9.778753E+01  5.001192E+01  5.000524E+01  5.053061E+01  5.097319E+01  5.165947E+01  5.255777E+01  5.390364E+01  5.565654E+01
  5.807723E+01  6.138908E+01  6.559022E+01  7.083337E+01  7.719281E+01  8.378124E+01  8.973773E+01  9.406999E+01  9.678363E+01  9.832051E+01
  2.693348E+00  2.691942E+00  2.722647E+00  2.745163E+00  2.797557E+00  2.896035E+00  3.099672E+00  3.527701E+00  4.412025E+00  6.225669E+00
  1.003274E+01  1.807360E+01  3.236118E+01  5.130789E+01  6.905192E+01  8.212226E+01  9.030287E+01  9.494154E+01  2.734624E+00  2.732306E+00
  2.762856E+00  2.786662E+00  2.839802E+00  2.943562E+00  3.148226E+00  3.579421E+00  4.496811E+00  6.345401E+00  1.030396E+01  1.850496E+01
  3.292569E+01  5.176772E+01  6.935313E+01  8.229139E+01  9.039317E+01  9.498776E+01  2.865206E+00  2.864052E+00  2.892264E+00  2.919110E+00
  2.976893E+00  3.084780E+00  3.308050E+00  3.780329E+00  4.789674E+00  6.834127E+00  1.114926E+01  1.994108E+01  3.462797E+01  5.312930E+01
  7.023000E+01  8.279591E+01  9.066696E+01  9.513107E+01  3.100204E+00  3.096319E+00  3.132203E+00  3.161221E+00  3.228405E+00  3.359179E+00
  3.619526E+00  4.182609E+00  5.363878E+00  7.806722E+00  1.280714E+01  2.244522E+01  3.749931E+01  5.538023E+01  7.166558E+01  8.362768E+01
  9.111948E+01  9.536653E+01  3.488067E+00  3.485701E+00  3.531811E+00  3.573649E+00  3.659089E+00  3.821928E+00  4.168885E+00  4.895744E+00
  6.418620E+00  9.520683E+00  1.561543E+01  2.638445E+01  4.159818E+01  5.848267E+01  7.363513E+01  8.476736E+01  9.173640E+01  9.568925E+01
  4.132094E+00  4.127757E+00  4.192280E+00  4.251796E+00  4.380017E+00  4.625889E+00  5.142863E+00  6.184384E+00  8.348596E+00  1.259667E+01
  2.023781E+01  3.212354E+01  4.694361E+01  6.237675E+01  7.611246E+01  8.619836E+01  9.251197E+01  9.609456E+01  5.252521E+00  5.249268E+00
  5.357077E+00  5.459589E+00  5.669487E+00  6.096887E+00  6.947133E+00  8.666604E+00  1.202065E+01  1.804931E+01  2.756831E+01  3.997026E+01
  5.347406E+01  6.703487E+01  7.906816E+01  8.790641E+01  9.343935E+01  9.657824E+01  7.490520E+00  7.484855E+00  7.704517E+00  7.914415E+00
  8.349575E+00  9.185283E+00  1.083536E+01  1.395761E+01  1.947027E+01  2.796336E+01  3.855014E+01  4.971180E+01  6.109061E+01  7.243030E+01
  8.249231E+01  8.988783E+01  9.451214E+01  9.713922E+01  1.371645E+01  1.370290E+01  1.425937E+01  1.478961E+01  1.586014E+01  1.783000E+01
  2.143414E+01  2.737125E+01  3.566277E+01  4.470695E+01  5.291199E+01  6.109520E+01  6.976949E+01  7.857525E+01  8.639056E+01  9.214083E+01
  9.573380E+01  9.777772E+01  5.001192E+01  5.001018E+01  5.051088E+01  5.093145E+01  5.167090E+01  5.262578E+01  5.392914E+01  5.557939E+01
  5.806966E+01  6.137789E+01  6.554958E+01  7.084550E+01  7.708261E+01  8.375132E+01  8.967309E+01  9.404348E+01  9.676083E+01  9.831371E+01
  2.693348E+00  2.690884E+00  2.719269E+00  2.745069E+00  2.794639E+00  2.893117E+00  3.101868E+00  3.516360E+00  4.421947E+00  6.195889E+00
  1.001371E+01  1.791791E+01  3.226652E+01  5.117392E+01  6.897691E+01  8.204442E+01  9.027012E+01  9.491097E+01  2.734624E+00  2.732110E+00
  2.760705E+00  2.786349E+00  2.836228E+00  2.941739E+00  3.153347E+00  3.571378E+00  4.500479E+00  6.330037E+00  1.025866E+01  1.836072E+01
  3.282210E+01  5.162042E+01  6.926784E+01  8.221404E+01  9.036134E+01  9.495757E+01  2.865206E+00  2.861391E+00  2.889943E+00  2.918668E+00
  2.974025E+00  3.082374E+00  3.311554E+00  3.771947E+00  4.795702E+00  6.805304E+00  1.112007E+01  1.976306E+01  3.452456E+01  5.301131E+01
  7.014799E+01  8.272197E+01  9.063739E+01  9.510160E+01  3.100204E+00  3.095982E+00  3.129660E+00  3.160439E+00  3.225995E+00  3.356605E+00
  3.622396E+00  4.179568E+00  5.387961E+00  7.767108E+00  1.278110E+01  2.230062E+01  3.739045E+01  5.525746E+01  7.158895E+01  8.355669E+01
  9.108903E+01  9.533813E+01  3.488067E+00  3.483598E+00  3.527849E+00  3.573140E+00  3.655237E+00  3.818365E+00  4.168771E+00  4.887883E+00
  6.505752E+00  9.489043E+00  1.563655E+01  2.628485E+01  4.149449E+01  5.836656E+01  7.357028E+01  8.470059E+01  9.171028E+01  9.566271E+01
  4.132094E+00  4.124993E+00  4.189999E+00  4.250113E+00  4.377344E+00  4.622232E+00  5.130656E+00  6.158263E+00  8.379512E+00  1.254320E+01
  2.021364E+01  3.203307E+01  4.687146E+01  6.229287E+01  7.605444E+01  8.613857E+01  9.248991E+01  9.606995E+01  5.252521E+00  5.244801E+00
  5.354091E+00  5.457925E+00  5.666253E+00  6.091039E+00  6.942480E+00  8.648474E+00  1.205457E+01  1.801347E+01  2.757348E+01  3.982899E+01
  5.340035E+01  6.696525E+01  7.902240E+01  8.785427E+01  9.342057E+01  9.655637E+01  7.490520E+00  7.480937E+00  7.702839E+00  7.914665E+00
  8.345899E+00  9.176893E+00  1.082316E+01  1.392641E+01  1.951901E+01  2.787496E+01  3.856000E+01  4.962201E+01  6.104384E+01  7.237448E+01
  8.246194E+01  8.984244E+01  9.449964E+01  9.712015E+01  1.371645E+01  1.369276E+01  1.425871E+01  1.479102E+01  1.584590E+01  1.781280E+01
  2.143011E+01  2.730889E+01  3.573814E+01  4.467804E+01  5.296357E+01  6.102557E+01  6.975294E+01  7.853952E+01  8.637797E+01  9.210771E+01
  9.572765E+01  9.776229E+01  5.001192E+01  4.998483E+01  5.057420E+01  5.093994E+01  5.165358E+01  5.261873E+01  5.387045E+01  5.552465E+01
  5.812020E+01  6.137819E+01  6.558865E+01  7.082117E+01  7.710622E+01  8.370567E+01  8.966602E+01  9.401493E+01  9.675789E+01  9.830300E+01
  2.693348E+00  2.692255E+00  2.722728E+00  2.743211E+00  2.795032E+00  2.895930E+00  3.116665E+00  3.516627E+00  4.389835E+00  6.164246E+00
  9.966350E+00  1.783531E+01  3.212428E+01  5.104264E+01  6.886723E+01  8.198970E+01  9.022481E+01  9.489716E+01  2.734624E+00  2.733636E+00
  2.762732E+00  2.783808E+00  2.836790E+00  2.942814E+00  3.164447E+00  3.580629E+00  4.489982E+00  6.301274E+00  1.020563E+01  1.827909E+01
  3.268199E+01  5.150507E+01  6.916541E+01  8.215909E+01  9.031630E+01  9.494360E+01  2.865206E+00  2.862004E+00  2.892677E+00  2.915988E+00
  2.973172E+00  3.083627E+00  3.325517E+00  3.779124E+00  4.774232E+00  6.771414E+00  1.105770E+01  1.968820E+01  3.437690E+01  5.287753E+01
  7.004880E+01  8.266845E+01  9.059268E+01  9.508836E+01  3.100204E+00  3.096319E+00  3.132231E+00  3.157380E+00  3.225581E+00  3.356439E+00
  3.633752E+00  4.169456E+00  5.344293E+00  7.731641E+00  1.271618E+01  2.222319E+01  3.725523E+01  5.514629E+01  7.149480E+01  8.350546E+01
  9.104721E+01  9.532581E+01  3.488067E+00  3.486058E+00  3.531254E+00  3.567764E+00  3.654244E+00  3.818943E+00  4.179293E+00  4.878760E+00
  6.399399E+00  9.448442E+00  1.555131E+01  2.619227E+01  4.136891E+01  5.825999E+01  7.348163E+01  8.465498E+01  9.167068E+01  9.565155E+01
  4.132094E+00  4.126360E+00  4.191993E+00  4.245569E+00  4.374066E+00  4.618830E+00  5.141798E+00  6.159257E+00  8.321395E+00  1.250154E+01
  2.013710E+01  3.195406E+01  4.671706E+01  6.217852E+01  7.597490E+01  8.609653E+01  9.245324E+01  9.606012E+01  5.252521E+00  5.248455E+00
  5.356144E+00  5.446922E+00  5.665145E+00  6.084782E+00  6.963826E+00  8.640856E+00  1.199685E+01  1.797079E+01  2.747164E+01  3.977662E+01
  5.326149E+01  6.685874E+01  7.895332E+01  8.781821E+01  9.338721E+01  9.654838E+01  7.490520E+00  7.483866E+00  7.698510E+00  7.897484E+00
  8.342474E+00  9.170901E+00  1.083878E+01  1.391874E+01  1.943113E+01  2.785009E+01  3.844324E+01  4.957399E+01  6.091912E+01  7.228731E+01
  8.240464E+01  8.981436E+01  9.447073E+01  9.711444E+01  1.371645E+01  1.369783E+01  1.424916E+01  1.475527E+01  1.584254E+01  1.780366E+01
  2.146386E+01  2.736632E+01  3.565480E+01  4.463082E+01  5.282448E+01  6.097892E+01  6.964761E+01  7.846985E+01  8.633543E+01  9.208665E+01
  9.570392E+01  9.775867E+01  5.001192E+01  5.000257E+01  5.048768E+01  5.085890E+01  5.165847E+01  5.260238E+01  5.390192E+01  5.564872E+01
  5.810649E+01  6.138124E+01  6.548119E+01  7.076662E+01  7.701392E+01  8.365154E+01  8.960038E+01  9.399938E+01  9.674085E+01  9.829797E+01
  2.693348E+00  2.687883E+00  2.721331E+00  2.745503E+00  2.871999E+00  2.893292E+00  3.096102E+00  3.519711E+00  4.385675E+00  6.120292E+00
  9.916019E+00  1.780062E+01  3.202804E+01  5.095302E+01  6.878877E+01  8.193079E+01  9.019209E+01  9.487916E+01  2.734624E+00  2.729116E+00
  2.762201E+00  2.786660E+00  2.911774E+00  2.941639E+00  3.144461E+00  3.575063E+00  4.470939E+00  6.274929E+00  1.018305E+01  1.825221E+01
  3.258133E+01  5.141413E+01  6.908643E+01  8.210041E+01  9.028501E+01  9.492625E+01  2.865206E+00  2.860523E+00  2.891512E+00  2.917960E+00
  3.047369E+00  3.082177E+00  3.304039E+00  3.776084E+00  4.762321E+00  6.751122E+00  1.103895E+01  1.966009E+01  3.429875E+01  5.279176E+01
  6.997150E+01  8.261655E+01  9.056110E+01  9.507199E+01  3.100204E+00  3.093183E+00  3.130453E+00  3.160839E+00  3.297282E+00  3.354763E+00
  3.613346E+00  4.174271E+00  5.333156E+00  7.704569E+00  1.268417E+01  2.218757E+01  3.716318E+01  5.506202E+01  7.141983E+01  8.345450E+01
  9.101667E+01  9.530997E+01  3.488067E+00  3.481389E+00  3.530668E+00  3.573058E+00  3.733181E+00  3.816225E+00  4.159283E+00  4.885633E+00
  6.381499E+00  9.498001E+00  1.549259E+01  2.616559E+01  4.127148E+01  5.818002E+01  7.341078E+01  8.460513E+01  9.164302E+01  9.563593E+01
  4.132094E+00  4.122353E+00  4.191084E+00  4.251403E+00  4.469103E+00  4.620088E+00  5.116708E+00  6.166731E+00  8.303685E+00  1.248201E+01
  2.009757E+01  3.194733E+01  4.665700E+01  6.210607E+01  7.591627E+01  8.605078E+01  9.243037E+01  9.604642E+01  5.252521E+00  5.241849E+00
  5.355487E+00  5.458765E+00  5.719046E+00  6.083634E+00  6.926144E+00  8.648996E+00  1.195452E+01  1.793883E+01  2.741765E+01  3.975938E+01
  5.321132E+01  6.679587E+01  7.889905E+01  8.778136E+01  9.336533E+01  9.653636E+01  7.490520E+00  7.475364E+00  7.702368E+00  7.914770E+00
  8.399542E+00  9.174072E+00  1.080148E+01  1.391317E+01  1.940342E+01  2.780577E+01  3.842223E+01  4.958127E+01  6.087258E+01  7.223625E+01
  8.235983E+01  8.978087E+01  9.445462E+01  9.710376E+01  1.371645E+01  1.368074E+01  1.425921E+01  1.478375E+01  1.586830E+01  1.780680E+01
  2.138821E+01  2.735263E+01  3.560843E+01  4.457767E+01  5.282742E+01  6.101757E+01  6.960844E+01  7.843684E+01  8.629128E+01  9.206082E+01
  9.568979E+01  9.774989E+01  5.001192E+01  4.993009E+01  5.051530E+01  5.094823E+01  5.161554E+01  5.262022E+01  5.387643E+01  5.563192E+01
  5.806369E+01  6.124826E+01  6.547597E+01  7.076902E+01  7.698484E+01  8.363544E+01  8.957565E+01  9.396517E+01  9.672660E+01  9.829055E+01
  2.693348E+00  2.692297E+00  2.719170E+00  2.741785E+00  2.790546E+00  2.890867E+00  3.099106E+00  3.514647E+00  4.369838E+00  6.121800E+00
  9.895118E+00  1.775010E+01  3.196515E+01  5.088512E+01  6.871519E+01  8.188031E+01  9.016637E+01  9.486317E+01  2.734624E+00  2.733280E+00
  2.760000E+00  2.783611E+00  2.832458E+00  2.938479E+00  3.145915E+00  3.579380E+00  4.458822E+00  6.268194E+00  1.015608E+01  1.819391E+01
  3.252759E+01  5.135388E+01  6.900884E+01  8.204950E+01  9.025883E+01  9.491062E+01  2.865206E+00  2.863424E+00  2.888948E+00  2.915131E+00
  2.970429E+00  3.078898E+00  3.305900E+00  3.774288E+00  4.750372E+00  6.739383E+00  1.100041E+01  1.958903E+01  3.423045E+01  5.273632E+01
  6.989018E+01  8.256305E+01  9.053606E+01  9.505617E+01  3.100204E+00  3.097195E+00  3.128310E+00  3.157523E+00  3.220137E+00  3.353580E+00
  3.615340E+00  4.166166E+00  5.311447E+00  7.682872E+00  1.265646E+01  2.213715E+01  3.710434E+01  5.500281E+01  7.134779E+01  8.340239E+01
  9.099362E+01  9.529517E+01  3.488067E+00  3.486816E+00  3.527936E+00  3.569418E+00  3.649173E+00  3.814881E+00  4.158591E+00  4.874615E+00
  6.359514E+00  9.389354E+00  1.549574E+01  2.610341E+01  4.122031E+01  5.813162E+01  7.334407E+01  8.455930E+01  9.162113E+01  9.562283E+01
  4.132094E+00  4.129769E+00  4.188683E+00  4.247438E+00  4.368850E+00  4.616196E+00  5.120562E+00  6.154594E+00  8.280640E+00  1.243223E+01
  2.008918E+01  3.186206E+01  4.660596E+01  6.206254E+01  7.584556E+01  8.601138E+01  9.240868E+01  9.603388E+01  5.252521E+00  5.246618E+00
  5.354148E+00  5.454678E+00  5.659215E+00  6.080042E+00  6.925139E+00  8.628630E+00  1.192829E+01  1.788737E+01  2.740095E+01  3.968409E+01
  5.315365E+01  6.676064E+01  7.884084E+01  8.774352E+01  9.334882E+01  9.652498E+01  7.490520E+00  7.487345E+00  7.697503E+00  7.908990E+00
  8.334369E+00  9.164062E+00  1.080540E+01  1.390925E+01  1.936648E+01  2.775707E+01  3.840002E+01  4.947470E+01  6.083228E+01  7.221670E+01
  8.230787E+01  8.975020E+01  9.443914E+01  9.709473E+01  1.371645E+01  1.370405E+01  1.424827E+01  1.478195E+01  1.581806E+01  1.780224E+01
  2.139844E+01  2.732959E+01  3.553249E+01  4.454974E+01  5.281417E+01  6.091699E+01  6.958237E+01  7.841636E+01  8.625184E+01  9.203932E+01
  9.568081E+01  9.774272E+01  5.001192E+01  5.004624E+01  5.049501E+01  5.094566E+01  5.163509E+01  5.258751E+01  5.389051E+01  5.563292E+01
  5.802318E+01  6.130700E+01  6.547180E+01  7.067281E+01  7.695747E+01  8.360082E+01  8.954270E+01  9.395119E+01  9.672108E+01  9.828763E+01
  2.693348E+00  2.693862E+00  2.715928E+00  2.744493E+00  2.794513E+00  2.882271E+00  3.090034E+00  3.501311E+00  4.368543E+00  6.115588E+00
  9.817582E+00  1.767177E+01  3.190858E+01  5.080003E+01  6.863489E+01  8.183585E+01  9.013562E+01  9.484507E+01  2.734624E+00  2.735854E+00
  2.757541E+00  2.784638E+00  2.836092E+00  2.927201E+00  3.138092E+00  3.553892E+00  4.461080E+00  6.248431E+00  1.010045E+01  1.812208E+01
  3.247024E+01  5.126834E+01  6.893037E+01  8.200722E+01  9.022805E+01  9.489257E+01  2.865206E+00  2.864460E+00  2.887730E+00  2.916003E+00
  2.972898E+00  3.068017E+00  3.298579E+00  3.744982E+00  4.749612E+00  6.716018E+00  1.092878E+01  1.951468E+01  3.416378E+01  5.264532E+01
  6.982053E+01  8.252100E+01  9.050683E+01  9.503844E+01  3.100204E+00  3.099531E+00  3.126044E+00  3.159134E+00  3.224257E+00  3.350204E+00
  3.604065E+00  4.148249E+00  5.318320E+00  7.668024E+00  1.257934E+01  2.205166E+01  3.705278E+01  5.492053E+01  7.127616E+01  8.336546E+01
  9.096528E+01  9.527814E+01  3.488067E+00  3.489149E+00  3.525414E+00  3.572006E+00  3.652754E+00  3.812692E+00  4.149581E+00  4.849709E+00
  6.343049E+00  9.369207E+00  1.541639E+01  2.601778E+01  4.117521E+01  5.805629E+01  7.327702E+01  8.452416E+01  9.159473E+01  9.560706E+01
  4.132094E+00  4.130158E+00  4.184709E+00  4.249532E+00  4.372581E+00  4.612024E+00  5.105510E+00  6.115491E+00  8.266528E+00  1.242383E+01
  2.003257E+01  3.178251E+01  4.654504E+01  6.199710E+01  7.578740E+01  8.597832E+01  9.238461E+01  9.601981E+01  5.252521E+00  5.252681E+00
  5.350235E+00  5.455177E+00  5.664386E+00  6.078030E+00  6.914204E+00  8.597465E+00  1.193112E+01  1.787770E+01  2.733122E+01  3.962039E+01
  5.311116E+01  6.670662E+01  7.878810E+01  8.771590E+01  9.332800E+01  9.651308E+01  7.490520E+00  7.492784E+00  7.696016E+00  7.913403E+00
  8.341279E+00  9.156829E+00  1.078792E+01  1.386247E+01  1.936927E+01  2.774415E+01  3.832285E+01  4.943907E+01  6.079895E+01  7.217165E+01
  8.226555E+01  8.973034E+01  9.442207E+01  9.708472E+01  1.371645E+01  1.371599E+01  1.424600E+01  1.478926E+01  1.582703E+01  1.778947E+01
  2.136840E+01  2.728013E+01  3.554466E+01  4.454712E+01  5.276732E+01  6.088630E+01  6.956332E+01  7.838504E+01  8.622462E+01  9.202343E+01
  9.566741E+01  9.773561E+01  5.001192E+01  5.006156E+01  5.053003E+01  5.095082E+01  5.165919E+01  5.252607E+01  5.384701E+01  5.551206E+01
  5.807467E+01  6.128595E+01  6.540363E+01  7.070139E+01  7.696058E+01  8.357677E+01  8.954175E+01  9.394891E+01  9.671118E+01  9.828091E+01
  2.693348E+00  2.694568E+00  2.719922E+00  2.749138E+00  2.791562E+00  2.886725E+00  3.091456E+00  3.502100E+00  4.356117E+00  6.105633E+00
  9.759339E+00  1.762370E+01  3.183190E+01  5.069138E+01  6.855471E+01  8.177640E+01  9.010757E+01  9.483671E+01  2.734624E+00  2.736800E+00
  2.761810E+00  2.788449E+00  2.834730E+00  2.933316E+00  3.140139E+00  3.561128E+00  4.423318E+00  6.242796E+00  1.001784E+01  1.805406E+01
  3.240163E+01  5.115564E+01  6.885109E+01  8.194884E+01  9.019771E+01  9.488625E+01  2.865206E+00  2.865925E+00  2.890421E+00  2.921247E+00
  2.970951E+00  3.073351E+00  3.299212E+00  3.757213E+00  4.707499E+00  6.713440E+00  1.086740E+01  1.945189E+01  3.407383E+01  5.254259E+01
  6.974090E+01  8.246236E+01  9.048025E+01  9.503181E+01  3.100204E+00  3.100522E+00  3.129693E+00  3.164601E+00  3.221022E+00  3.347285E+00
  3.606556E+00  4.148978E+00  5.310572E+00  7.658732E+00  1.250783E+01  2.198143E+01  3.696413E+01  5.482608E+01  7.119897E+01  8.331064E+01
  9.093931E+01  9.527237E+01  3.488067E+00  3.489116E+00  3.529009E+00  3.575861E+00  3.651165E+00  3.806446E+00  4.151573E+00  4.854051E+00
  6.345456E+00  9.357729E+00  1.534209E+01  2.595870E+01  4.110638E+01  5.796447E+01  7.320665E+01  8.447305E+01  9.156985E+01  9.560135E+01
  4.132094E+00  4.131970E+00  4.188577E+00  4.254549E+00  4.369522E+00  4.609002E+00  5.110231E+00  6.131664E+00  8.273990E+00  1.240227E+01
  1.991865E+01  3.171538E+01  4.648678E+01  6.191026E+01  7.572485E+01  8.593198E+01  9.236333E+01  9.601441E+01  5.252521E+00  5.251159E+00
  5.354305E+00  5.462213E+00  5.657351E+00  6.073307E+00  6.918958E+00  8.592025E+00  1.190127E+01  1.783935E+01  2.726168E+01  3.953165E+01
  5.308029E+01  6.662077E+01  7.873262E+01  8.767560E+01  9.330890E+01  9.651026E+01  7.490520E+00  7.493163E+00  7.698584E+00  7.916950E+00
  8.335351E+00  9.158685E+00  1.078819E+01  1.387156E+01  1.936047E+01  2.772468E+01  3.823633E+01  4.937777E+01  6.076510E+01  7.209858E+01
  8.221992E+01  8.969582E+01  9.440669E+01  9.708141E+01  1.371645E+01  1.371179E+01  1.424951E+01  1.479289E+01  1.582079E+01  1.778263E+01
  2.137420E+01  2.727174E+01  3.554978E+01  4.449589E+01  5.270026E+01  6.080718E+01  6.954135E+01  7.832815E+01  8.618999E+01  9.199784E+01
  9.565305E+01  9.773540E+01  5.001192E+01  5.005640E+01  5.049984E+01  5.097444E+01  5.162507E+01  5.257925E+01  5.386155E+01  5.559305E+01
  5.796962E+01  6.126460E+01  6.536407E+01  7.065637E+01  7.690321E+01  8.353711E+01  8.951337E+01  9.392496E+01  9.669368E+01  9.827444E+01
  4.990757E+00  5.021571E+00  5.131054E+00  5.264471E+00  5.691363E+00  6.280656E+00  7.894227E+00  1.031134E+01  1.453125E+01  2.132547E+01
  3.159446E+01  4.539451E+01  6.087712E+01  7.495692E+01  8.545325E+01  9.210706E+01  9.587164E+01  9.788273E+01  4.990757E+00  5.008867E+00
  5.102226E+00  5.366921E+00  5.520737E+00  5.933271E+00  7.119633E+00  9.109241E+00  1.242918E+01  1.788939E+01  2.665461E+01  3.890846E+01
  5.398350E+01  6.906125E+01  8.132136E+01  8.956676E+01  9.447241E+01  9.714490E+01  4.990757E+00  5.049050E+00  5.112201E+00  5.259891E+00
  5.428101E+00  5.916721E+00  6.825089E+00  8.595196E+00  1.165039E+01  1.692350E+01  2.496317E+01  3.660178E+01  5.131994E+01  6.660746E+01
  7.946619E+01  8.844810E+01  9.382548E+01  9.679427E+01  4.990757E+00  5.021625E+00  5.094012E+00  5.199413E+00  5.456346E+00  5.844357E+00
  6.752139E+00  8.416778E+00  1.131452E+01  1.616966E+01  2.414686E+01  3.529048E+01  4.979295E+01  6.525126E+01  7.846342E+01  8.777326E+01
  9.343392E+01  9.659827E+01  4.990757E+00  5.002838E+00  5.123075E+00  5.199558E+00  5.363507E+00  5.807668E+00  6.677381E+00  8.280499E+00
  1.118553E+01  1.585738E+01  2.358669E+01  3.452766E+01  4.887695E+01  6.429305E+01  7.773689E+01  8.729357E+01  9.316252E+01  9.644454E+01
  4.990757E+00  5.031963E+00  5.106349E+00  5.160306E+00  5.360334E+00  5.811380E+00  6.620802E+00  8.308160E+00  1.096923E+01  1.561729E+01
  2.311575E+01  3.409385E+01  4.823176E+01  6.372704E+01  7.726081E+01  8.699408E+01  9.298579E+01  9.634622E+01  4.990757E+00  4.933888E+00
  5.039593E+00  5.360613E+00  5.382875E+00  5.766126E+00  6.569882E+00  8.198123E+00  1.090153E+01  1.554446E+01  2.263455E+01  3.374389E+01
  4.784672E+01  6.332415E+01  7.697276E+01  8.678912E+01  9.285506E+01  9.628184E+01  4.990757E+00  4.804452E+00  5.146794E+00  5.139421E+00
  5.311540E+00  5.739580E+00  6.497394E+00  8.089948E+00  1.075667E+01  1.548406E+01  2.263571E+01  3.341306E+01  4.747522E+01  6.297192E+01
  7.666121E+01  8.659016E+01  9.275224E+01  9.622431E+01  4.990757E+00  5.011332E+00  5.051507E+00  5.129756E+00  5.367032E+00  5.762376E+00
  6.537445E+00  8.004574E+00  1.080662E+01  1.531645E+01  2.246670E+01  3.316407E+01  4.721902E+01  6.266314E+01  7.643994E+01  8.642120E+01
  9.266480E+01  9.617365E+01  4.990757E+00  4.986160E+00  5.085927E+00  5.200718E+00  5.364286E+00  5.776042E+00  6.561639E+00  8.070537E+00
  1.075600E+01  1.529552E+01  2.232436E+01  3.299475E+01  4.688303E+01  6.241227E+01  7.624640E+01  8.630733E+01  9.259703E+01  9.613650E+01
  4.990757E+00  5.019455E+00  5.064649E+00  5.135036E+00  5.315217E+00  5.851659E+00  6.545942E+00  8.028838E+00  1.067599E+01  1.516687E+01
  2.223470E+01  3.280849E+01  4.659902E+01  6.221821E+01  7.607974E+01  8.617983E+01  9.253642E+01  9.609766E+01  4.990757E+00  4.773153E+00
  5.095576E+00  5.148259E+00  5.299695E+00  5.697939E+00  6.507473E+00  8.005044E+00  1.065814E+01  1.508776E+01  2.211589E+01  3.265724E+01
  4.657225E+01  6.199302E+01  7.595719E+01  8.613428E+01  9.245947E+01  9.607816E+01  4.990757E+00  5.042691E+00  5.069309E+00  5.168397E+00
  5.353045E+00  5.661484E+00  6.531690E+00  7.989849E+00  1.063629E+01  1.505064E+01  2.206467E+01  3.253645E+01  4.652696E+01  6.191316E+01
  7.588031E+01  8.605939E+01  9.244487E+01  9.605662E+01  4.990757E+00  4.994616E+00  5.083185E+00  5.148706E+00  5.375710E+00  5.739047E+00
  6.556725E+00  7.932861E+00  1.060360E+01  1.502147E+01  2.198433E+01  3.247830E+01  4.632745E+01  6.183234E+01  7.574117E+01  8.599280E+01
  9.239625E+01  9.603780E+01  4.990757E+00  5.000235E+00  5.141276E+00  5.148942E+00  5.354824E+00  5.715460E+00  6.512645E+00  7.861596E+00
  1.064912E+01  1.502444E+01  2.199677E+01  3.240548E+01  4.630236E+01  6.170299E+01  7.570041E+01  8.593171E+01  9.237939E+01  9.601270E+01
  4.990757E+00  5.013580E+00  5.051872E+00  5.002968E+00  5.344508E+00  5.721239E+00  6.564474E+00  7.968189E+00  1.063131E+01  1.499330E+01
  2.187907E+01  3.231540E+01  4.616289E+01  6.160426E+01  7.559280E+01  8.589215E+01  9.234103E+01  9.600026E+01  4.990757E+00  4.912755E+00
  5.080901E+00  5.146911E+00  5.238163E+00  5.707929E+00  6.476553E+00  7.971226E+00  1.058972E+01  1.485790E+01  2.185741E+01  3.230319E+01
  4.607814E+01  6.154939E+01  7.552918E+01  8.583319E+01  9.231160E+01  9.598590E+01  4.990757E+00  4.887496E+00  5.073063E+00  5.135693E+00
  5.307368E+00  5.684466E+00  6.515771E+00  7.982263E+00  1.054905E+01  1.487892E+01  2.183539E+01  3.217564E+01  4.602421E+01  6.148179E+01
  7.546839E+01  8.579201E+01  9.229629E+01  9.597639E+01  4.990757E+00  5.003935E+00  5.070850E+00  5.130514E+00  5.359519E+00  5.676755E+00
  6.473846E+00  7.815217E+00  1.058800E+01  1.488553E+01  2.175718E+01  3.218385E+01  4.599176E+01  6.141493E+01  7.542732E+01  8.577256E+01
  9.227177E+01  9.596145E+01  4.990757E+00  5.074937E+00  5.068594E+00  5.178597E+00  5.340686E+00  5.666350E+00  6.482039E+00  7.921485E+00
  1.045448E+01  1.486207E+01  2.166548E+01  3.209591E+01  4.587552E+01  6.132768E+01  7.535894E+01  8.572328E+01  9.224307E+01  9.595209E+01
