  6.340325E-01
          18 10.0000000
 -2.000000E+01 -1.000000E+01 -2.107210E+00 -1.806180E+00 -1.505150E+00 -1.204120E+00 -9.030900E-01 -6.020600E-01 -3.010300E-01  0.000000E+00
  3.010300E-01  6.020600E-01  9.030900E-01  1.204120E+00  1.505150E+00  1.806180E+00  2.107210E+00  2.408240E+00
          10 10.0000000
  0.000000E+00  1.000000E+01  2.000000E+01  3.000000E+01  4.000000E+01  5.000000E+01  6.000000E+01  7.000000E+01  8.000000E+01  8.900000E+01
          20  2.0000000
  1.000000E+00  3.000000E+00  5.000000E+00  7.000000E+00  9.000000E+00  1.100000E+01  1.300000E+01  1.500000E+01  1.700000E+01  1.900000E+01
  2.100000E+01  2.300000E+01  2.500000E+01  2.700000E+01  2.900000E+01  3.100000E+01  3.300000E+01  3.500000E+01  3.700000E+01  3.900000E+01
  2.642986E+00  2.646086E+00  2.693156E+00  2.746593E+00  2.865953E+00  3.094146E+00  3.568075E+00  4.506588E+00  6.478774E+00  1.033159E+01
  1.815714E+01  3.170672E+01  5.022023E+01  6.814242E+01  8.150369E+01  8.994337E+01  9.473945E+01  9.731216E+01  2.680447E+00  2.684662E+00
  2.733481E+00  2.793325E+00  2.912839E+00  3.146910E+00  3.630630E+00  4.597955E+00  6.614538E+00  1.057242E+01  1.852685E+01  3.222300E+01
  5.068128E+01  6.844444E+01  8.168095E+01  9.003766E+01  9.478909E+01  9.733820E+01  2.805407E+00  2.810337E+00  2.865103E+00  2.926893E+00
  3.055738E+00  3.306449E+00  3.836197E+00  4.884323E+00  7.052170E+00  1.133662E+01  1.975803E+01  3.380613E+01  5.204771E+01  6.933548E+01
  8.220128E+01  9.032237E+01  9.493692E+01  9.741373E+01  3.038452E+00  3.041577E+00  3.105398E+00  3.178651E+00  3.333004E+00  3.613939E+00
  4.220407E+00  5.437447E+00  7.920593E+00  1.280780E+01  2.201981E+01  3.652787E+01  5.431766E+01  7.080499E+01  8.305487E+01  9.078558E+01
  9.517986E+01  9.753798E+01  3.420549E+00  3.423590E+00  3.508488E+00  3.594382E+00  3.781487E+00  4.142082E+00  4.897192E+00  6.408697E+00
  9.462778E+00  1.522898E+01  2.562341E+01  4.048253E+01  5.744817E+01  7.282185E+01  8.422155E+01  9.142211E+01  9.551218E+01  9.770789E+01
  4.049761E+00  4.054603E+00  4.171499E+00  4.297317E+00  4.543921E+00  5.042556E+00  6.076018E+00  8.112899E+00  1.211382E+01  1.933602E+01
  3.096506E+01  4.572665E+01  6.137982E+01  7.534010E+01  8.568445E+01  9.221877E+01  9.592813E+01  9.792095E+01  5.140815E+00  5.149684E+00
  5.328160E+00  5.529747E+00  5.921794E+00  6.699857E+00  8.281498E+00  1.132030E+01  1.691193E+01  2.601100E+01  3.847418E+01  5.225605E+01
  6.606953E+01  7.833536E+01  8.742218E+01  9.316439E+01  9.642344E+01  9.817418E+01  7.344936E+00  7.357410E+00  7.711919E+00  8.069755E+00
  8.777453E+00  1.020146E+01  1.295782E+01  1.792040E+01  2.593591E+01  3.661773E+01  4.831045E+01  5.989854E+01  7.149181E+01  8.179114E+01
  8.943169E+01  9.425608E+01  9.699438E+01  9.846714E+01  1.347579E+01  1.349113E+01  1.439395E+01  1.526708E+01  1.696580E+01  2.015810E+01
  2.563499E+01  3.356248E+01  4.276336E+01  5.141902E+01  5.990155E+01  6.867911E+01  7.772051E+01  8.577354E+01  9.173885E+01  9.551440E+01
  9.765166E+01  9.880325E+01  4.982016E+01  4.993261E+01  5.067957E+01  5.144971E+01  5.235764E+01  5.360614E+01  5.529234E+01  5.776529E+01
  6.091077E+01  6.514983E+01  7.052544E+01  7.657049E+01  8.329083E+01  8.932944E+01  9.379320E+01  9.664566E+01  9.824217E+01  9.910426E+01
  2.642986E+00  2.624442E+00  2.679116E+00  2.720402E+00  2.804942E+00  2.962370E+00  3.305498E+00  3.959331E+00  5.383637E+00  8.298772E+00
  1.401876E+01  2.485576E+01  4.168602E+01  6.058694E+01  7.618511E+01  8.672370E+01  9.295163E+01  9.636276E+01  2.680447E+00  2.661748E+00
  2.720309E+00  2.764181E+00  2.852323E+00  3.007931E+00  3.357892E+00  4.031575E+00  5.489811E+00  8.484601E+00  1.434056E+01  2.534307E+01
  4.219047E+01  6.096548E+01  7.641081E+01  8.685078E+01  9.301879E+01  9.639771E+01  2.805407E+00  2.784878E+00  2.851180E+00  2.896141E+00
  2.990322E+00  3.157756E+00  3.537824E+00  4.278521E+00  5.892019E+00  9.123612E+00  1.539246E+01  2.683381E+01  4.375102E+01  6.207925E+01
  7.708604E+01  8.722798E+01  9.321903E+01  9.650127E+01  3.038452E+00  3.017625E+00  3.087162E+00  3.138704E+00  3.250597E+00  3.451809E+00
  3.886799E+00  4.749835E+00  6.589416E+00  1.029720E+01  1.729142E+01  2.946645E+01  4.633924E+01  6.391768E+01  7.819559E+01  8.784521E+01
  9.354749E+01  9.667017E+01  3.420549E+00  3.391927E+00  3.485403E+00  3.550959E+00  3.683350E+00  3.941806E+00  4.482247E+00  5.572633E+00
  7.915923E+00  1.236205E+01  2.046951E+01  3.346222E+01  4.996112E+01  6.643196E+01  7.971432E+01  8.869522E+01  9.399727E+01  9.690299E+01
  4.049761E+00  4.024473E+00  4.136532E+00  4.235799E+00  4.419477E+00  4.776158E+00  5.527119E+00  7.024885E+00  1.003284E+01  1.582754E+01
  2.536122E+01  3.898926E+01  5.460046E+01  6.957378E+01  8.161396E+01  8.975365E+01  9.455910E+01  9.719246E+01  5.140815E+00  5.114037E+00
  5.280014E+00  5.430973E+00  5.728047E+00  6.287466E+00  7.451443E+00  9.694556E+00  1.412100E+01  2.174803E+01  3.280098E+01  4.618754E+01
  6.014925E+01  7.330315E+01  8.386803E+01  9.101095E+01  9.522641E+01  9.753728E+01  7.344936E+00  7.304225E+00  7.607364E+00  7.891562E+00
  8.421676E+00  9.451314E+00  1.153102E+01  1.535485E+01  2.199574E+01  3.175763E+01  4.324846E+01  5.489620E+01  6.658865E+01  7.761666E+01
  8.647183E+01  9.246266E+01  9.599742E+01  9.793474E+01  1.347579E+01  1.338565E+01  1.410409E+01  1.476687E+01  1.603979E+01  1.841636E+01
  2.271433E+01  2.954534E+01  3.853515E+01  4.777648E+01  5.631259E+01  6.492094E+01  7.394273E+01  8.253046E+01  8.944196E+01  9.412076E+01
  9.687736E+01  9.838876E+01  4.982016E+01  4.938479E+01  5.045202E+01  5.107003E+01  5.189713E+01  5.302176E+01  5.451421E+01  5.648295E+01
  5.928948E+01  6.313982E+01  6.788845E+01  7.378637E+01  8.040340E+01  8.683220E+01  9.205006E+01  9.556919E+01  9.764871E+01  9.878712E+01
  2.642986E+00  2.647354E+00  2.682835E+00  2.711798E+00  2.768270E+00  2.913384E+00  3.193017E+00  3.776991E+00  4.956771E+00  7.430273E+00
  1.250933E+01  2.224333E+01  3.832249E+01  5.743275E+01  7.384308E+01  8.524555E+01  9.210336E+01  9.591382E+01  2.680447E+00  2.683497E+00
  2.721195E+00  2.754520E+00  2.815296E+00  2.959612E+00  3.248141E+00  3.848524E+00  5.060510E+00  7.599404E+00  1.283913E+01  2.270244E+01
  3.884352E+01  5.783543E+01  7.409080E+01  8.538607E+01  9.217819E+01  9.595180E+01  2.805407E+00  2.813217E+00  2.853867E+00  2.887634E+00
  2.950379E+00  3.105007E+00  3.420821E+00  4.071767E+00  5.401027E+00  8.178951E+00  1.376346E+01  2.417743E+01  4.045177E+01  5.903979E+01
  7.483361E+01  8.580515E+01  9.240225E+01  9.606757E+01  3.038452E+00  3.041805E+00  3.088800E+00  3.131007E+00  3.204314E+00  3.387457E+00
  3.755031E+00  4.518335E+00  6.069994E+00  9.276814E+00  1.556204E+01  2.679795E+01  4.315499E+01  6.102052E+01  7.605286E+01  8.649178E+01
  9.276979E+01  9.625812E+01  3.420549E+00  3.428304E+00  3.486662E+00  3.534657E+00  3.632128E+00  3.868198E+00  4.332658E+00  5.296023E+00
  7.247780E+00  1.119586E+01  1.869401E+01  3.077509E+01  4.696607E+01  6.373477E+01  7.772141E+01  8.743532E+01  9.327330E+01  9.651917E+01
  4.049761E+00  4.056973E+00  4.131866E+00  4.215127E+00  4.357812E+00  4.689429E+00  5.341974E+00  6.685994E+00  9.335199E+00  1.448977E+01
  2.349869E+01  3.641911E+01  5.185004E+01  6.714066E+01  7.981182E+01  8.861396E+01  9.390349E+01  9.684508E+01  5.140815E+00  5.152215E+00
  5.277649E+00  5.405839E+00  5.649756E+00  6.169735E+00  7.213754E+00  9.272116E+00  1.321162E+01  2.022699E+01  3.086823E+01  4.385500E+01
  5.775825E+01  7.118969E+01  8.229540E+01  9.001676E+01  9.465337E+01  9.723288E+01  7.344936E+00  7.355978E+00  7.603470E+00  7.847089E+00
  8.317246E+00  9.284454E+00  1.119547E+01  1.475327E+01  2.091932E+01  3.024237E+01  4.155154E+01  5.295319E+01  6.461922E+01  7.586824E+01
  8.516807E+01  9.163645E+01  9.551900E+01  9.768143E+01  1.347579E+01  1.349026E+01  1.408589E+01  1.468907E+01  1.584098E+01  1.808379E+01
  2.208849E+01  2.862404E+01  3.731946E+01  4.657497E+01  5.513162E+01  6.345182E+01  7.243444E+01  8.120902E+01  8.844460E+01  9.348518E+01
  9.650752E+01  9.819292E+01  4.982016E+01  4.993763E+01  5.045573E+01  5.097800E+01  5.161165E+01  5.270990E+01  5.427323E+01  5.620202E+01
  5.883116E+01  6.247150E+01  6.690131E+01  7.277048E+01  7.925603E+01  8.586494E+01  9.126822E+01  9.507498E+01  9.737119E+01  9.863460E+01
  2.642986E+00  2.641534E+00  2.673237E+00  2.711481E+00  2.760656E+00  2.888820E+00  3.145157E+00  3.685374E+00  4.760300E+00  6.974230E+00
  1.172627E+01  2.097461E+01  3.653327E+01  5.562965E+01  7.250559E+01  8.439693E+01  9.162234E+01  9.565026E+01  2.680447E+00  2.680316E+00
  2.710972E+00  2.755182E+00  2.808166E+00  2.937015E+00  3.202275E+00  3.762881E+00  4.865154E+00  7.136453E+00  1.204170E+01  2.143744E+01
  3.706774E+01  5.604985E+01  7.276504E+01  8.454346E+01  9.169991E+01  9.568990E+01  2.805407E+00  2.804442E+00  2.843085E+00  2.884254E+00
  2.943581E+00  3.082024E+00  3.369457E+00  3.975762E+00  5.187328E+00  7.683253E+00  1.297083E+01  2.288826E+01  3.869532E+01  5.730253E+01
  7.354446E+01  8.498713E+01  9.193839E+01  9.581346E+01  3.038452E+00  3.035990E+00  3.080444E+00  3.128584E+00  3.197890E+00  3.358379E+00
  3.693279E+00  4.406629E+00  5.820593E+00  8.744768E+00  1.476913E+01  2.548522E+01  4.145506E+01  5.936246E+01  7.482472E+01  8.571461E+01
  9.232860E+01  9.601650E+01  3.420549E+00  3.418653E+00  3.474453E+00  3.533574E+00  3.624531E+00  3.833410E+00  4.261367E+00  5.160856E+00
  6.968197E+00  1.062030E+01  1.771293E+01  2.946841E+01  4.535395E+01  6.219057E+01  7.658173E+01  8.671300E+01  9.286436E+01  9.629413E+01
  4.049761E+00  4.049007E+00  4.120915E+00  4.211263E+00  4.341303E+00  4.644029E+00  5.252113E+00  6.519807E+00  8.991573E+00  1.379336E+01
  2.247154E+01  3.514100E+01  5.037056E+01  6.573820E+01  7.877996E+01  8.796047E+01  9.353413E+01  9.664163E+01  5.140815E+00  5.136668E+00
  5.259947E+00  5.392553E+00  5.634355E+00  6.114956E+00  7.101913E+00  9.075785E+00  1.279141E+01  1.945206E+01  2.993157E+01  4.268929E+01
  5.646039E+01  6.996124E+01  8.139728E+01  8.944820E+01  9.433194E+01  9.705527E+01  7.344936E+00  7.334167E+00  7.584222E+00  7.841661E+00
  8.279814E+00  9.196252E+00  1.102937E+01  1.448113E+01  2.041703E+01  2.941613E+01  4.058890E+01  5.199742E+01  6.353566E+01  7.485054E+01
  8.442753E+01  9.116448E+01  9.525446E+01  9.753375E+01  1.347579E+01  1.347219E+01  1.406384E+01  1.466013E+01  1.576954E+01  1.793367E+01
  2.180537E+01  2.820612E+01  3.675572E+01  4.590019E+01  5.434714E+01  6.274628E+01  7.161226E+01  8.042689E+01  8.787643E+01  9.312477E+01
  9.630607E+01  9.807928E+01  4.982016E+01  4.973666E+01  5.042811E+01  5.095590E+01  5.159869E+01  5.256114E+01  5.415892E+01  5.601897E+01
  5.856791E+01  6.202790E+01  6.646422E+01  7.218093E+01  7.860043E+01  8.524662E+01  9.082881E+01  9.481060E+01  9.721286E+01  9.854751E+01
  2.642986E+00  2.644614E+00  2.665358E+00  2.699755E+00  2.760097E+00  2.873304E+00  3.112891E+00  3.626162E+00  4.667287E+00  6.741208E+00
  1.129834E+01  2.012441E+01  3.536196E+01  5.446920E+01  7.155546E+01  8.378963E+01  9.126756E+01  9.546376E+01  2.680447E+00  2.681788E+00
  2.705052E+00  2.741862E+00  2.809496E+00  2.920121E+00  3.169151E+00  3.693925E+00  4.764632E+00  6.891972E+00  1.157305E+01  2.058792E+01
  3.591139E+01  5.489957E+01  7.182481E+01  8.394104E+01  9.134774E+01  9.550437E+01  2.805407E+00  2.808161E+00  2.837654E+00  2.873423E+00
  2.943295E+00  3.064682E+00  3.339838E+00  3.910777E+00  5.095161E+00  7.431612E+00  1.250581E+01  2.202756E+01  3.756309E+01  5.618246E+01
  7.263031E+01  8.440084E+01  9.159592E+01  9.563336E+01  3.038452E+00  3.040740E+00  3.072865E+00  3.113987E+00  3.194064E+00  3.340171E+00
  3.649375E+00  4.327263E+00  5.713997E+00  8.474690E+00  1.425765E+01  2.460666E+01  4.035404E+01  5.829381E+01  7.395308E+01  8.515707E+01
  9.200226E+01  9.584476E+01  3.420549E+00  3.421701E+00  3.465137E+00  3.519284E+00  3.619334E+00  3.811574E+00  4.212693E+00  5.077045E+00
  6.820936E+00  1.029316E+01  1.719501E+01  2.859704E+01  4.431240E+01  6.119718E+01  7.577089E+01  8.619328E+01  9.255921E+01  9.613432E+01
  4.049761E+00  4.051910E+00  4.111837E+00  4.194395E+00  4.335275E+00  4.615140E+00  5.187162E+00  6.405559E+00  8.821096E+00  1.345244E+01
  2.190516E+01  3.428497E+01  4.942019E+01  6.484567E+01  7.804541E+01  8.749026E+01  9.325749E+01  9.649702E+01  5.140815E+00  5.144546E+00
  5.250227E+00  5.377099E+00  5.623227E+00  6.077203E+00  7.024477E+00  8.932536E+00  1.259412E+01  1.902039E+01  2.926035E+01  4.189564E+01
  5.563908E+01  6.918687E+01  8.075456E+01  8.903782E+01  9.409007E+01  9.692960E+01  7.344936E+00  7.352629E+00  7.568370E+00  7.820457E+00
  8.270567E+00  9.147122E+00  1.093170E+01  1.430103E+01  2.016153E+01  2.895579E+01  4.010195E+01  5.134231E+01  6.286782E+01  7.421284E+01
  8.389360E+01  9.082630E+01  9.505096E+01  9.742961E+01  1.347579E+01  1.347579E+01  1.403226E+01  1.462490E+01  1.571810E+01  1.782861E+01
  2.161843E+01  2.793518E+01  3.642123E+01  4.555489E+01  5.404299E+01  6.228409E+01  7.111578E+01  7.995015E+01  8.746604E+01  9.286407E+01
  9.614802E+01  9.799945E+01  4.982016E+01  4.984512E+01  5.036899E+01  5.091190E+01  5.160543E+01  5.252150E+01  5.404045E+01  5.596658E+01
  5.850089E+01  6.190799E+01  6.636321E+01  7.180953E+01  7.816527E+01  8.482236E+01  9.048447E+01  9.460048E+01  9.708882E+01  9.848798E+01
  2.642986E+00  2.645001E+00  2.674225E+00  2.711835E+00  2.765336E+00  2.864486E+00  3.106493E+00  3.582130E+00  4.580814E+00  6.576757E+00
  1.092715E+01  1.962397E+01  3.462039E+01  5.369536E+01  7.097394E+01  8.338569E+01  9.104285E+01  9.534659E+01  2.680447E+00  2.683411E+00
  2.712043E+00  2.753052E+00  2.811392E+00  2.906429E+00  3.158942E+00  3.646930E+00  4.677621E+00  6.727575E+00  1.119771E+01  2.004799E+01
  3.516725E+01  5.413231E+01  7.124754E+01  8.354221E+01  9.112688E+01  9.538810E+01  2.805407E+00  2.810824E+00  2.843824E+00  2.884359E+00
  2.946825E+00  3.052946E+00  3.321469E+00  3.856724E+00  4.990855E+00  7.244515E+00  1.210333E+01  2.150603E+01  3.682561E+01  5.543706E+01
  7.206864E+01  8.401259E+01  9.137876E+01  9.552052E+01  3.038452E+00  3.042974E+00  3.079622E+00  3.126421E+00  3.199044E+00  3.324420E+00
  3.639544E+00  4.270485E+00  5.594977E+00  8.261301E+00  1.382279E+01  2.404430E+01  3.963591E+01  5.758318E+01  7.341856E+01  8.478664E+01
  9.179660E+01  9.573765E+01  3.420549E+00  3.424027E+00  3.470548E+00  3.530917E+00  3.617653E+00  3.794328E+00  4.191097E+00  5.002580E+00
  6.698282E+00  1.003890E+01  1.673846E+01  2.803615E+01  4.363095E+01  6.053504E+01  7.527188E+01  8.584581E+01  9.236694E+01  9.603428E+01
  4.049761E+00  4.056271E+00  4.119472E+00  4.201588E+00  4.344032E+00  4.596268E+00  5.166207E+00  6.316411E+00  8.674263E+00  1.318688E+01
  2.143750E+01  3.374250E+01  4.879874E+01  6.424135E+01  7.759435E+01  8.717328E+01  9.308282E+01  9.640654E+01  5.140815E+00  5.150921E+00
  5.254429E+00  5.387778E+00  5.617572E+00  6.055209E+00  6.989051E+00  8.822672E+00  1.240598E+01  1.873181E+01  2.876387E+01  4.139877E+01
  5.508536E+01  6.865865E+01  8.036047E+01  8.875925E+01  9.393678E+01  9.685131E+01  7.344936E+00  7.360162E+00  7.577814E+00  7.823015E+00
  8.265274E+00  9.122693E+00  1.088423E+01  1.415071E+01  1.992386E+01  2.864146E+01  3.965341E+01  5.096950E+01  6.240601E+01  7.377684E+01
  8.356137E+01  9.059064E+01  9.492444E+01  9.736536E+01  1.347579E+01  1.349692E+01  1.405033E+01  1.460628E+01  1.569170E+01  1.778246E+01
  2.154081E+01  2.771492E+01  3.620081E+01  4.525338E+01  5.371055E+01  6.201829E+01  7.075138E+01  7.961252E+01  8.721400E+01  9.267964E+01
  9.604816E+01  9.795033E+01  4.982016E+01  4.995294E+01  5.038955E+01  5.095784E+01  5.150076E+01  5.252903E+01  5.409772E+01  5.588356E+01
  5.838398E+01  6.169419E+01  6.611246E+01  7.157539E+01  7.791644E+01  8.456825E+01  9.030791E+01  9.445521E+01  9.700826E+01  9.844701E+01
  2.642986E+00  2.646646E+00  2.671811E+00  2.697804E+00  2.754276E+00  2.858082E+00  3.087714E+00  3.559362E+00  4.544393E+00  6.510492E+00
  1.065247E+01  1.923425E+01  3.407302E+01  5.318813E+01  7.058183E+01  8.312298E+01  9.089730E+01  9.526061E+01  2.680447E+00  2.685258E+00
  2.709191E+00  2.740742E+00  2.802092E+00  2.899724E+00  3.144382E+00  3.616334E+00  4.635016E+00  6.676174E+00  1.093759E+01  1.970506E+01
  3.464288E+01  5.362463E+01  7.085635E+01  8.328075E+01  9.098195E+01  9.530328E+01  2.805407E+00  2.810708E+00  2.841239E+00  2.870432E+00
  2.935842E+00  3.046031E+00  3.306379E+00  3.824563E+00  4.938622E+00  7.155041E+00  1.182440E+01  2.111967E+01  3.632460E+01  5.494534E+01
  7.169269E+01  8.375879E+01  9.123950E+01  9.543805E+01  3.038452E+00  3.043291E+00  3.076019E+00  3.111718E+00  3.187117E+00  3.320074E+00
  3.621294E+00  4.234004E+00  5.533388E+00  8.193420E+00  1.354671E+01  2.368911E+01  3.918485E+01  5.711437E+01  7.306041E+01  8.454434E+01
  9.166393E+01  9.565863E+01  3.420549E+00  3.425343E+00  3.469380E+00  3.515598E+00  3.607825E+00  3.786737E+00  4.171982E+00  4.972550E+00
  6.623389E+00  1.000527E+01  1.643479E+01  2.766606E+01  4.314017E+01  6.009594E+01  7.494074E+01  8.562160E+01  9.224474E+01  9.596091E+01
  4.049761E+00  4.057180E+00  4.113272E+00  4.187122E+00  4.321137E+00  4.586626E+00  5.139690E+00  6.264525E+00  8.587945E+00  1.304529E+01
  2.110423E+01  3.336760E+01  4.836913E+01  6.384040E+01  7.729270E+01  8.697043E+01  9.297296E+01  9.634061E+01  5.140815E+00  5.148213E+00
  5.247310E+00  5.367615E+00  5.605207E+00  6.038729E+00  6.956766E+00  8.756763E+00  1.230438E+01  1.861036E+01  2.844672E+01  4.105640E+01
  5.474250E+01  6.831091E+01  8.010378E+01  8.858190E+01  9.384267E+01  9.679307E+01  7.344936E+00  7.355687E+00  7.565814E+00  7.802292E+00
  8.243060E+00  9.106621E+00  1.083802E+01  1.409364E+01  1.981182E+01  2.852493E+01  3.933707E+01  5.065833E+01  6.210549E+01  7.349013E+01
  8.335072E+01  9.044492E+01  9.484665E+01  9.731657E+01  1.347579E+01  1.350127E+01  1.402249E+01  1.460040E+01  1.566720E+01  1.775148E+01
  2.147617E+01  2.760295E+01  3.606343E+01  4.514895E+01  5.346596E+01  6.176197E+01  7.052242E+01  7.939419E+01  8.705815E+01  9.256887E+01
  9.599219E+01  9.791404E+01  4.982016E+01  4.989304E+01  5.036127E+01  5.087336E+01  5.156630E+01  5.250568E+01  5.398222E+01  5.575755E+01
  5.834790E+01  6.168244E+01  6.587652E+01  7.142882E+01  7.766192E+01  8.437901E+01  9.020908E+01  9.438213E+01  9.696672E+01  9.842259E+01
  2.642986E+00  2.647335E+00  2.673019E+00  2.694911E+00  2.752357E+00  2.871691E+00  3.074462E+00  3.555957E+00  4.487944E+00  6.434145E+00
  1.052573E+01  1.894683E+01  3.369487E+01  5.271726E+01  7.020395E+01  8.288605E+01  9.074284E+01  9.518392E+01  2.680447E+00  2.685575E+00
  2.711685E+00  2.735746E+00  2.797957E+00  2.912128E+00  3.125797E+00  3.617459E+00  4.583513E+00  6.591175E+00  1.079166E+01  1.940776E+01
  3.423633E+01  5.316243E+01  7.048164E+01  8.304706E+01  9.082915E+01  9.522665E+01  2.805407E+00  2.811854E+00  2.842244E+00  2.867490E+00
  2.933694E+00  3.059396E+00  3.290166E+00  3.825114E+00  4.883287E+00  7.088219E+00  1.168232E+01  2.081689E+01  3.590964E+01  5.449439E+01
  7.132690E+01  8.353246E+01  9.109084E+01  9.536346E+01  3.038452E+00  3.041594E+00  3.077767E+00  3.107589E+00  3.181411E+00  3.339316E+00
  3.599016E+00  4.251369E+00  5.468102E+00  8.090959E+00  1.336308E+01  2.336724E+01  3.875167E+01  5.668466E+01  7.271520E+01  8.432928E+01
  9.152121E+01  9.558771E+01  3.420549E+00  3.427102E+00  3.470605E+00  3.510405E+00  3.603699E+00  3.798875E+00  4.147030E+00  4.969147E+00
  6.544487E+00  9.852159E+00  1.624427E+01  2.734987E+01  4.278990E+01  5.969912E+01  7.461591E+01  8.542062E+01  9.211184E+01  9.589545E+01
  4.049761E+00  4.058220E+00  4.117126E+00  4.181467E+00  4.317958E+00  4.594584E+00  5.104056E+00  6.266332E+00  8.494069E+00  1.291237E+01
  2.089409E+01  3.307484E+01  4.803413E+01  6.347987E+01  7.699883E+01  8.679117E+01  9.285233E+01  9.628073E+01  5.140815E+00  5.148194E+00
  5.253858E+00  5.357256E+00  5.598573E+00  6.046607E+00  6.915347E+00  8.761242E+00  1.218918E+01  1.851051E+01  2.823454E+01  4.078593E+01
  5.442591E+01  6.799599E+01  7.984611E+01  8.842622E+01  9.373579E+01  9.674096E+01  7.344936E+00  7.358618E+00  7.574836E+00  7.787079E+00
  8.226925E+00  9.105718E+00  1.078435E+01  1.407008E+01  1.968759E+01  2.840752E+01  3.915722E+01  5.042070E+01  6.187670E+01  7.323724E+01
  8.313888E+01  9.031838E+01  9.475965E+01  9.727385E+01  1.347579E+01  1.350194E+01  1.402662E+01  1.457824E+01  1.566034E+01  1.774969E+01
  2.137661E+01  2.761963E+01  3.591260E+01  4.508765E+01  5.336900E+01  6.160331E+01  7.037402E+01  7.919784E+01  8.689507E+01  9.247391E+01
  9.592461E+01  9.788072E+01  4.982016E+01  4.989275E+01  5.035660E+01  5.084027E+01  5.152957E+01  5.255051E+01  5.386817E+01  5.583183E+01
  5.825378E+01  6.165590E+01  6.585954E+01  7.131151E+01  7.765210E+01  8.423505E+01  9.007822E+01  9.430270E+01  9.691939E+01  9.839803E+01
  2.642986E+00  2.595313E+00  2.665673E+00  2.700244E+00  2.750613E+00  2.859597E+00  2.992392E+00  3.525558E+00  4.461802E+00  6.375150E+00
  1.036904E+01  1.867250E+01  3.334630E+01  5.234158E+01  6.990329E+01  8.268921E+01  9.063127E+01  9.511801E+01  2.680447E+00  2.634383E+00
  2.702469E+00  2.739056E+00  2.796535E+00  2.896494E+00  3.019408E+00  3.589725E+00  4.543123E+00  6.516426E+00  1.061756E+01  1.911786E+01
  3.389534E+01  5.279279E+01  7.018707E+01  8.285127E+01  9.071835E+01  9.516199E+01  2.805407E+00  2.758829E+00  2.835197E+00  2.872072E+00
  2.931764E+00  3.043595E+00  3.265133E+00  3.789798E+00  4.845962E+00  7.015394E+00  1.149678E+01  2.053017E+01  3.557841E+01  5.413480E+01
  7.103809E+01  8.334253E+01  9.098244E+01  9.529978E+01  3.038452E+00  2.984706E+00  3.068414E+00  3.111656E+00  3.178895E+00  3.321999E+00
  3.561105E+00  4.188322E+00  5.433051E+00  8.009705E+00  1.316897E+01  2.308578E+01  3.842417E+01  5.633927E+01  7.243755E+01  8.414663E+01
  9.141821E+01  9.552707E+01  3.420549E+00  3.364539E+00  3.460145E+00  3.515623E+00  3.600132E+00  3.783546E+00  4.106875E+00  4.911254E+00
  6.498235E+00  9.738878E+00  1.606455E+01  2.705050E+01  4.247529E+01  5.937656E+01  7.435747E+01  8.525163E+01  9.201547E+01  9.583865E+01
  4.049761E+00  3.984468E+00  4.106281E+00  4.183355E+00  4.313282E+00  4.579067E+00  5.107746E+00  6.216894E+00  8.447458E+00  1.283702E+01
  2.070451E+01  3.277660E+01  4.774430E+01  6.319184E+01  7.676214E+01  8.663588E+01  9.276495E+01  9.622923E+01  5.140815E+00  5.059673E+00
  5.241899E+00  5.364465E+00  5.589977E+00  6.024508E+00  6.963949E+00  8.681435E+00  1.214199E+01  1.833074E+01  2.805460E+01  4.051711E+01
  5.417054E+01  6.774199E+01  7.963430E+01  8.828888E+01  9.365926E+01  9.669581E+01  7.344936E+00  7.226972E+00  7.561205E+00  7.802434E+00
  8.227126E+00  9.074838E+00  1.077909E+01  1.398669E+01  1.959912E+01  2.820865E+01  3.897414E+01  5.018596E+01  6.165459E+01  7.301728E+01
  8.296396E+01  9.020020E+01  9.469424E+01  9.723550E+01  1.347579E+01  1.325563E+01  1.400384E+01  1.459274E+01  1.565099E+01  1.769176E+01
  2.146767E+01  2.747902E+01  3.579314E+01  4.491372E+01  5.323660E+01  6.141082E+01  7.020148E+01  7.902853E+01  8.674841E+01  9.238252E+01
  9.587117E+01  9.785078E+01  4.982016E+01  4.874947E+01  5.032550E+01  5.083187E+01  5.154572E+01  5.242426E+01  5.388409E+01  5.574099E+01
  5.826189E+01  6.150906E+01  6.571286E+01  7.118076E+01  7.751481E+01  8.406315E+01  8.997613E+01  9.423260E+01  9.687450E+01  9.837254E+01
  2.642986E+00  2.641276E+00  2.669468E+00  2.694154E+00  2.757961E+00  2.854239E+00  3.066040E+00  3.519815E+00  4.411646E+00  6.334924E+00
  1.026131E+01  1.851651E+01  3.302336E+01  5.203168E+01  6.965624E+01  8.252181E+01  9.054366E+01  9.507327E+01  2.680447E+00  2.678820E+00
  2.706955E+00  2.734636E+00  2.802954E+00  2.896355E+00  3.111097E+00  3.582178E+00  4.504320E+00  6.467601E+00  1.051505E+01  1.896093E+01
  3.357230E+01  5.248523E+01  6.994341E+01  8.268600E+01  9.063158E+01  9.511781E+01  2.805407E+00  2.805107E+00  2.837017E+00  2.866080E+00
  2.938388E+00  3.043168E+00  3.277769E+00  3.786916E+00  4.794357E+00  6.969915E+00  1.139718E+01  2.037727E+01  3.525650E+01  5.383170E+01
  7.080054E+01  8.318016E+01  9.089870E+01  9.525771E+01  3.038452E+00  3.033528E+00  3.071919E+00  3.106452E+00  3.187114E+00  3.308575E+00
  3.578694E+00  4.179431E+00  5.378180E+00  7.947248E+00  1.306853E+01  2.292120E+01  3.810544E+01  5.605342E+01  7.221243E+01  8.399369E+01
  9.133883E+01  9.548640E+01  3.420549E+00  3.417805E+00  3.465873E+00  3.509990E+00  3.608566E+00  3.775132E+00  4.128697E+00  4.895096E+00
  6.438186E+00  9.694536E+00  1.596326E+01  2.690488E+01  4.216806E+01  5.910904E+01  7.414704E+01  8.510851E+01  9.194209E+01  9.580241E+01
  4.049761E+00  4.045090E+00  4.109931E+00  4.178324E+00  4.317490E+00  4.565122E+00  5.086168E+00  6.192340E+00  8.380639E+00  1.277633E+01
  2.058747E+01  3.261560E+01  4.746422E+01  6.295183E+01  7.657323E+01  8.650581E+01  9.269860E+01  9.619629E+01  5.140815E+00  5.139514E+00
  5.245331E+00  5.359222E+00  5.603528E+00  6.009067E+00  6.899169E+00  8.664260E+00  1.205096E+01  1.827768E+01  2.789255E+01  4.039665E+01
  5.392238E+01  6.752809E+01  7.947192E+01  8.817538E+01  9.360236E+01  9.666679E+01  7.344936E+00  7.341885E+00  7.568515E+00  7.790686E+00
  8.238738E+00  9.061736E+00  1.075271E+01  1.394599E+01  1.950397E+01  2.814645E+01  3.886224E+01  5.009629E+01  6.145175E+01  7.284894E+01
  8.282858E+01  9.010760E+01  9.464793E+01  9.721262E+01  1.347579E+01  1.345781E+01  1.401564E+01  1.457750E+01  1.566651E+01  1.767497E+01
  2.130995E+01  2.741920E+01  3.568526E+01  4.492127E+01  5.314559E+01  6.137088E+01  7.004795E+01  7.889670E+01  8.665270E+01  9.230957E+01
  9.584064E+01  9.783477E+01  4.982016E+01  4.979515E+01  5.036440E+01  5.082281E+01  5.161521E+01  5.250359E+01  5.388632E+01  5.575704E+01
  5.812966E+01  6.153422E+01  6.572827E+01  7.111416E+01  7.739863E+01  8.395295E+01  8.989102E+01  9.417621E+01  9.685630E+01  9.835911E+01
  2.642986E+00  2.647751E+00  2.668659E+00  2.695630E+00  2.740989E+00  2.848734E+00  3.066069E+00  3.523253E+00  4.410859E+00  6.275089E+00
  1.016171E+01  1.832794E+01  3.282446E+01  5.178898E+01  6.947843E+01  8.240685E+01  9.047572E+01  9.503893E+01  2.680447E+00  2.684908E+00
  2.707079E+00  2.737107E+00  2.788801E+00  2.890371E+00  3.121357E+00  3.568407E+00  4.496346E+00  6.428401E+00  1.041891E+01  1.876941E+01
  3.337027E+01  5.224378E+01  6.976940E+01  8.257338E+01  9.056440E+01  9.508364E+01  2.805407E+00  2.811201E+00  2.835685E+00  2.867989E+00
  2.920227E+00  3.038239E+00  3.281246E+00  3.778935E+00  4.784678E+00  6.912426E+00  1.129358E+01  2.018747E+01  3.506451E+01  5.359658E+01
  7.063123E+01  8.307244E+01  9.083411E+01  9.522463E+01  3.038452E+00  3.041063E+00  3.071733E+00  3.107453E+00  3.169926E+00  3.302557E+00
  3.586065E+00  4.187347E+00  5.364978E+00  7.879103E+00  1.295732E+01  2.272393E+01  3.791565E+01  5.582680E+01  7.205152E+01  8.388927E+01
  9.127796E+01  9.545547E+01  3.420549E+00  3.423205E+00  3.461775E+00  3.509846E+00  3.590927E+00  3.769921E+00  4.131526E+00  4.886882E+00
  6.414495E+00  9.622864E+00  1.578968E+01  2.670518E+01  4.199830E+01  5.889637E+01  7.399834E+01  8.501378E+01  9.188455E+01  9.577242E+01
  4.049761E+00  4.055028E+00  4.109358E+00  4.178729E+00  4.299431E+00  4.550898E+00  5.083784E+00  6.181140E+00  8.347387E+00  1.267413E+01
  2.041458E+01  3.244294E+01  4.732023E+01  6.275699E+01  7.644232E+01  8.642173E+01  9.264864E+01  9.617007E+01  5.140815E+00  5.144528E+00
  5.245294E+00  5.357179E+00  5.581161E+00  6.000865E+00  6.890939E+00  8.650302E+00  1.202745E+01  1.817186E+01  2.774124E+01  4.019567E+01
  5.379837E+01  6.736157E+01  7.935974E+01  8.810432E+01  9.355904E+01  9.664455E+01  7.344936E+00  7.357338E+00  7.561273E+00  7.787331E+00
  8.198131E+00  9.049200E+00  1.074138E+01  1.392677E+01  1.946519E+01  2.806548E+01  3.872417E+01  4.994640E+01  6.134792E+01  7.270465E+01
  8.273727E+01  9.004984E+01  9.461424E+01  9.719496E+01  1.347579E+01  1.348939E+01  1.401542E+01  1.457130E+01  1.561636E+01  1.764394E+01
  2.130810E+01  2.741247E+01  3.567206E+01  4.479162E+01  5.304442E+01  6.125303E+01  6.996009E+01  7.879048E+01  8.658804E+01  9.226896E+01
  9.581667E+01  9.782116E+01  4.982016E+01  4.984362E+01  5.037386E+01  5.082824E+01  5.149895E+01  5.239825E+01  5.392488E+01  5.559932E+01
  5.812631E+01  6.143520E+01  6.568703E+01  7.103954E+01  7.729898E+01  8.388589E+01  8.985000E+01  9.414449E+01  9.683499E+01  9.834801E+01
  2.642986E+00  2.643673E+00  2.664738E+00  2.697957E+00  2.744046E+00  2.849720E+00  3.055588E+00  3.496939E+00  4.391731E+00  6.213124E+00
  1.008906E+01  1.817306E+01  3.263845E+01  5.159291E+01  6.931286E+01  8.228825E+01  9.040317E+01  9.499747E+01  2.680447E+00  2.682178E+00
  2.703074E+00  2.737991E+00  2.791065E+00  2.893891E+00  3.109795E+00  3.559973E+00  4.481333E+00  6.349463E+00  1.034519E+01  1.861567E+01
  3.319170E+01  5.204423E+01  6.960169E+01  8.245580E+01  9.049454E+01  9.504311E+01  2.805407E+00  2.809046E+00  2.832011E+00  2.869407E+00
  2.923569E+00  3.038443E+00  3.262510E+00  3.760028E+00  4.770380E+00  6.831038E+00  1.121234E+01  2.002975E+01  3.488333E+01  5.340321E+01
  7.046861E+01  8.295825E+01  9.076602E+01  9.518438E+01  3.038452E+00  3.038713E+00  3.068276E+00  3.109600E+00  3.170974E+00  3.304859E+00
  3.585568E+00  4.151782E+00  5.346913E+00  7.831540E+00  1.287555E+01  2.257124E+01  3.775793E+01  5.564742E+01  7.189630E+01  8.378080E+01
  9.121020E+01  9.541714E+01  3.420549E+00  3.423726E+00  3.461405E+00  3.510387E+00  3.592586E+00  3.772254E+00  4.118748E+00  4.861673E+00
  6.398217E+00  9.603535E+00  1.574650E+01  2.655211E+01  4.183434E+01  5.872559E+01  7.385329E+01  8.490982E+01  9.182377E+01  9.573736E+01
  4.049761E+00  4.053825E+00  4.107095E+00  4.181848E+00  4.301408E+00  4.556262E+00  5.078321E+00  6.146595E+00  8.335247E+00  1.257426E+01
  2.034537E+01  3.229338E+01  4.716175E+01  6.260401E+01  7.631097E+01  8.632709E+01  9.259096E+01  9.613802E+01  5.140815E+00  5.145610E+00
  5.241527E+00  5.360494E+00  5.581181E+00  6.003592E+00  6.879225E+00  8.610940E+00  1.198795E+01  1.810032E+01  2.768329E+01  4.008142E+01
  5.367001E+01  6.722834E+01  7.924358E+01  8.802142E+01  9.350723E+01  9.661599E+01  7.344936E+00  7.347966E+00  7.559877E+00  7.790549E+00
  8.201732E+00  9.047310E+00  1.073159E+01  1.389190E+01  1.944873E+01  2.791537E+01  3.866116E+01  4.984660E+01  6.124035E+01  7.259783E+01
  8.264266E+01  8.998055E+01  9.456983E+01  9.717065E+01  1.347579E+01  1.347384E+01  1.401650E+01  1.457535E+01  1.560570E+01  1.766209E+01
  2.128933E+01  2.732444E+01  3.567418E+01  4.468256E+01  5.299636E+01  6.117176E+01  6.991292E+01  7.871478E+01  8.651553E+01  9.221301E+01
  9.577867E+01  9.780304E+01  4.982016E+01  4.981417E+01  5.032764E+01  5.085790E+01  5.150695E+01  5.249446E+01  5.390808E+01  5.577724E+01
  5.822065E+01  6.132664E+01  6.563847E+01  7.091621E+01  7.728559E+01  8.381398E+01  8.977188E+01  9.410197E+01  9.680001E+01  9.833352E+01
  2.642986E+00  2.613514E+00  2.668925E+00  2.695617E+00  2.738291E+00  2.842970E+00  3.055849E+00  3.480650E+00  4.385615E+00  6.207517E+00
  1.003039E+01  1.805824E+01  3.250900E+01  5.144287E+01  6.921384E+01  8.221682E+01  9.034743E+01  9.496500E+01  2.680447E+00  2.652629E+00
  2.707754E+00  2.736353E+00  2.785031E+00  2.884455E+00  3.109434E+00  3.543196E+00  4.475076E+00  6.360421E+00  1.028346E+01  1.850539E+01
  3.306641E+01  5.189901E+01  6.951286E+01  8.238565E+01  9.043690E+01  9.501077E+01  2.805407E+00  2.775938E+00  2.836908E+00  2.868289E+00
  2.918074E+00  3.028968E+00  3.267821E+00  3.743428E+00  4.767389E+00  6.829213E+00  1.113563E+01  1.990679E+01  3.475687E+01  5.326452E+01
  7.038374E+01  8.288396E+01  9.071011E+01  9.515321E+01  3.038452E+00  3.004961E+00  3.073942E+00  3.106730E+00  3.165396E+00  3.295424E+00
  3.574100E+00  4.134580E+00  5.336623E+00  7.788492E+00  1.279873E+01  2.246212E+01  3.761491E+01  5.550929E+01  7.181365E+01  8.371583E+01
  9.115822E+01  9.538759E+01  3.420549E+00  3.384365E+00  3.463875E+00  3.508655E+00  3.585317E+00  3.760336E+00  4.112654E+00  4.835495E+00
  6.387882E+00  9.523888E+00  1.565664E+01  2.643485E+01  4.172184E+01  5.860249E+01  7.377900E+01  8.485003E+01  9.177350E+01  9.570831E+01
  4.049761E+00  4.006932E+00  4.111320E+00  4.177728E+00  4.293651E+00  4.545194E+00  5.065514E+00  6.119675E+00  8.313040E+00  1.258200E+01
  2.025203E+01  3.217244E+01  4.706300E+01  6.249094E+01  7.624328E+01  8.627431E+01  9.254533E+01  9.611160E+01  5.140815E+00  5.088522E+00
  5.247346E+00  5.357344E+00  5.570890E+00  5.987643E+00  6.865901E+00  8.588222E+00  1.197800E+01  1.805186E+01  2.757009E+01  3.996857E+01
  5.356797E+01  6.712586E+01  7.919180E+01  8.797231E+01  9.346773E+01  9.659257E+01  7.344936E+00  7.264816E+00  7.570049E+00  7.780277E+00
  8.197113E+00  9.032682E+00  1.070673E+01  1.385637E+01  1.943008E+01  2.793990E+01  3.855499E+01  4.976144E+01  6.116549E+01  7.251355E+01
  8.259968E+01  8.994382E+01  9.453711E+01  9.715034E+01  1.347579E+01  1.332680E+01  1.401794E+01  1.456135E+01  1.560613E+01  1.761599E+01
  2.127267E+01  2.727073E+01  3.561962E+01  4.471300E+01  5.293443E+01  6.111092E+01  6.985342E+01  7.864623E+01  8.648669E+01  9.218448E+01
  9.575375E+01  9.778556E+01  4.982016E+01  4.910121E+01  5.037987E+01  5.081042E+01  5.153656E+01  5.246658E+01  5.393523E+01  5.572057E+01
  5.812322E+01  6.136898E+01  6.562663E+01  7.090084E+01  7.725182E+01  8.376582E+01  8.974165E+01  9.407599E+01  9.678295E+01  9.832378E+01
  2.642986E+00  2.643154E+00  2.685281E+00  2.690136E+00  2.753938E+00  2.841027E+00  3.052154E+00  3.477841E+00  4.378265E+00  6.159901E+00
  9.987624E+00  1.792482E+01  3.237396E+01  5.130275E+01  6.909505E+01  8.211543E+01  9.031787E+01  9.494340E+01  2.680447E+00  2.681356E+00
  2.723269E+00  2.731575E+00  2.799536E+00  2.883769E+00  3.105071E+00  3.549010E+00  4.464756E+00  6.315099E+00  1.021992E+01  1.838852E+01
  3.292219E+01  5.176588E+01  6.938705E+01  8.228474E+01  9.040807E+01  9.498970E+01  2.805407E+00  2.806163E+00  2.852064E+00  2.861746E+00
  2.934138E+00  3.027627E+00  3.264937E+00  3.741467E+00  4.748955E+00  6.795497E+00  1.108857E+01  1.977517E+01  3.461208E+01  5.313395E+01
  7.026276E+01  8.279092E+01  9.068209E+01  9.513278E+01  3.038452E+00  3.038178E+00  3.088867E+00  3.101816E+00  3.181516E+00  3.294549E+00
  3.564472E+00  4.163740E+00  5.310254E+00  7.742025E+00  1.275924E+01  2.233911E+01  3.748223E+01  5.538424E+01  7.169978E+01  8.362242E+01
  9.113292E+01  9.536780E+01  3.420549E+00  3.420651E+00  3.486575E+00  3.503370E+00  3.599680E+00  3.758177E+00  4.102441E+00  4.858981E+00
  6.371563E+00  9.459998E+00  1.559458E+01  2.627776E+01  4.159005E+01  5.848873E+01  7.367336E+01  8.476202E+01  9.175113E+01  9.569099E+01
  4.049761E+00  4.050639E+00  4.127223E+00  4.174569E+00  4.312177E+00  4.539625E+00  5.051556E+00  6.127639E+00  8.294866E+00  1.252517E+01
  2.019414E+01  3.204601E+01  4.693621E+01  6.238599E+01  7.615008E+01  8.619181E+01  9.252654E+01  9.609624E+01  5.140815E+00  5.147064E+00
  5.267337E+00  5.353340E+00  5.588927E+00  5.983051E+00  6.847036E+00  8.607169E+00  1.195254E+01  1.797490E+01  2.752069E+01  3.984430E+01
  5.346862E+01  6.703769E+01  7.910705E+01  8.790218E+01  9.345353E+01  9.657980E+01  7.344936E+00  7.346662E+00  7.594799E+00  7.778399E+00
  8.218831E+00  9.019482E+00  1.069264E+01  1.385450E+01  1.940146E+01  2.784662E+01  3.847700E+01  4.962533E+01  6.108739E+01  7.244102E+01
  8.253480E+01  8.988245E+01  9.452725E+01  9.713992E+01  1.347579E+01  1.348693E+01  1.405133E+01  1.456872E+01  1.561982E+01  1.761420E+01
  2.123321E+01  2.728586E+01  3.559269E+01  4.464040E+01  5.285615E+01  6.101347E+01  6.978613E+01  7.859589E+01  8.643941E+01  9.213533E+01
  9.575041E+01  9.777884E+01  4.982016E+01  4.991997E+01  5.049863E+01  5.086606E+01  5.149412E+01  5.240752E+01  5.391967E+01  5.569027E+01
  5.807312E+01  6.133197E+01  6.556219E+01  7.077819E+01  7.722824E+01  8.369849E+01  8.972895E+01  9.404402E+01  9.677737E+01  9.831828E+01
  2.642986E+00  2.644791E+00  2.672113E+00  2.690749E+00  2.749079E+00  2.842603E+00  3.039984E+00  3.472072E+00  4.380057E+00  6.145591E+00
  9.920437E+00  1.791093E+01  3.223543E+01  5.115307E+01  6.899162E+01  8.203272E+01  9.025435E+01  9.491665E+01  2.680447E+00  2.682442E+00
  2.710248E+00  2.730946E+00  2.794678E+00  2.885418E+00  3.092385E+00  3.531937E+00  4.435541E+00  6.293154E+00  1.018605E+01  1.835521E+01
  3.279213E+01  5.161238E+01  6.928265E+01  8.220553E+01  9.034489E+01  9.496248E+01  2.805407E+00  2.808717E+00  2.840446E+00  2.860624E+00
  2.928794E+00  3.026422E+00  3.251855E+00  3.731936E+00  4.719915E+00  6.767618E+00  1.106086E+01  1.975627E+01  3.449197E+01  5.298112E+01
  7.016157E+01  8.271015E+01  9.062002E+01  9.510685E+01  3.038452E+00  3.040367E+00  3.076272E+00  3.101765E+00  3.175129E+00  3.295596E+00
  3.554106E+00  4.120089E+00  5.322097E+00  7.718179E+00  1.270169E+01  2.229354E+01  3.735687E+01  5.523951E+01  7.160690E+01  8.354794E+01
  9.107221E+01  9.534322E+01  3.420549E+00  3.423128E+00  3.468899E+00  3.502788E+00  3.594271E+00  3.755085E+00  4.091633E+00  4.822253E+00
  6.358447E+00  9.416950E+00  1.554300E+01  2.626695E+01  4.146900E+01  5.834927E+01  7.358731E+01  8.469253E+01  9.169505E+01  9.566746E+01
  4.049761E+00  4.054189E+00  4.114956E+00  4.173667E+00  4.304413E+00  4.541492E+00  5.046578E+00  6.106119E+00  8.287274E+00  1.247000E+01
  2.016236E+01  3.201709E+01  4.683141E+01  6.225542E+01  7.607353E+01  8.613053E+01  9.247485E+01  9.607480E+01  5.140815E+00  5.141994E+00
  5.251275E+00  5.352060E+00  5.577974E+00  5.988740E+00  6.827950E+00  8.560936E+00  1.192294E+01  1.791710E+01  2.747743E+01  3.982611E+01
  5.337130E+01  6.692601E+01  7.904214E+01  8.784588E+01  9.340638E+01  9.656104E+01  7.344936E+00  7.352424E+00  7.569521E+00  7.777791E+00
  8.208558E+00  9.032225E+00  1.066526E+01  1.381817E+01  1.940169E+01  2.781837E+01  3.845962E+01  4.963663E+01  6.101289E+01  7.234625E+01
  8.248103E+01  8.983296E+01  9.448482E+01  9.712473E+01  1.347579E+01  1.348385E+01  1.402385E+01  1.455962E+01  1.562159E+01  1.761575E+01
  2.121795E+01  2.723659E+01  3.556969E+01  4.459235E+01  5.285300E+01  6.103218E+01  6.972894E+01  7.852189E+01  8.639963E+01  9.209879E+01
  9.571548E+01  9.776743E+01  4.982016E+01  4.986045E+01  5.042136E+01  5.089037E+01  5.149467E+01  5.250805E+01  5.380655E+01  5.569417E+01
  5.805542E+01  6.130866E+01  6.550311E+01  7.083109E+01  7.715244E+01  8.366381E+01  8.970316E+01  9.401672E+01  9.675157E+01  9.831106E+01
  2.642986E+00  2.642007E+00  2.673607E+00  2.683681E+00  2.737849E+00  2.837063E+00  3.037799E+00  3.476466E+00  4.355046E+00  6.120284E+00
  9.942777E+00  1.783685E+01  3.210031E+01  5.104697E+01  6.886676E+01  8.198177E+01  9.021803E+01  9.489323E+01  2.680447E+00  2.679500E+00
  2.712637E+00  2.723294E+00  2.785535E+00  2.881368E+00  3.091702E+00  3.539138E+00  4.447536E+00  6.258668E+00  1.018662E+01  1.827479E+01
  3.265455E+01  5.150999E+01  6.916022E+01  8.215328E+01  9.030943E+01  9.494066E+01  2.805407E+00  2.805756E+00  2.841664E+00  2.855486E+00
  2.916696E+00  3.021948E+00  3.247353E+00  3.733774E+00  4.727082E+00  6.732667E+00  1.104222E+01  1.968107E+01  3.433117E+01  5.288409E+01
  7.004198E+01  8.266508E+01  9.058617E+01  9.508473E+01  3.038452E+00  3.036993E+00  3.078781E+00  3.094545E+00  3.164508E+00  3.289204E+00
  3.552797E+00  4.120467E+00  5.292305E+00  7.690743E+00  1.269858E+01  2.223241E+01  3.724134E+01  5.514547E+01  7.148854E+01  8.349893E+01
  9.104012E+01  9.532228E+01  3.420549E+00  3.417449E+00  3.470651E+00  3.494861E+00  3.585860E+00  3.748627E+00  4.087378E+00  4.823961E+00
  6.344255E+00  9.439718E+00  1.554262E+01  2.619922E+01  4.132623E+01  5.826282E+01  7.347555E+01  8.465025E+01  9.166441E+01  9.564786E+01
  4.049761E+00  4.049024E+00  4.117858E+00  4.160819E+00  4.293159E+00  4.533971E+00  5.039090E+00  6.102510E+00  8.249022E+00  1.244573E+01
  2.014005E+01  3.193052E+01  4.670771E+01  6.218314E+01  7.596977E+01  8.609332E+01  9.244702E+01  9.605658E+01  5.140815E+00  5.138823E+00
  5.254155E+00  5.342661E+00  5.571399E+00  5.978260E+00  6.822966E+00  8.568686E+00  1.191021E+01  1.789539E+01  2.745175E+01  3.977940E+01
  5.326035E+01  6.686114E+01  7.894993E+01  8.781356E+01  9.338174E+01  9.654498E+01  7.344936E+00  7.340671E+00  7.575115E+00  7.768595E+00
  8.192908E+00  9.024995E+00  1.066757E+01  1.382643E+01  1.935433E+01  2.777994E+01  3.844748E+01  4.955133E+01  6.088724E+01  7.229244E+01
  8.240065E+01  8.981435E+01  9.446664E+01  9.711112E+01  1.347579E+01  1.346707E+01  1.403904E+01  1.453109E+01  1.559881E+01  1.758949E+01
  2.121006E+01  2.722578E+01  3.552954E+01  4.455349E+01  5.285926E+01  6.099789E+01  6.963208E+01  7.847860E+01  8.633528E+01  9.208302E+01
  9.570122E+01  9.775633E+01  4.982016E+01  4.980851E+01  5.043347E+01  5.079889E+01  5.153906E+01  5.244324E+01  5.382060E+01  5.572733E+01
  5.817104E+01  6.129914E+01  6.556565E+01  7.078865E+01  7.705305E+01  8.362033E+01  8.966699E+01  9.399403E+01  9.674386E+01  9.830258E+01
  2.642986E+00  2.641641E+00  2.671397E+00  2.694816E+00  2.744899E+00  2.841781E+00  3.041615E+00  3.469803E+00  4.351115E+00  6.109796E+00
  9.881795E+00  1.776210E+01  3.197846E+01  5.093845E+01  6.876222E+01  8.192614E+01  9.018517E+01  9.487804E+01  2.680447E+00  2.678992E+00
  2.709443E+00  2.735373E+00  2.792128E+00  2.882421E+00  3.093729E+00  3.536306E+00  4.398551E+00  6.244397E+00  1.012725E+01  1.820615E+01
  3.256182E+01  5.140550E+01  6.905651E+01  8.209667E+01  9.027686E+01  9.492489E+01  2.805407E+00  2.805681E+00  2.840185E+00  2.867791E+00
  2.926850E+00  3.023176E+00  3.251235E+00  3.729597E+00  4.680116E+00  6.716200E+00  1.098566E+01  1.961934E+01  3.424604E+01  5.278461E+01
  6.993919E+01  8.260786E+01  9.055518E+01  9.506979E+01  3.038452E+00  3.035772E+00  3.074458E+00  3.105913E+00  3.171615E+00  3.291398E+00
  3.555233E+00  4.122589E+00  5.283713E+00  7.672679E+00  1.264279E+01  2.215248E+01  3.714072E+01  5.505045E+01  7.139287E+01  8.344711E+01
  9.100995E+01  9.530792E+01  3.420549E+00  3.420288E+00  3.470176E+00  3.509347E+00  3.588594E+00  3.751255E+00  4.089610E+00  4.817675E+00
  6.328740E+00  9.371178E+00  1.547661E+01  2.610538E+01  4.123214E+01  5.816988E+01  7.338257E+01  8.460077E+01  9.163577E+01  9.563471E+01
  4.049761E+00  4.048011E+00  4.112182E+00  4.175048E+00  4.295422E+00  4.537322E+00  5.037799E+00  6.094128E+00  8.241940E+00  1.242541E+01
  2.005666E+01  3.186576E+01  4.660843E+01  6.210221E+01  7.588399E+01  8.604559E+01  9.242001E+01  9.604464E+01  5.140815E+00  5.138815E+00
  5.249031E+00  5.354484E+00  5.570205E+00  5.984297E+00  6.828518E+00  8.557147E+00  1.188344E+01  1.786022E+01  2.737389E+01  3.968347E+01
  5.316982E+01  6.678831E+01  7.887142E+01  8.777449E+01  9.335841E+01  9.653471E+01  7.344936E+00  7.349574E+00  7.566374E+00  7.778861E+00
  8.201700E+00  9.029135E+00  1.067276E+01  1.381580E+01  1.934318E+01  2.773531E+01  3.837841E+01  4.949618E+01  6.082223E+01  7.222768E+01
  8.233298E+01  8.977683E+01  9.444535E+01  9.710271E+01  1.347579E+01  1.345590E+01  1.402139E+01  1.455399E+01  1.559904E+01  1.760094E+01
  2.122302E+01  2.722438E+01  3.550378E+01  4.456565E+01  5.281281E+01  6.092137E+01  6.955669E+01  7.843774E+01  8.627621E+01  9.205432E+01
  9.568441E+01  9.775008E+01  4.982016E+01  4.979437E+01  5.034422E+01  5.078277E+01  5.152502E+01  5.245016E+01  5.389929E+01  5.573449E+01
  5.810084E+01  6.129403E+01  6.552708E+01  7.074640E+01  7.688170E+01  8.355156E+01  8.962634E+01  9.398531E+01  9.672574E+01  9.829632E+01
  2.642986E+00  2.641257E+00  2.658315E+00  2.691022E+00  2.741200E+00  2.835617E+00  3.034999E+00  3.464292E+00  4.347550E+00  6.078070E+00
  9.870463E+00  1.773587E+01  3.193138E+01  5.087234E+01  6.868895E+01  8.187976E+01  9.015609E+01  9.486102E+01  2.680447E+00  2.678171E+00
  2.698809E+00  2.729649E+00  2.785990E+00  2.880471E+00  3.086080E+00  3.527404E+00  4.411846E+00  6.220716E+00  1.011460E+01  1.815491E+01
  3.249130E+01  5.133378E+01  6.898569E+01  8.204996E+01  9.024801E+01  9.490846E+01  2.805407E+00  2.804581E+00  2.828439E+00  2.863363E+00
  2.918505E+00  3.022258E+00  3.243612E+00  3.719764E+00  4.694488E+00  6.690114E+00  1.096227E+01  1.956789E+01  3.418891E+01  5.271455E+01
  6.987105E+01  8.256259E+01  9.052651E+01  9.505396E+01  3.038452E+00  3.035367E+00  3.062131E+00  3.102818E+00  3.167830E+00  3.290992E+00
  3.546683E+00  4.105103E+00  5.289747E+00  7.638924E+00  1.261159E+01  2.210614E+01  3.706628E+01  5.498439E+01  7.132613E+01  8.340408E+01
  9.098318E+01  9.529273E+01  3.420549E+00  3.417417E+00  3.456478E+00  3.504658E+00  3.582918E+00  3.748486E+00  4.079724E+00  4.811994E+00
  6.315761E+00  9.322623E+00  1.545742E+01  2.606534E+01  4.118181E+01  5.811568E+01  7.332314E+01  8.456026E+01  9.161086E+01  9.562040E+01
  4.049761E+00  4.045650E+00  4.100416E+00  4.173466E+00  4.293390E+00  4.534524E+00  5.028294E+00  6.075968E+00  8.251878E+00  1.238220E+01
  2.004279E+01  3.183840E+01  4.657554E+01  6.205353E+01  7.582906E+01  8.600998E+01  9.239912E+01  9.603177E+01  5.140815E+00  5.137220E+00
  5.236271E+00  5.353601E+00  5.560607E+00  5.981395E+00  6.817238E+00  8.534681E+00  1.188219E+01  1.782634E+01  2.735617E+01  3.965417E+01
  5.314783E+01  6.674818E+01  7.882160E+01  8.774454E+01  9.333920E+01  9.652349E+01  7.344936E+00  7.341837E+00  7.560729E+00  7.783350E+00
  8.184121E+00  9.023405E+00  1.065604E+01  1.378068E+01  1.935349E+01  2.771208E+01  3.836744E+01  4.944608E+01  6.080591E+01  7.220755E+01
  8.228917E+01  8.975339E+01  9.443082E+01  9.709317E+01  1.347579E+01  1.345578E+01  1.400703E+01  1.457294E+01  1.558119E+01  1.759034E+01
  2.117896E+01  2.717552E+01  3.552251E+01  4.449098E+01  5.282846E+01  6.091552E+01  6.956334E+01  7.842483E+01  8.624558E+01  9.203963E+01
  9.567545E+01  9.774235E+01  4.982016E+01  4.981559E+01  5.033449E+01  5.085522E+01  5.134089E+01  5.251152E+01  5.390970E+01  5.569283E+01
  5.810348E+01  6.119264E+01  6.549730E+01  7.074486E+01  7.692259E+01  8.357241E+01  8.960439E+01  9.396848E+01  9.672504E+01  9.828847E+01
  2.642986E+00  2.640401E+00  2.671399E+00  2.688057E+00  2.740164E+00  2.832891E+00  3.040029E+00  3.465343E+00  4.334794E+00  6.062847E+00
  9.773068E+00  1.760986E+01  3.188732E+01  5.077636E+01  6.858650E+01  8.182391E+01  9.013914E+01  9.484708E+01  2.680447E+00  2.679231E+00
  2.710196E+00  2.726582E+00  2.787412E+00  2.878250E+00  3.090117E+00  3.525052E+00  4.423698E+00  6.215129E+00  1.003073E+01  1.805432E+01
  3.245061E+01  5.124680E+01  6.888596E+01  8.199184E+01  9.023097E+01  9.489473E+01  2.805407E+00  2.805671E+00  2.840397E+00  2.856854E+00
  2.919483E+00  3.020274E+00  3.249500E+00  3.728489E+00  4.706562E+00  6.685629E+00  1.090317E+01  1.945554E+01  3.414828E+01  5.262218E+01
  6.977222E+01  8.250784E+01  9.051066E+01  9.504023E+01  3.038452E+00  3.035201E+00  3.076305E+00  3.097602E+00  3.166043E+00  3.288391E+00
  3.553904E+00  4.106123E+00  5.265203E+00  7.626697E+00  1.252631E+01  2.196624E+01  3.703435E+01  5.489966E+01  7.123331E+01  8.334853E+01
  9.096808E+01  9.528014E+01  3.420549E+00  3.418774E+00  3.467915E+00  3.498328E+00  3.585899E+00  3.746891E+00  4.086801E+00  4.814212E+00
  6.318434E+00  9.322772E+00  1.536562E+01  2.594130E+01  4.115284E+01  5.803411E+01  7.323264E+01  8.450880E+01  9.159747E+01  9.560867E+01
  4.049761E+00  4.047710E+00  4.113834E+00  4.167303E+00  4.295698E+00  4.529093E+00  5.035808E+00  6.084648E+00  8.212134E+00  1.235636E+01
  2.005951E+01  3.171081E+01  4.655083E+01  6.197468E+01  7.573992E+01  8.596363E+01  9.238852E+01  9.602135E+01  5.140815E+00  5.136098E+00
  5.247224E+00  5.343271E+00  5.571553E+00  5.973525E+00  6.819764E+00  8.544296E+00  1.187736E+01  1.780103E+01  2.735852E+01  3.954027E+01
  5.311937E+01  6.667780E+01  7.874330E+01  8.770251E+01  9.333212E+01  9.651434E+01  7.344936E+00  7.341707E+00  7.566103E+00  7.771721E+00
  8.191721E+00  9.016037E+00  1.066222E+01  1.380527E+01  1.928921E+01  2.768078E+01  3.841816E+01  4.936881E+01  6.080123E+01  7.215239E+01
  8.221880E+01  8.971651E+01  9.442572E+01  9.708617E+01  1.347579E+01  1.346575E+01  1.402695E+01  1.454929E+01  1.560262E+01  1.756788E+01
  2.120336E+01  2.720321E+01  3.548733E+01  4.449998E+01  5.273451E+01  6.083911E+01  6.957001E+01  7.837064E+01  8.618344E+01  9.200780E+01
  9.567254E+01  9.773740E+01  4.982016E+01  4.980637E+01  5.037877E+01  5.081160E+01  5.157334E+01  5.242025E+01  5.391119E+01  5.575345E+01
  5.816137E+01  6.120820E+01  6.544553E+01  7.065318E+01  7.691840E+01  8.351762E+01  8.954313E+01  9.394585E+01  9.671759E+01  9.828573E+01
  2.642986E+00  2.648299E+00  2.666553E+00  2.688598E+00  2.742227E+00  2.830122E+00  3.040289E+00  3.459567E+00  4.294746E+00  6.053304E+00
  9.751196E+00  1.755255E+01  3.180662E+01  5.065649E+01  6.855630E+01  8.178946E+01  9.011161E+01  9.483046E+01  2.680447E+00  2.685564E+00
  2.701835E+00  2.728609E+00  2.788685E+00  2.876327E+00  3.092427E+00  3.520696E+00  4.384655E+00  6.202219E+00  1.001005E+01  1.798807E+01
  3.237240E+01  5.112165E+01  6.885470E+01  8.195932E+01  9.020413E+01  9.487823E+01  2.805407E+00  2.811864E+00  2.832871E+00  2.860194E+00
  2.920370E+00  3.016738E+00  3.250682E+00  3.716916E+00  4.655729E+00  6.663533E+00  1.086248E+01  1.937738E+01  3.408395E+01  5.250104E+01
  6.974110E+01  8.247623E+01  9.048247E+01  9.502422E+01  3.038452E+00  3.044438E+00  3.066437E+00  3.100359E+00  3.164457E+00  3.283192E+00
  3.553924E+00  4.097878E+00  5.259036E+00  7.635490E+00  1.249246E+01  2.192787E+01  3.696752E+01  5.477897E+01  7.120636E+01  8.332004E+01
  9.094265E+01  9.526521E+01  3.420549E+00  3.428078E+00  3.461758E+00  3.500551E+00  3.584914E+00  3.744048E+00  4.084967E+00  4.805670E+00
  6.354796E+00  9.387415E+00  1.532645E+01  2.588929E+01  4.107929E+01  5.791655E+01  7.321217E+01  8.448390E+01  9.157340E+01  9.559465E+01
  4.049761E+00  4.056865E+00  4.105568E+00  4.171106E+00  4.297227E+00  4.528534E+00  5.032599E+00  6.073091E+00  8.220158E+00  1.238123E+01
  1.990082E+01  3.164575E+01  4.647640E+01  6.186481E+01  7.572746E+01  8.594284E+01  9.236589E+01  9.600853E+01  5.140815E+00  5.150565E+00
  5.237097E+00  5.348110E+00  5.566915E+00  5.970337E+00  6.819789E+00  8.525672E+00  1.188471E+01  1.787940E+01  2.721700E+01  3.949646E+01
  5.306351E+01  6.658120E+01  7.873862E+01  8.768345E+01  9.331277E+01  9.650309E+01  7.344936E+00  7.364752E+00  7.561087E+00  7.773592E+00
  8.203624E+00  9.016925E+00  1.066323E+01  1.378015E+01  1.931977E+01  2.769406E+01  3.822743E+01  4.931224E+01  6.074139E+01  7.205608E+01
  8.222655E+01  8.970360E+01  9.440997E+01  9.707652E+01  1.347579E+01  1.349329E+01  1.400764E+01  1.455994E+01  1.560724E+01  1.759396E+01
  2.118696E+01  2.716222E+01  3.547653E+01  4.454449E+01  5.268070E+01  6.079792E+01  6.951910E+01  7.829832E+01  8.619821E+01  9.200156E+01
  9.565875E+01  9.772983E+01  4.982016E+01  4.995798E+01  5.031789E+01  5.082318E+01  5.154721E+01  5.249879E+01  5.391147E+01  5.575299E+01
  5.807753E+01  6.126175E+01  6.532098E+01  7.065340E+01  7.686374E+01  8.349931E+01  8.955746E+01  9.393191E+01  9.670721E+01  9.827651E+01
  4.903344E+00  5.005471E+00  5.092619E+00  5.278369E+00  5.570224E+00  6.346401E+00  7.769089E+00  1.032505E+01  1.457262E+01  2.128954E+01
  3.179004E+01  4.529048E+01  6.079465E+01  7.498076E+01  8.544847E+01  9.210342E+01  9.586906E+01  9.789172E+01  4.903344E+00  4.828439E+00
  5.076014E+00  5.226490E+00  5.487390E+00  5.921265E+00  7.004444E+00  8.924831E+00  1.223418E+01  1.785929E+01  2.660934E+01  3.896708E+01
  5.404739E+01  6.906835E+01  8.131966E+01  8.959462E+01  9.447744E+01  9.715063E+01  4.903344E+00  5.051345E+00  5.063107E+00  5.131981E+00
  5.326364E+00  5.786725E+00  6.802312E+00  8.566495E+00  1.158667E+01  1.679413E+01  2.477807E+01  3.657790E+01  5.132447E+01  6.668120E+01
  7.949566E+01  8.844868E+01  9.381322E+01  9.679768E+01  4.903344E+00  4.824358E+00  5.089042E+00  5.195246E+00  5.304780E+00  5.723101E+00
  6.713575E+00  8.459525E+00  1.129635E+01  1.609621E+01  2.391568E+01  3.537038E+01  4.982409E+01  6.529057E+01  7.845273E+01  8.778532E+01
  9.343536E+01  9.658562E+01  4.903344E+00  4.982686E+00  5.139917E+00  5.145936E+00  5.321064E+00  5.678741E+00  6.596317E+00  8.335968E+00
  1.122020E+01  1.582131E+01  2.352013E+01  3.457325E+01  4.886436E+01  6.434389E+01  7.771511E+01  8.730267E+01  9.315377E+01  9.644420E+01
  4.903344E+00  5.037975E+00  5.068308E+00  5.233041E+00  5.402927E+00  5.725769E+00  6.652743E+00  8.190951E+00  1.105080E+01  1.553639E+01
  2.304584E+01  3.405352E+01  4.825245E+01  6.373188E+01  7.726485E+01  8.698356E+01  9.297043E+01  9.634973E+01  4.903344E+00  5.003108E+00
  5.032600E+00  5.145248E+00  5.304255E+00  5.674050E+00  6.600247E+00  8.118824E+00  1.097311E+01  1.536396E+01  2.269788E+01  3.372940E+01
  4.775439E+01  6.332864E+01  7.697377E+01  8.677423E+01  9.286520E+01  9.628706E+01  4.903344E+00  5.000709E+00  5.073521E+00  5.083066E+00
  5.295305E+00  5.729876E+00  6.468070E+00  8.132641E+00  1.088320E+01  1.535769E+01  2.256056E+01  3.347096E+01  4.749863E+01  6.295612E+01
  7.667363E+01  8.659268E+01  9.275029E+01  9.622732E+01  4.903344E+00  4.689672E+00  5.002742E+00  5.144339E+00  5.283060E+00  5.671589E+00
  6.531731E+00  8.056553E+00  1.083654E+01  1.524556E+01  2.234304E+01  3.318448E+01  4.721004E+01  6.263877E+01  7.643703E+01  8.643005E+01
  9.265434E+01  9.617514E+01  4.903344E+00  4.960423E+00  5.045392E+00  5.147868E+00  5.449928E+00  5.620147E+00  6.481622E+00  8.085545E+00
  1.069661E+01  1.518326E+01  2.229879E+01  3.302765E+01  4.693228E+01  6.238227E+01  7.623926E+01  8.629939E+01  9.259184E+01  9.613878E+01
  4.903344E+00  5.016779E+00  5.032876E+00  5.102929E+00  5.237347E+00  5.569227E+00  6.562163E+00  7.999574E+00  1.071029E+01  1.510047E+01
  2.220347E+01  3.287061E+01  4.673246E+01  6.221987E+01  7.611105E+01  8.621922E+01  9.254469E+01  9.611163E+01  4.903344E+00  4.996830E+00
  5.043017E+00  5.113426E+00  5.263600E+00  5.663544E+00  6.518149E+00  8.055826E+00  1.075631E+01  1.497370E+01  2.208783E+01  3.272942E+01
  4.664161E+01  6.205624E+01  7.597966E+01  8.612248E+01  9.247601E+01  9.608076E+01  4.903344E+00  4.974245E+00  5.059804E+00  5.055401E+00
  5.269928E+00  5.614034E+00  6.540849E+00  7.991765E+00  1.064866E+01  1.501477E+01  2.201735E+01  3.261025E+01  4.655361E+01  6.194038E+01
  7.589275E+01  8.606153E+01  9.244022E+01  9.605606E+01  4.903344E+00  4.832201E+00  5.215826E+00  5.143926E+00  5.342854E+00  5.587285E+00
  6.478576E+00  7.991452E+00  1.063257E+01  1.494768E+01  2.196690E+01  3.242178E+01  4.643095E+01  6.180725E+01  7.582154E+01  8.598998E+01
  9.241891E+01  9.603851E+01  4.903344E+00  5.009067E+00  5.074292E+00  5.120688E+00  5.264997E+00  5.631172E+00  6.397095E+00  8.022725E+00
  1.061128E+01  1.493465E+01  2.185805E+01  3.246075E+01  4.631753E+01  6.172913E+01  7.574220E+01  8.591956E+01  9.236569E+01  9.602067E+01
  4.903344E+00  4.979722E+00  5.104813E+00  5.109116E+00  5.279872E+00  5.613827E+00  6.426179E+00  8.006730E+00  1.063455E+01  1.492876E+01
  2.191523E+01  3.235772E+01  4.612915E+01  6.162789E+01  7.563293E+01  8.587728E+01  9.234274E+01  9.600269E+01  4.903344E+00  4.950183E+00
  5.054006E+00  5.091784E+00  5.292133E+00  5.631950E+00  6.507403E+00  8.024837E+00  1.059625E+01  1.486156E+01  2.182924E+01  3.226017E+01
  4.592561E+01  6.150548E+01  7.554876E+01  8.584081E+01  9.231014E+01  9.598991E+01  4.903344E+00  4.897650E+00  5.089342E+00  5.149436E+00
  5.160843E+00  5.635221E+00  6.452162E+00  8.003951E+00  1.058385E+01  1.479744E+01  2.182711E+01  3.223619E+01  4.595493E+01  6.148855E+01
  7.549011E+01  8.580743E+01  9.229583E+01  9.597518E+01  4.903344E+00  4.893003E+00  5.071481E+00  5.014084E+00  5.286961E+00  5.587264E+00
  6.487289E+00  8.062133E+00  1.065140E+01  1.484171E+01  2.168029E+01  3.211810E+01  4.591507E+01  6.137160E+01  7.538081E+01  8.574699E+01
  9.227924E+01  9.596644E+01  4.903344E+00  4.964212E+00  5.049968E+00  5.113346E+00  5.314885E+00  5.608816E+00  6.496642E+00  8.037338E+00
  1.058670E+01  1.491261E+01  2.157210E+01  3.209215E+01  4.582129E+01  6.130096E+01  7.539201E+01  8.572100E+01  9.225072E+01  9.595027E+01
