  6.340308E-01
          18 10.0000000
 -2.000000E+01 -1.000000E+01 -2.107210E+00 -1.806180E+00 -1.505150E+00 -1.204120E+00 -9.030900E-01 -6.020600E-01 -3.010300E-01  0.000000E+00
  3.010300E-01  6.020600E-01  9.030900E-01  1.204120E+00  1.505150E+00  1.806180E+00  2.107210E+00  2.408240E+00
          10 10.0000000
  0.000000E+00  1.000000E+01  2.000000E+01  3.000000E+01  4.000000E+01  5.000000E+01  6.000000E+01  7.000000E+01  8.000000E+01  8.900000E+01
          23  4.0000000
  4.000000E+00  8.000000E+00  1.200000E+01  1.600000E+01  2.000000E+01  2.400000E+01  2.800000E+01  3.200000E+01  3.600000E+01  4.000000E+01
  4.400000E+01  4.800000E+01  5.200000E+01  5.600000E+01  6.000000E+01  6.400000E+01  6.800000E+01  7.200000E+01  7.600000E+01  8.000000E+01
  8.400000E+01  8.800000E+01  9.200000E+01
  2.638459E+00  2.638737E+00  2.717384E+00  2.798865E+00  2.955490E+00  3.277876E+00  3.934768E+00  5.269843E+00  7.905796E+00  1.303888E+01
  2.251743E+01  3.767639E+01  5.631750E+01  7.291419E+01  8.464740E+01  9.176071E+01  9.570712E+01  9.778008E+01  2.678107E+00  2.677530E+00
  2.761202E+00  2.845310E+00  3.005620E+00  3.332525E+00  4.005445E+00  5.373704E+00  8.067579E+00  1.329570E+01  2.290849E+01  3.815295E+01
  5.671548E+01  7.316693E+01  8.479066E+01  9.183747E+01  9.574715E+01  9.780080E+01  2.802979E+00  2.800245E+00  2.890774E+00  2.981160E+00
  3.153137E+00  3.507982E+00  4.230296E+00  5.696448E+00  8.572608E+00  1.410930E+01  2.412370E+01  3.959391E+01  5.790476E+01  7.391783E+01
  8.521677E+01  9.206620E+01  9.586620E+01  9.786239E+01  3.035494E+00  3.035353E+00  3.133170E+00  3.234319E+00  3.433515E+00  3.837852E+00
  4.653120E+00  6.299827E+00  9.515977E+00  1.561399E+01  2.631108E+01  4.206557E+01  5.986925E+01  7.514914E+01  8.591530E+01  9.244096E+01
  9.606132E+01  9.796338E+01  3.419753E+00  3.419286E+00  3.537934E+00  3.657164E+00  3.903673E+00  4.375993E+00  5.356827E+00  7.318110E+00
  1.110631E+01  1.809248E+01  2.971884E+01  4.564016E+01  6.257226E+01  7.683029E+01  8.686935E+01  9.295290E+01  9.632784E+01  9.810124E+01
  4.042436E+00  4.043973E+00  4.200717E+00  4.365770E+00  4.673050E+00  5.297463E+00  6.563940E+00  9.064554E+00  1.378207E+01  2.206752E+01
  3.471775E+01  5.035444E+01  6.596132E+01  7.892934E+01  8.805932E+01  9.359150E+01  9.666039E+01  9.827333E+01  5.142663E+00  5.141253E+00
  5.371204E+00  5.606262E+00  6.065327E+00  6.968279E+00  8.770856E+00  1.224700E+01  1.847728E+01  2.844273E+01  4.169996E+01  5.617401E+01
  6.998542E+01  8.141706E+01  8.947026E+01  9.434860E+01  9.705444E+01  9.847739E+01  7.340807E+00  7.339292E+00  7.748236E+00  8.147097E+00
  8.917627E+00  1.044868E+01  1.338187E+01  1.866655E+01  2.713860E+01  3.845787E+01  5.078180E+01  6.299372E+01  7.463152E+01  8.428996E+01
  9.110011E+01  9.522299E+01  9.750994E+01  9.871297E+01  1.346786E+01  1.346994E+01  1.436227E+01  1.524751E+01  1.693736E+01  2.004924E+01
  2.542985E+01  3.352243E+01  4.327522E+01  5.263782E+01  6.152337E+01  7.085814E+01  8.000674E+01  8.761351E+01  9.298481E+01  9.623433E+01
  9.803667E+01  9.898556E+01  4.978121E+01  4.981367E+01  5.072050E+01  5.138578E+01  5.236186E+01  5.376888E+01  5.558246E+01  5.815935E+01
  6.178762E+01  6.639011E+01  7.210323E+01  7.871059E+01  8.532733E+01  9.087685E+01  9.484808E+01  9.722531E+01  9.855558E+01  9.925292E+01
  2.638459E+00  2.630291E+00  2.716623E+00  2.794967E+00  2.949174E+00  3.270486E+00  3.916332E+00  5.204298E+00  7.795905E+00  1.280139E+01
  2.207523E+01  3.689532E+01  5.539614E+01  7.220822E+01  8.416861E+01  9.147786E+01  9.553531E+01  9.764722E+01  2.678107E+00  2.669923E+00
  2.760118E+00  2.842476E+00  2.998693E+00  3.323246E+00  3.986060E+00  5.304003E+00  7.951073E+00  1.305057E+01  2.245473E+01  3.736447E+01
  5.579976E+01  7.246752E+01  8.431622E+01  9.155733E+01  9.557686E+01  9.766911E+01  2.802979E+00  2.793294E+00  2.888815E+00  2.976319E+00
  3.146168E+00  3.497787E+00  4.206622E+00  5.618112E+00  8.440707E+00  1.383580E+01  2.363695E+01  3.879277E+01  5.700675E+01  7.323799E+01
  8.475502E+01  9.179359E+01  9.570057E+01  9.773424E+01  3.035494E+00  3.025927E+00  3.131589E+00  3.228155E+00  3.424224E+00  3.824006E+00
  4.617900E+00  6.206316E+00  9.351769E+00  1.528798E+01  2.576463E+01  4.125004E+01  5.900441E+01  7.450089E+01  8.547423E+01  9.218066E+01
  9.590327E+01  9.784100E+01  3.419753E+00  3.408817E+00  3.535808E+00  3.650397E+00  3.889940E+00  4.353220E+00  5.310168E+00  7.190412E+00
  1.088313E+01  1.767883E+01  2.909769E+01  4.482058E+01  6.175684E+01  7.622556E+01  8.645676E+01  9.270959E+01  9.618019E+01  9.798684E+01
  4.042436E+00  4.032160E+00  4.197011E+00  4.352889E+00  4.650738E+00  5.259704E+00  6.487041E+00  8.876036E+00  1.346780E+01  2.153091E+01
  3.401957E+01  4.956826E+01  6.521061E+01  7.837723E+01  8.768221E+01  9.336906E+01  9.652565E+01  9.816879E+01  5.142663E+00  5.127460E+00
  5.363523E+00  5.584089E+00  6.025835E+00  6.899131E+00  8.634642E+00  1.194711E+01  1.800212E+01  2.774459E+01  4.097645E+01  5.546739E+01
  6.931558E+01  8.092712E+01  8.913428E+01  9.415067E+01  9.693501E+01  9.838451E+01  7.340807E+00  7.321468E+00  7.731422E+00  8.103955E+00
  8.842737E+00  1.030501E+01  1.311307E+01  1.815416E+01  2.641947E+01  3.765953E+01  5.014735E+01  6.239665E+01  7.405563E+01  8.386897E+01
  9.080917E+01  9.505289E+01  9.740745E+01  9.863342E+01  1.346786E+01  1.342792E+01  1.431506E+01  1.514168E+01  1.674331E+01  1.971105E+01
  2.488816E+01  3.271622E+01  4.249237E+01  5.203449E+01  6.107847E+01  7.038071E+01  7.952927E+01  8.726987E+01  9.274588E+01  9.609496E+01
  9.795372E+01  9.892141E+01  4.978121E+01  4.965880E+01  5.067434E+01  5.129763E+01  5.225678E+01  5.368965E+01  5.548211E+01  5.795137E+01
  6.146596E+01  6.602345E+01  7.182371E+01  7.836192E+01  8.498919E+01  9.064165E+01  9.467303E+01  9.712875E+01  9.849596E+01  9.920818E+01
  2.638459E+00  2.634946E+00  2.716962E+00  2.794960E+00  2.950798E+00  3.266798E+00  3.901490E+00  5.190583E+00  7.734085E+00  1.270782E+01
  2.185822E+01  3.654482E+01  5.500303E+01  7.190845E+01  8.396309E+01  9.136135E+01  9.545346E+01  9.757224E+01  2.678107E+00  2.675671E+00
  2.760444E+00  2.841941E+00  2.999837E+00  3.316776E+00  3.970669E+00  5.290630E+00  7.887072E+00  1.295446E+01  2.223399E+01  3.701007E+01
  5.540833E+01  7.217020E+01  8.411261E+01  9.144189E+01  9.549576E+01  9.759484E+01  2.802979E+00  2.801602E+00  2.888525E+00  2.975911E+00
  3.147741E+00  3.492411E+00  4.190272E+00  5.601711E+00  8.370697E+00  1.372912E+01  2.339996E+01  3.843024E+01  5.662156E+01  7.294899E+01
  8.455683E+01  9.168143E+01  9.562168E+01  9.766201E+01  3.035494E+00  3.033778E+00  3.132261E+00  3.226685E+00  3.423094E+00  3.817561E+00
  4.598519E+00  6.183118E+00  9.270604E+00  1.515952E+01  2.550365E+01  4.087682E+01  5.863033E+01  7.422538E+01  8.528496E+01  9.207409E+01
  9.582809E+01  9.777213E+01  3.419753E+00  3.416197E+00  3.535445E+00  3.649471E+00  3.889826E+00  4.345706E+00  5.282828E+00  7.156370E+00
  1.077738E+01  1.751774E+01  2.880677E+01  4.444271E+01  6.140298E+01  7.596908E+01  8.627966E+01  9.261063E+01  9.611007E+01  9.792256E+01
  4.042436E+00  4.039276E+00  4.196911E+00  4.350363E+00  4.649404E+00  5.245901E+00  6.443796E+00  8.825429E+00  1.332128E+01  2.131705E+01
  3.369304E+01  4.919699E+01  6.488407E+01  7.814367E+01  8.752023E+01  9.327926E+01  9.646179E+01  9.811027E+01  5.142663E+00  5.138055E+00
  5.360627E+00  5.578414E+00  6.017781E+00  6.869649E+00  8.568698E+00  1.185265E+01  1.778699E+01  2.746666E+01  4.063137E+01  5.512734E+01
  6.902297E+01  8.072011E+01  8.898982E+01  9.407175E+01  9.687854E+01  9.833277E+01  7.340807E+00  7.332953E+00  7.723832E+00  8.090165E+00
  8.824086E+00  1.024529E+01  1.299162E+01  1.797704E+01  2.611059E+01  3.733670E+01  4.983545E+01  6.209547E+01  7.379582E+01  8.369212E+01
  9.068539E+01  9.498589E+01  9.735948E+01  9.858951E+01  1.346786E+01  1.345277E+01  1.430134E+01  1.510305E+01  1.667787E+01  1.957885E+01
  2.464595E+01  3.243937E+01  4.215033E+01  5.178893E+01  6.084534E+01  7.012709E+01  7.931126E+01  8.712708E+01  9.264487E+01  9.604256E+01
  9.791535E+01  9.888632E+01  4.978121E+01  4.975015E+01  5.066408E+01  5.129576E+01  5.224200E+01  5.365844E+01  5.540818E+01  5.788332E+01
  6.133787E+01  6.586976E+01  7.165691E+01  7.819026E+01  8.483416E+01  9.054177E+01  9.459689E+01  9.708888E+01  9.847102E+01  9.918325E+01
  2.638459E+00  2.630647E+00  2.714818E+00  2.793615E+00  2.946699E+00  3.261111E+00  3.894280E+00  5.177891E+00  7.690748E+00  1.263134E+01
  2.170203E+01  3.631051E+01  5.475687E+01  7.170806E+01  8.383041E+01  9.126969E+01  9.538940E+01  9.750063E+01  2.678107E+00  2.670041E+00
  2.758163E+00  2.840708E+00  2.995364E+00  3.310408E+00  3.961480E+00  5.278481E+00  7.842136E+00  1.287590E+01  2.207348E+01  3.677432E+01
  5.516373E+01  7.197153E+01  8.398096E+01  9.135098E+01  9.543236E+01  9.752384E+01  2.802979E+00  2.794624E+00  2.886324E+00  2.974262E+00
  3.142202E+00  3.485501E+00  4.182015E+00  5.587495E+00  8.321152E+00  1.364316E+01  2.322958E+01  3.819051E+01  5.638293E+01  7.275584E+01
  8.442909E+01  9.159299E+01  9.556004E+01  9.759293E+01  3.035494E+00  3.026421E+00  3.129440E+00  3.225494E+00  3.418130E+00  3.808464E+00
  4.587342E+00  6.164565E+00  9.211201E+00  1.506004E+01  2.531582E+01  4.062946E+01  5.840118E+01  7.404169E+01  8.516340E+01  9.198962E+01
  9.576935E+01  9.770615E+01  3.419753E+00  3.407791E+00  3.530881E+00  3.646778E+00  3.883521E+00  4.333557E+00  5.268725E+00  7.129450E+00
  1.070083E+01  1.739471E+01  2.859216E+01  4.419341E+01  6.118768E+01  7.579808E+01  8.616650E+01  9.253139E+01  9.605531E+01  9.786085E+01
  4.042436E+00  4.033181E+00  4.191471E+00  4.347187E+00  4.639285E+00  5.227309E+00  6.419891E+00  8.780663E+00  1.321579E+01  2.115759E+01
  3.345075E+01  4.895296E+01  6.469038E+01  7.798888E+01  8.741760E+01  9.320699E+01  9.641196E+01  9.805384E+01  5.142663E+00  5.127673E+00
  5.353515E+00  5.574434E+00  6.002284E+00  6.846469E+00  8.529584E+00  1.178156E+01  1.763334E+01  2.726249E+01  4.037680E+01  5.490844E+01
  6.885445E+01  8.058326E+01  8.889937E+01  9.400723E+01  9.683451E+01  9.828263E+01  7.340807E+00  7.319720E+00  7.713387E+00  8.079849E+00
  8.792549E+00  1.019602E+01  1.290718E+01  1.785582E+01  2.588596E+01  3.710201E+01  4.960265E+01  6.191141E+01  7.365463E+01  8.357558E+01
  9.060847E+01  9.493040E+01  9.732195E+01  9.854659E+01  1.346786E+01  1.341996E+01  1.428073E+01  1.507073E+01  1.661537E+01  1.947395E+01
  2.448561E+01  3.223491E+01  4.190013E+01  5.160506E+01  6.066328E+01  6.998262E+01  7.920323E+01  8.703230E+01  9.258351E+01  9.599695E+01
  9.788535E+01  9.885203E+01  4.978121E+01  4.970425E+01  5.059768E+01  5.126482E+01  5.217748E+01  5.355985E+01  5.537099E+01  5.779517E+01
  6.122718E+01  6.579173E+01  7.156884E+01  7.807934E+01  8.475140E+01  9.047842E+01  9.455117E+01  9.705880E+01  9.844701E+01  9.915852E+01
  2.638459E+00  2.634614E+00  2.713875E+00  2.793585E+00  2.946504E+00  3.261054E+00  3.887127E+00  5.164528E+00  7.668118E+00  1.256468E+01
  2.160378E+01  3.613247E+01  5.453604E+01  7.151991E+01  8.371355E+01  9.118812E+01  9.532541E+01  9.743044E+01  2.678107E+00  2.674553E+00
  2.757864E+00  2.840598E+00  2.995494E+00  3.310852E+00  3.953856E+00  5.265109E+00  7.816599E+00  1.280834E+01  2.197214E+01  3.659414E+01
  5.494494E+01  7.178498E+01  8.386519E+01  9.127015E+01  9.536890E+01  9.745428E+01  2.802979E+00  2.799090E+00  2.885626E+00  2.974065E+00
  3.142599E+00  3.485880E+00  4.173004E+00  5.572366E+00  8.292472E+00  1.356756E+01  2.312032E+01  3.800563E+01  5.616775E+01  7.257417E+01
  8.431664E+01  9.151429E+01  9.549818E+01  9.752524E+01  3.035494E+00  3.029424E+00  3.129243E+00  3.225130E+00  3.415791E+00  3.806790E+00
  4.576846E+00  6.145571E+00  9.175566E+00  1.497237E+01  2.519265E+01  4.044193E+01  5.819308E+01  7.386777E+01  8.505618E+01  9.191427E+01
  9.571012E+01  9.764151E+01  3.419753E+00  3.413810E+00  3.530557E+00  3.645984E+00  3.880408E+00  4.331621E+00  5.255109E+00  7.105729E+00
  1.065386E+01  1.728685E+01  2.845242E+01  4.400149E+01  6.099107E+01  7.563445E+01  8.606669E+01  9.246080E+01  9.599963E+01  9.780038E+01
  4.042436E+00  4.038146E+00  4.189816E+00  4.346338E+00  4.637319E+00  5.223881E+00  6.399271E+00  8.743798E+00  1.314771E+01  2.101828E+01
  3.329399E+01  4.876873E+01  6.451035E+01  7.783878E+01  8.732686E+01  9.314240E+01  9.636081E+01  9.799865E+01  5.142663E+00  5.133981E+00
  5.352512E+00  5.569139E+00  5.993708E+00  6.834198E+00  8.497576E+00  1.172420E+01  1.752974E+01  2.708151E+01  4.021161E+01  5.473856E+01
  6.869386E+01  8.044848E+01  8.881930E+01  9.394968E+01  9.678872E+01  9.823367E+01  7.340807E+00  7.330253E+00  7.710975E+00  8.072723E+00
  8.778378E+00  1.017392E+01  1.284242E+01  1.774759E+01  2.572832E+01  3.689175E+01  4.945869E+01  6.176612E+01  7.351562E+01  8.345692E+01
  9.053983E+01  9.488054E+01  9.728230E+01  9.850489E+01  1.346786E+01  1.344620E+01  1.426846E+01  1.505309E+01  1.658202E+01  1.941307E+01
  2.434626E+01  3.206729E+01  4.171513E+01  5.143202E+01  6.057185E+01  6.986114E+01  7.908635E+01  8.693471E+01  9.252874E+01  9.595670E+01
  9.785309E+01  9.881879E+01  4.978121E+01  4.971849E+01  5.058321E+01  5.126866E+01  5.214736E+01  5.357688E+01  5.526928E+01  5.773935E+01
  6.121352E+01  6.568230E+01  7.151933E+01  7.797816E+01  8.466553E+01  9.040891E+01  9.450858E+01  9.702861E+01  9.842526E+01  9.913479E+01
  2.638459E+00  2.640595E+00  2.714421E+00  2.793433E+00  2.944601E+00  3.259167E+00  3.879711E+00  5.144595E+00  7.637596E+00  1.247248E+01
  2.145587E+01  3.588877E+01  5.425343E+01  7.128743E+01  8.356826E+01  9.108480E+01  9.525661E+01  9.736125E+01  2.678107E+00  2.680596E+00
  2.758098E+00  2.840443E+00  2.993727E+00  3.308405E+00  3.947183E+00  5.244335E+00  7.786523E+00  1.271111E+01  2.181979E+01  3.634870E+01
  5.466453E+01  7.155462E+01  8.372117E+01  9.116769E+01  9.530067E+01  9.738571E+01  2.802979E+00  2.804682E+00  2.886491E+00  2.974986E+00
  3.140949E+00  3.482657E+00  4.164164E+00  5.548171E+00  8.258257E+00  1.346215E+01  2.295848E+01  3.775390E+01  5.589130E+01  7.234979E+01
  8.417686E+01  9.141437E+01  9.543184E+01  9.745849E+01  3.035494E+00  3.037586E+00  3.129093E+00  3.224630E+00  3.413200E+00  3.801300E+00
  4.564595E+00  6.116221E+00  9.132605E+00  1.485153E+01  2.501242E+01  4.018410E+01  5.792475E+01  7.365349E+01  8.492345E+01  9.181866E+01
  9.564681E+01  9.757779E+01  3.419753E+00  3.420721E+00  3.530473E+00  3.644541E+00  3.874830E+00  4.323735E+00  5.237905E+00  7.067181E+00
  1.059754E+01  1.713894E+01  2.824690E+01  4.374014E+01  6.073671E+01  7.543389E+01  8.594305E+01  9.237096E+01  9.594049E+01  9.774080E+01
  4.042436E+00  4.047109E+00  4.190795E+00  4.341972E+00  4.630963E+00  5.214149E+00  6.378674E+00  8.689972E+00  1.306142E+01  2.082969E+01
  3.306086E+01  4.851067E+01  6.427567E+01  7.765462E+01  8.721504E+01  9.305984E+01  9.630680E+01  9.794427E+01  5.142663E+00  5.147343E+00
  5.351824E+00  5.566464E+00  5.982158E+00  6.814260E+00  8.457800E+00  1.163871E+01  1.739656E+01  2.683907E+01  3.995829E+01  5.449982E+01
  6.848410E+01  8.028391E+01  8.872061E+01  9.387545E+01  9.674081E+01  9.818542E+01  7.340807E+00  7.346284E+00  7.707256E+00  8.066890E+00
  8.755599E+00  1.012931E+01  1.276761E+01  1.759282E+01  2.552340E+01  3.660247E+01  4.922826E+01  6.156285E+01  7.333243E+01  8.331403E+01
  9.045582E+01  9.481585E+01  9.724127E+01  9.846365E+01  1.346786E+01  1.347995E+01  1.425897E+01  1.502870E+01  1.652806E+01  1.931857E+01
  2.418481E+01  3.181290E+01  4.148290E+01  5.119622E+01  6.040094E+01  6.969403E+01  7.893340E+01  8.681593E+01  9.246027E+01  9.590275E+01
  9.782014E+01  9.878585E+01  4.978121E+01  4.981192E+01  5.059809E+01  5.125405E+01  5.210410E+01  5.348858E+01  5.520449E+01  5.766846E+01
  6.109599E+01  6.560825E+01  7.140569E+01  7.783534E+01  8.454204E+01  9.032648E+01  9.445578E+01  9.699081E+01  9.839886E+01  9.911217E+01
  2.638459E+00  2.639271E+00  2.713788E+00  2.791631E+00  2.942902E+00  3.254679E+00  3.869713E+00  5.119167E+00  7.590735E+00  1.238545E+01
  2.123235E+01  3.559375E+01  5.391081E+01  7.101707E+01  8.337071E+01  9.097622E+01  9.517311E+01  9.728195E+01  2.678107E+00  2.679868E+00
  2.757444E+00  2.838260E+00  2.992917E+00  3.303851E+00  3.936852E+00  5.216540E+00  7.737772E+00  1.262136E+01  2.159205E+01  3.605040E+01
  5.432312E+01  7.128691E+01  8.352544E+01  9.106019E+01  9.521797E+01  9.730712E+01  2.802979E+00  2.805061E+00  2.884360E+00  2.972082E+00
  3.139333E+00  3.478547E+00  4.150116E+00  5.519431E+00  8.202367E+00  1.336417E+01  2.271674E+01  3.744724E+01  5.555569E+01  7.208968E+01
  8.398625E+01  9.130998E+01  9.535128E+01  9.738202E+01  3.035494E+00  3.037892E+00  3.128250E+00  3.221992E+00  3.411788E+00  3.794859E+00
  4.547929E+00  6.080784E+00  9.067214E+00  1.473502E+01  2.474668E+01  3.986756E+01  5.759898E+01  7.340434E+01  8.474096E+01  9.171950E+01
  9.556987E+01  9.750481E+01  3.419753E+00  3.421042E+00  3.528565E+00  3.641990E+00  3.871972E+00  4.314880E+00  5.220623E+00  7.022300E+00
  1.051260E+01  1.699045E+01  2.794601E+01  4.341640E+01  6.042774E+01  7.520290E+01  8.577238E+01  9.227895E+01  9.586852E+01  9.767259E+01
  4.042436E+00  4.045495E+00  4.188123E+00  4.337549E+00  4.626043E+00  5.201425E+00  6.347949E+00  8.625719E+00  1.294325E+01  2.063377E+01
  3.271582E+01  4.819104E+01  6.399093E+01  7.744467E+01  8.705785E+01  9.297651E+01  9.624104E+01  9.788200E+01  5.142663E+00  5.144775E+00
  5.349066E+00  5.557248E+00  5.970319E+00  6.791214E+00  8.406774E+00  1.153040E+01  1.721899E+01  2.658020E+01  3.959134E+01  5.420594E+01
  6.822972E+01  8.009725E+01  8.857974E+01  9.380232E+01  9.668219E+01  9.813022E+01  7.340807E+00  7.350266E+00  7.700328E+00  8.047199E+00
  8.730769E+00  1.007257E+01  1.266987E+01  1.741057E+01  2.525534E+01  3.629256E+01  4.887525E+01  6.131063E+01  7.311218E+01  8.315384E+01
  9.033304E+01  9.475410E+01  9.719092E+01  9.841653E+01  1.346786E+01  1.347085E+01  1.424390E+01  1.498705E+01  1.646379E+01  1.919372E+01
  2.398857E+01  3.152392E+01  4.117832E+01  5.093423E+01  6.011399E+01  6.948933E+01  7.874900E+01  8.668350E+01  9.235944E+01  9.585403E+01
  9.777888E+01  9.874781E+01  4.978121E+01  4.978727E+01  5.058282E+01  5.121552E+01  5.208467E+01  5.345319E+01  5.516319E+01  5.759475E+01
  6.098650E+01  6.542999E+01  7.117619E+01  7.771075E+01  8.441460E+01  9.023066E+01  9.439040E+01  9.695842E+01  9.837319E+01  9.908228E+01
  2.638459E+00  2.639795E+00  2.713271E+00  2.790508E+00  2.939989E+00  3.251046E+00  3.858011E+00  5.105881E+00  7.554514E+00  1.232291E+01
  2.107533E+01  3.530438E+01  5.354673E+01  7.072740E+01  8.316745E+01  9.085129E+01  9.509004E+01  9.720493E+01  2.678107E+00  2.680057E+00
  2.756470E+00  2.838053E+00  2.989887E+00  3.300976E+00  3.924857E+00  5.203289E+00  7.699801E+00  1.255674E+01  2.143025E+01  3.575803E+01
  5.395984E+01  7.099988E+01  8.332424E+01  9.093644E+01  9.513559E+01  9.723079E+01  2.802979E+00  2.805712E+00  2.884444E+00  2.971901E+00
  3.135072E+00  3.474444E+00  4.136547E+00  5.503520E+00  8.159636E+00  1.329101E+01  2.254191E+01  3.714770E+01  5.519908E+01  7.181068E+01
  8.379019E+01  9.118961E+01  9.527122E+01  9.730775E+01  3.035494E+00  3.037953E+00  3.127499E+00  3.220544E+00  3.407948E+00  3.790104E+00
  4.533343E+00  6.059163E+00  9.014524E+00  1.464524E+01  2.455045E+01  3.955807E+01  5.725281E+01  7.313837E+01  8.455377E+01  9.160458E+01
  9.549344E+01  9.743392E+01  3.419753E+00  3.421480E+00  3.527499E+00  3.640622E+00  3.867017E+00  4.308374E+00  5.199475E+00  6.993920E+00
  1.044180E+01  1.687268E+01  2.771955E+01  4.309964E+01  6.010006E+01  7.495509E+01  8.559696E+01  9.217130E+01  9.579709E+01  9.760635E+01
  4.042436E+00  4.044064E+00  4.187212E+00  4.333060E+00  4.619105E+00  5.190548E+00  6.317310E+00  8.577191E+00  1.283784E+01  2.047004E+01
  3.245825E+01  4.788055E+01  6.368840E+01  7.721864E+01  8.689713E+01  9.287814E+01  9.617581E+01  9.782156E+01  5.142663E+00  5.144682E+00
  5.345761E+00  5.552706E+00  5.956930E+00  6.770674E+00  8.352453E+00  1.144906E+01  1.705342E+01  2.635913E+01  3.931300E+01  5.392234E+01
  6.795983E+01  7.989754E+01  8.843612E+01  9.371481E+01  9.662447E+01  9.807661E+01  7.340807E+00  7.346179E+00  7.692253E+00  8.034785E+00
  8.705069E+00  1.002581E+01  1.256372E+01  1.725807E+01  2.500208E+01  3.602520E+01  4.862858E+01  6.107073E+01  7.287931E+01  8.298158E+01
  9.020847E+01  9.467870E+01  9.714143E+01  9.837074E+01  1.346786E+01  1.347201E+01  1.422717E+01  1.495318E+01  1.638961E+01  1.907572E+01
  2.378912E+01  3.126271E+01  4.088544E+01  5.073684E+01  5.994667E+01  6.929625E+01  7.855614E+01  8.654410E+01  9.225621E+01  9.579221E+01
  9.773946E+01  9.871107E+01  4.978121E+01  4.982901E+01  5.056665E+01  5.117027E+01  5.206402E+01  5.338436E+01  5.508936E+01  5.756686E+01
  6.083667E+01  6.534722E+01  7.104396E+01  7.756295E+01  8.426898E+01  9.012694E+01  9.431277E+01  9.691728E+01  9.834558E+01  9.905599E+01
  2.638459E+00  2.637258E+00  2.712228E+00  2.783358E+00  2.930839E+00  3.228539E+00  3.818532E+00  4.996665E+00  7.342983E+00  1.190429E+01
  2.023997E+01  3.383731E+01  5.179614E+01  6.924343E+01  8.220274E+01  9.026884E+01  9.475420E+01  9.699676E+01  2.678107E+00  2.677123E+00
  2.754613E+00  2.830221E+00  2.979103E+00  3.278392E+00  3.886971E+00  5.087636E+00  7.479041E+00  1.212288E+01  2.057467E+01  3.427542E+01
  5.221457E+01  6.952877E+01  8.236777E+01  9.035928E+01  9.480280E+01  9.702450E+01  2.802979E+00  2.803720E+00  2.882556E+00  2.963057E+00
  3.124215E+00  3.449655E+00  4.093241E+00  5.373548E+00  7.913397E+00  1.280925E+01  2.162308E+01  3.561984E+01  5.347353E+01  7.037886E+01
  8.286080E+01  9.062842E+01  9.494748E+01  9.710703E+01  3.035494E+00  3.034257E+00  3.125583E+00  3.211818E+00  3.391223E+00  3.756513E+00
  4.476254E+00  5.905339E+00  8.718125E+00  1.407607E+01  2.352125E+01  3.796680E+01  5.557519E+01  7.177229E+01  8.366872E+01  9.106937E+01
  9.518465E+01  9.724236E+01  3.419753E+00  3.420005E+00  3.524662E+00  3.628208E+00  3.843022E+00  4.265769E+00  5.116638E+00  6.786753E+00
  1.005483E+01  1.616236E+01  2.652661E+01  4.145723E+01  5.850617E+01  7.367815E+01  8.477168E+01  9.167180E+01  9.550867E+01  9.742728E+01
  4.042436E+00  4.042751E+00  4.181252E+00  4.316007E+00  4.588955E+00  5.125296E+00  6.191048E+00  8.281417E+00  1.229030E+01  1.953066E+01
  3.107360E+01  4.624200E+01  6.222190E+01  7.605381E+01  8.614615E+01  9.242254E+01  9.591259E+01  9.765799E+01  5.142663E+00  5.140621E+00
  5.335185E+00  5.520613E+00  5.899295E+00  6.646888E+00  8.130944E+00  1.096712E+01  1.621810E+01  2.508772E+01  3.778210E+01  5.239189E+01
  6.665579E+01  7.886122E+01  8.777067E+01  9.331059E+01  9.639044E+01  9.793112E+01  7.340807E+00  7.339379E+00  7.663989E+00  7.973157E+00
  8.581129E+00  9.785790E+00  1.211191E+01  1.640525E+01  2.371113E+01  3.446280E+01  4.718533E+01  5.977308E+01  7.175318E+01  8.208740E+01
  8.963773E+01  9.433085E+01  9.694019E+01  9.824555E+01  1.346786E+01  1.346023E+01  1.414632E+01  1.477686E+01  1.608741E+01  1.850893E+01
  2.284108E+01  2.984684E+01  3.929956E+01  4.945449E+01  5.890771E+01  6.824483E+01  7.762708E+01  8.580933E+01  9.179061E+01  9.550822E+01
  9.757531E+01  9.860897E+01  4.978121E+01  4.976933E+01  5.048557E+01  5.100292E+01  5.187368E+01  5.320379E+01  5.483037E+01  5.716811E+01
  6.031567E+01  6.478436E+01  7.042249E+01  7.680441E+01  8.360941E+01  8.961105E+01  9.397632E+01  9.671248E+01  9.822762E+01  9.898164E+01
  2.638459E+00  2.641450E+00  2.710272E+00  2.781988E+00  2.923767E+00  3.221269E+00  3.802577E+00  4.961050E+00  7.268239E+00  1.174742E+01
  1.994050E+01  3.333932E+01  5.117059E+01  6.870235E+01  8.182523E+01  9.003868E+01  9.461649E+01  9.688765E+01  2.678107E+00  2.681151E+00
  2.752957E+00  2.827584E+00  2.972180E+00  3.270364E+00  3.868198E+00  5.052407E+00  7.400819E+00  1.196208E+01  2.026856E+01  3.377118E+01
  5.158965E+01  6.899270E+01  8.199393E+01  9.013117E+01  9.466641E+01  9.691637E+01  2.802979E+00  2.806025E+00  2.880767E+00  2.961083E+00
  3.116294E+00  3.439903E+00  4.075607E+00  5.334605E+00  7.828215E+00  1.263203E+01  2.129433E+01  3.509983E+01  5.285528E+01  6.985564E+01
  8.249677E+01  9.040613E+01  9.481482E+01  9.700180E+01  3.035494E+00  3.037418E+00  3.124342E+00  3.209503E+00  3.381086E+00  3.742682E+00
  4.452342E+00  5.857419E+00  8.613093E+00  1.386911E+01  2.315301E+01  3.742236E+01  5.496965E+01  7.127283E+01  8.332092E+01  9.085722E+01
  9.505817E+01  9.714191E+01  3.419753E+00  3.424011E+00  3.522592E+00  3.625311E+00  3.830634E+00  4.251432E+00  5.086213E+00  6.724399E+00
  9.926099E+00  1.590616E+01  2.610210E+01  4.089090E+01  5.792407E+01  7.321124E+01  8.444609E+01  9.147306E+01  9.539057E+01  9.733342E+01
  4.042436E+00  4.048191E+00  4.177130E+00  4.310949E+00  4.573505E+00  5.101653E+00  6.142013E+00  8.191808E+00  1.210546E+01  1.919714E+01
  3.057745E+01  4.566787E+01  6.168509E+01  7.562708E+01  8.584750E+01  9.224051E+01  9.580499E+01  9.757227E+01  5.142663E+00  5.146468E+00
  5.327523E+00  5.510532E+00  5.871193E+00  6.606734E+00  8.050022E+00  1.081445E+01  1.593747E+01  2.463731E+01  3.722332E+01  5.185033E+01
  6.617773E+01  7.848121E+01  8.750366E+01  9.314799E+01  9.629515E+01  9.785500E+01  7.340807E+00  7.349533E+00  7.647799E+00  7.954691E+00
  8.532647E+00  9.711563E+00  1.196612E+01  1.612995E+01  2.326607E+01  3.389082E+01  4.664278E+01  5.931051E+01  7.133800E+01  8.175763E+01
  8.940648E+01  9.418999E+01  9.685851E+01  9.818031E+01  1.346786E+01  1.347742E+01  1.411061E+01  1.472561E+01  1.597853E+01  1.833017E+01
  2.253663E+01  2.936841E+01  3.874895E+01  4.895739E+01  5.850822E+01  6.787402E+01  7.728016E+01  8.553676E+01  9.159972E+01  9.539257E+01
  9.750891E+01  9.855640E+01  4.978121E+01  4.982349E+01  5.042557E+01  5.099268E+01  5.175861E+01  5.315489E+01  5.473117E+01  5.697796E+01
  6.010785E+01  6.451640E+01  7.018235E+01  7.652180E+01  8.338711E+01  8.940601E+01  9.385642E+01  9.663112E+01  9.817962E+01  9.894493E+01
  2.638459E+00  2.637905E+00  2.710857E+00  2.779581E+00  2.919485E+00  3.210778E+00  3.784827E+00  4.921628E+00  7.187657E+00  1.159339E+01
  1.960062E+01  3.279147E+01  5.049429E+01  6.812049E+01  8.143170E+01  8.980139E+01  9.446423E+01  9.677578E+01  2.678107E+00  2.677507E+00
  2.752596E+00  2.825668E+00  2.967531E+00  3.261083E+00  3.850226E+00  5.010651E+00  7.320623E+00  1.180066E+01  1.992195E+01  3.321701E+01
  5.091608E+01  6.841595E+01  8.160449E+01  8.989612E+01  9.451540E+01  9.680550E+01  2.802979E+00  2.801421E+00  2.880320E+00  2.958359E+00
  3.111058E+00  3.425739E+00  4.055241E+00  5.289408E+00  7.735716E+00  1.245687E+01  2.092341E+01  3.452867E+01  5.218586E+01  6.929366E+01
  8.211769E+01  9.017762E+01  9.466784E+01  9.689393E+01  3.035494E+00  3.034222E+00  3.123537E+00  3.206289E+00  3.375905E+00  3.729217E+00
  4.426459E+00  5.802064E+00  8.505379E+00  1.366548E+01  2.274038E+01  3.682460E+01  5.431551E+01  7.073618E+01  8.295990E+01  9.063954E+01
  9.491769E+01  9.703896E+01  3.419753E+00  3.418942E+00  3.521771E+00  3.622737E+00  3.823442E+00  4.235514E+00  5.053308E+00  6.655137E+00
  9.783930E+00  1.565335E+01  2.562877E+01  4.026540E+01  5.729873E+01  7.270937E+01  8.410927E+01  9.127000E+01  9.525903E+01  9.723717E+01
  4.042436E+00  4.042033E+00  4.175841E+00  4.306221E+00  4.560959E+00  5.076844E+00  6.095190E+00  8.090594E+00  1.191718E+01  1.886738E+01
  3.002555E+01  4.503424E+01  6.110814E+01  7.516909E+01  8.554068E+01  9.205570E+01  9.568453E+01  9.748441E+01  5.142663E+00  5.140615E+00
  5.325431E+00  5.500803E+00  5.852312E+00  6.564325E+00  7.968096E+00  1.065908E+01  1.565252E+01  2.419960E+01  3.659513E+01  5.124596E+01
  6.566476E+01  7.807339E+01  8.723124E+01  9.298424E+01  9.618754E+01  9.777702E+01  7.340807E+00  7.340262E+00  7.636063E+00  7.934481E+00
  8.491371E+00  9.617778E+00  1.180773E+01  1.585374E+01  2.281965E+01  3.332956E+01  4.601788E+01  5.879253E+01  7.089843E+01  8.140717E+01
  8.917201E+01  9.405022E+01  9.676537E+01  9.811343E+01  1.346786E+01  1.346660E+01  1.409306E+01  1.467859E+01  1.587860E+01  1.813914E+01
  2.221544E+01  2.887803E+01  3.817017E+01  4.848385E+01  5.804280E+01  6.745461E+01  7.692053E+01  8.524583E+01  9.140808E+01  9.527980E+01
  9.743262E+01  9.850203E+01  4.978121E+01  4.974396E+01  5.041096E+01  5.092760E+01  5.167332E+01  5.306547E+01  5.464720E+01  5.678757E+01
  5.995778E+01  6.434493E+01  6.988029E+01  7.624962E+01  8.313625E+01  8.919906E+01  9.371423E+01  9.654668E+01  9.812486E+01  9.890559E+01
  2.638459E+00  2.640686E+00  2.708173E+00  2.779507E+00  2.918905E+00  3.203902E+00  3.775788E+00  4.904295E+00  7.167610E+00  1.150363E+01
  1.949754E+01  3.258817E+01  5.020437E+01  6.788744E+01  8.127006E+01  8.969679E+01  9.439311E+01  9.670978E+01  2.678107E+00  2.680818E+00
  2.751020E+00  2.825655E+00  2.966531E+00  3.255343E+00  3.841503E+00  4.990799E+00  7.299531E+00  1.170892E+01  1.981645E+01  3.301144E+01
  5.062733E+01  6.818482E+01  8.144430E+01  8.979213E+01  9.444495E+01  9.674008E+01  2.802979E+00  2.804635E+00  2.879119E+00  2.958989E+00
  3.109962E+00  3.419790E+00  4.044373E+00  5.269402E+00  7.711379E+00  1.235949E+01  2.081021E+01  3.431611E+01  5.189851E+01  6.906847E+01
  8.196203E+01  9.007649E+01  9.459927E+01  9.683025E+01  3.035494E+00  3.036604E+00  3.121617E+00  3.206393E+00  3.374859E+00  3.720844E+00
  4.413861E+00  5.775670E+00  8.475608E+00  1.355489E+01  2.261323E+01  3.660260E+01  5.403236E+01  7.052055E+01  8.281126E+01  9.054288E+01
  9.485223E+01  9.697810E+01  3.419753E+00  3.421137E+00  3.518809E+00  3.622468E+00  3.820760E+00  4.224476E+00  5.035997E+00  6.625146E+00
  9.744864E+00  1.552118E+01  2.547910E+01  4.003177E+01  5.702497E+01  7.250771E+01  8.397009E+01  9.117937E+01  9.519785E+01  9.718020E+01
  4.042436E+00  4.044532E+00  4.172220E+00  4.304773E+00  4.558135E+00  5.062728E+00  6.074048E+00  8.046595E+00  1.186153E+01  1.870461E+01
  2.984922E+01  4.479813E+01  6.085031E+01  7.498384E+01  8.541389E+01  9.197275E+01  9.562868E+01  9.743233E+01  5.142663E+00  5.145854E+00
  5.320137E+00  5.497989E+00  5.848507E+00  6.544374E+00  7.934626E+00  1.059346E+01  1.556184E+01  2.398276E+01  3.639201E+01  5.102025E+01
  6.543147E+01  7.790797E+01  8.711833E+01  9.290987E+01  9.613803E+01  9.773074E+01  7.340807E+00  7.347702E+00  7.631176E+00  7.926677E+00
  8.478378E+00  9.583246E+00  1.174612E+01  1.573409E+01  2.268054E+01  3.305470E+01  4.581776E+01  5.859789E+01  7.069713E+01  8.126305E+01
  8.907500E+01  9.398565E+01  9.672292E+01  9.807369E+01  1.346786E+01  1.347721E+01  1.407321E+01  1.465788E+01  1.585107E+01  1.805621E+01
  2.208592E+01  2.869343E+01  3.798789E+01  4.822440E+01  5.790046E+01  6.730175E+01  7.674710E+01  8.512794E+01  9.132942E+01  9.522601E+01
  9.739791E+01  9.847004E+01  4.978121E+01  4.984239E+01  5.041220E+01  5.092468E+01  5.170483E+01  5.300805E+01  5.460970E+01  5.665753E+01
  5.999813E+01  6.419931E+01  6.978067E+01  7.614244E+01  8.300520E+01  8.910232E+01  9.365211E+01  9.651340E+01  9.810016E+01  9.888305E+01
  2.638459E+00  2.639566E+00  2.708966E+00  2.779792E+00  2.921756E+00  3.207778E+00  3.784904E+00  4.915462E+00  7.193813E+00  1.158452E+01
  1.958156E+01  3.276325E+01  5.047021E+01  6.809184E+01  8.139472E+01  8.977218E+01  9.441723E+01  9.669315E+01  2.678107E+00  2.679851E+00
  2.751590E+00  2.825569E+00  2.969841E+00  3.258072E+00  3.850612E+00  5.004395E+00  7.327473E+00  1.179194E+01  1.990281E+01  3.318885E+01
  5.089188E+01  6.838745E+01  8.156760E+01  8.986707E+01  9.446884E+01  9.672358E+01  2.802979E+00  2.805213E+00  2.879171E+00  2.958675E+00
  3.113031E+00  3.422280E+00  4.055438E+00  5.282614E+00  7.742799E+00  1.244703E+01  2.090316E+01  3.449941E+01  5.216185E+01  6.926577E+01
  8.208149E+01  9.014925E+01  9.462243E+01  9.681416E+01  3.035494E+00  3.037862E+00  3.121526E+00  3.206409E+00  3.378938E+00  3.725327E+00
  4.427063E+00  5.794614E+00  8.511559E+00  1.365531E+01  2.271892E+01  3.679370E+01  5.429057E+01  7.070924E+01  8.292444E+01  9.061230E+01
  9.487421E+01  9.696271E+01  3.419753E+00  3.421587E+00  3.520217E+00  3.621929E+00  3.825752E+00  4.231213E+00  5.052530E+00  6.646411E+00
  9.790512E+00  1.564067E+01  2.560482E+01  4.023218E+01  5.727471E+01  7.268387E+01  8.407491E+01  9.124437E+01  9.521825E+01  9.716576E+01
  4.042436E+00  4.045916E+00  4.172941E+00  4.305441E+00  4.563857E+00  5.070811E+00  6.094690E+00  8.080257E+00  1.192255E+01  1.885323E+01
  2.999948E+01  4.500015E+01  6.108442E+01  7.514496E+01  8.550818E+01  9.203210E+01  9.564718E+01  9.741910E+01  5.142663E+00  5.143493E+00
  5.321944E+00  5.500282E+00  5.857362E+00  6.557751E+00  7.966981E+00  1.064480E+01  1.565711E+01  2.418200E+01  3.656681E+01  5.121088E+01
  6.564254E+01  7.805153E+01  8.720094E+01  9.296298E+01  9.615423E+01  9.771901E+01  7.340807E+00  7.346257E+00  7.633321E+00  7.933944E+00
  8.498758E+00  9.609288E+00  1.180381E+01  1.583390E+01  2.282598E+01  3.330855E+01  4.598897E+01  5.875734E+01  7.087861E+01  8.138753E+01
  8.914458E+01  9.403184E+01  9.673698E+01  9.806384E+01  1.346786E+01  1.347476E+01  1.408039E+01  1.467373E+01  1.588906E+01  1.811907E+01
  2.220936E+01  2.884749E+01  3.818034E+01  4.846610E+01  5.801988E+01  6.742268E+01  7.690297E+01  8.522910E+01  9.138531E+01  9.526484E+01
  9.740961E+01  9.846254E+01  4.978121E+01  4.981147E+01  5.040140E+01  5.095080E+01  5.173067E+01  5.301876E+01  5.465888E+01  5.676396E+01
  5.997547E+01  6.433950E+01  6.985501E+01  7.622872E+01  8.311865E+01  8.918037E+01  9.370100E+01  9.653876E+01  9.810745E+01  9.887697E+01
  2.638459E+00  2.638957E+00  2.709031E+00  2.779856E+00  2.924185E+00  3.211027E+00  3.789021E+00  4.926628E+00  7.209403E+00  1.164198E+01
  1.971335E+01  3.297799E+01  5.070275E+01  6.830718E+01  8.153436E+01  8.984114E+01  9.443873E+01  9.667233E+01  2.678107E+00  2.678330E+00
  2.751710E+00  2.825493E+00  2.971646E+00  3.260981E+00  3.854085E+00  5.016685E+00  7.342105E+00  1.185066E+01  2.003770E+01  3.340484E+01
  5.112416E+01  6.860119E+01  8.170598E+01  8.993541E+01  9.449011E+01  9.670293E+01  2.802979E+00  2.804451E+00  2.879454E+00  2.959549E+00
  3.114944E+00  3.427309E+00  4.059573E+00  5.296867E+00  7.761529E+00  1.251124E+01  2.104617E+01  3.472258E+01  5.239197E+01  6.947407E+01
  8.221619E+01  9.021569E+01  9.464307E+01  9.679400E+01  3.035494E+00  3.035638E+00  3.122706E+00  3.207397E+00  3.380404E+00  3.730420E+00
  4.433001E+00  5.810522E+00  8.535694E+00  1.372715E+01  2.287640E+01  3.702768E+01  5.451569E+01  7.090909E+01  8.305330E+01  9.067543E+01
  9.489381E+01  9.694339E+01  3.419753E+00  3.420453E+00  3.520244E+00  3.623805E+00  3.828940E+00  4.236496E+00  5.062355E+00  6.667869E+00
  9.824260E+00  1.573362E+01  2.578281E+01  4.047676E+01  5.748969E+01  7.287175E+01  8.419595E+01  9.130313E+01  9.523650E+01  9.714761E+01
  4.042436E+00  4.044472E+00  4.174635E+00  4.306303E+00  4.570101E+00  5.079582E+00  6.107162E+00  8.115170E+00  1.197247E+01  1.897006E+01
  3.020539E+01  4.524968E+01  6.128318E+01  7.531760E+01  8.561900E+01  9.208543E+01  9.566370E+01  9.740246E+01  5.142663E+00  5.142995E+00
  5.323298E+00  5.502724E+00  5.864667E+00  6.572299E+00  7.989343E+00  1.069677E+01  1.573701E+01  2.433372E+01  3.679919E+01  5.145437E+01
  6.581860E+01  7.820673E+01  8.730024E+01  9.301012E+01  9.616888E+01  9.770419E+01  7.340807E+00  7.343277E+00  7.640359E+00  7.937429E+00
  8.513069E+00  9.636823E+00  1.185245E+01  1.592006E+01  2.295201E+01  3.350702E+01  4.622092E+01  5.897316E+01  7.102901E+01  8.152193E+01
  8.923117E+01  9.407220E+01  9.674951E+01  9.805126E+01  1.346786E+01  1.347025E+01  1.409353E+01  1.468805E+01  1.592589E+01  1.818318E+01
  2.230842E+01  2.900414E+01  3.834526E+01  4.863951E+01  5.819828E+01  6.760593E+01  7.702686E+01  8.534193E+01  9.145666E+01  9.529782E+01
  9.742035E+01  9.845300E+01  4.978121E+01  4.978622E+01  5.042188E+01  5.095002E+01  5.176821E+01  5.304670E+01  5.465147E+01  5.680727E+01
  6.000088E+01  6.443310E+01  6.998367E+01  7.635660E+01  8.321158E+01  8.926622E+01  9.374922E+01  9.655941E+01  9.811567E+01  9.886954E+01
  2.638459E+00  2.638024E+00  2.710073E+00  2.780538E+00  2.921880E+00  3.215815E+00  3.796659E+00  4.950585E+00  7.238388E+00  1.168440E+01
  1.981520E+01  3.316523E+01  5.093160E+01  6.848495E+01  8.166280E+01  8.990451E+01  9.446135E+01  9.664901E+01  2.678107E+00  2.678637E+00
  2.752799E+00  2.826527E+00  2.969720E+00  3.265090E+00  3.861141E+00  5.042231E+00  7.372433E+00  1.189579E+01  2.014239E+01  3.359461E+01
  5.135229E+01  6.877716E+01  8.183308E+01  8.999818E+01  9.451253E+01  9.667979E+01  2.802979E+00  2.802370E+00  2.880461E+00  2.960711E+00
  3.114299E+00  3.432955E+00  4.067770E+00  5.323166E+00  7.795662E+00  1.256061E+01  2.115876E+01  3.491667E+01  5.261944E+01  6.964500E+01
  8.233986E+01  9.027665E+01  9.466492E+01  9.677145E+01  3.035494E+00  3.036179E+00  3.123711E+00  3.208035E+00  3.378888E+00  3.734864E+00
  4.442594E+00  5.842725E+00  8.576257E+00  1.378668E+01  2.300100E+01  3.723010E+01  5.473990E+01  7.107132E+01  8.317106E+01  9.073338E+01
  9.491479E+01  9.692178E+01  3.419753E+00  3.420132E+00  3.522104E+00  3.624012E+00  3.827288E+00  4.243909E+00  5.075135E+00  6.705264E+00
  9.876110E+00  1.580620E+01  2.592788E+01  4.068876E+01  5.770613E+01  7.302206E+01  8.430568E+01  9.135695E+01  9.525620E+01  9.712734E+01
  4.042436E+00  4.042712E+00  4.176616E+00  4.308752E+00  4.569414E+00  5.089725E+00  6.124425E+00  8.162531E+00  1.203973E+01  1.906685E+01
  3.037664E+01  4.546222E+01  6.148523E+01  7.545349E+01  8.571906E+01  9.213421E+01  9.568193E+01  9.738387E+01  5.142663E+00  5.142435E+00
  5.326511E+00  5.505973E+00  5.865594E+00  6.588334E+00  8.021789E+00  1.076776E+01  1.583738E+01  2.446687E+01  3.699633E+01  5.165528E+01
  6.600229E+01  7.832572E+01  8.738918E+01  9.305322E+01  9.618555E+01  9.768770E+01  7.340807E+00  7.340685E+00  7.644331E+00  7.943607E+00
  8.518147E+00  9.670074E+00  1.190820E+01  1.603833E+01  2.310777E+01  3.368075E+01  4.641936E+01  5.914468E+01  7.119061E+01  8.162219E+01
  8.930727E+01  9.410888E+01  9.676455E+01  9.803741E+01  1.346786E+01  1.346481E+01  1.410477E+01  1.470295E+01  1.594099E+01  1.825197E+01
  2.242690E+01  2.920849E+01  3.854164E+01  4.878171E+01  5.834008E+01  6.774431E+01  7.716408E+01  8.542419E+01  9.151913E+01  9.532661E+01
  9.743359E+01  9.844196E+01  4.978121E+01  4.977982E+01  5.042171E+01  5.094640E+01  5.173846E+01  5.307758E+01  5.470131E+01  5.693974E+01
  6.006172E+01  6.448016E+01  7.005865E+01  7.645737E+01  8.329006E+01  8.933088E+01  9.379263E+01  9.658252E+01  9.812529E+01  9.886092E+01
  2.638459E+00  2.636080E+00  2.710571E+00  2.783171E+00  2.924334E+00  3.220016E+00  3.799267E+00  4.959154E+00  7.258312E+00  1.175315E+01
  1.993559E+01  3.331551E+01  5.113944E+01  6.866805E+01  8.178134E+01  8.996563E+01  9.447591E+01  9.662603E+01  2.678107E+00  2.675614E+00
  2.752923E+00  2.829227E+00  2.972553E+00  3.270161E+00  3.864188E+00  5.050086E+00  7.390835E+00  1.196749E+01  2.026404E+01  3.374727E+01
  5.155936E+01  6.895838E+01  8.195031E+01  9.005869E+01  9.452694E+01  9.665702E+01  2.802979E+00  2.800697E+00  2.881283E+00  2.962672E+00
  3.116781E+00  3.439271E+00  4.071852E+00  5.332386E+00  7.817403E+00  1.263793E+01  2.128889E+01  3.507492E+01  5.282398E+01  6.982206E+01
  8.245399E+01  9.033531E+01  9.467881E+01  9.674928E+01  3.035494E+00  3.031721E+00  3.124136E+00  3.211122E+00  3.381328E+00  3.742522E+00
  4.447600E+00  5.854984E+00  8.601478E+00  1.387528E+01  2.314669E+01  3.739643E+01  5.493870E+01  7.124044E+01  8.327971E+01  9.078916E+01
  9.492780E+01  9.690057E+01  3.419753E+00  3.414633E+00  3.522716E+00  3.627780E+00  3.831425E+00  4.250223E+00  5.080600E+00  6.721932E+00
  9.911851E+00  1.591188E+01  2.609400E+01  4.086312E+01  5.789444E+01  7.318024E+01  8.440684E+01  9.140885E+01  9.526807E+01  9.710750E+01
  4.042436E+00  4.040167E+00  4.177202E+00  4.312802E+00  4.574400E+00  5.100385E+00  6.135736E+00  8.187213E+00  1.208957E+01  1.920365E+01
  3.056706E+01  4.563966E+01  6.165638E+01  7.559824E+01  8.581109E+01  9.218130E+01  9.569253E+01  9.736577E+01  5.142663E+00  5.135538E+00
  5.328025E+00  5.512630E+00  5.872449E+00  6.605897E+00  8.042197E+00  1.080976E+01  1.591771E+01  2.464571E+01  3.720916E+01  5.182188E+01
  6.615021E+01  7.845531E+01  8.747055E+01  9.309484E+01  9.619464E+01  9.767177E+01  7.340807E+00  7.335422E+00  7.648195E+00  7.956272E+00
  8.533132E+00  9.706277E+00  1.195434E+01  1.612257E+01  2.323801E+01  3.389914E+01  4.662626E+01  5.928394E+01  7.131396E+01  8.173499E+01
  8.937763E+01  9.414445E+01  9.677229E+01  9.802407E+01  1.346786E+01  1.345167E+01  1.411351E+01  1.472751E+01  1.598228E+01  1.832299E+01
  2.251773E+01  2.935583E+01  3.871388E+01  4.897337E+01  5.849307E+01  6.785084E+01  7.726013E+01  8.551733E+01  9.157698E+01  9.535603E+01
  9.743989E+01  9.843166E+01  4.978121E+01  4.971600E+01  5.043480E+01  5.100341E+01  5.176342E+01  5.312185E+01  5.473088E+01  5.695969E+01
  6.009855E+01  6.450955E+01  7.015428E+01  7.651745E+01  8.336745E+01  8.938988E+01  9.384016E+01  9.660435E+01  9.813011E+01  9.885385E+01
  2.638459E+00  2.640035E+00  2.710966E+00  2.784081E+00  2.926941E+00  3.223507E+00  3.808093E+00  4.971569E+00  7.279498E+00  1.180959E+01
  2.002790E+01  3.348131E+01  5.133914E+01  6.885455E+01  8.191272E+01  9.002792E+01  9.448775E+01  9.660267E+01  2.678107E+00  2.679490E+00
  2.753706E+00  2.830216E+00  2.975152E+00  3.274206E+00  3.874990E+00  5.063100E+00  7.412975E+00  1.202563E+01  2.035826E+01  3.391489E+01
  5.175857E+01  6.914297E+01  8.208067E+01  9.012042E+01  9.453859E+01  9.663387E+01  2.802979E+00  2.804166E+00  2.881837E+00  2.964215E+00
  3.119851E+00  3.443144E+00  4.081022E+00  5.347677E+00  7.842433E+00  1.270126E+01  2.139086E+01  3.524831E+01  5.302188E+01  7.000191E+01
  8.258104E+01  9.039529E+01  9.468999E+01  9.672672E+01  3.035494E+00  3.037049E+00  3.124474E+00  3.212276E+00  3.384732E+00  3.747019E+00
  4.460191E+00  5.872437E+00  8.631126E+00  1.395009E+01  2.326149E+01  3.757895E+01  5.513268E+01  7.141263E+01  8.340108E+01  9.084630E+01
  9.493820E+01  9.687902E+01  3.419753E+00  3.421133E+00  3.522070E+00  3.628686E+00  3.835415E+00  4.256188E+00  5.094999E+00  6.743531E+00
  9.951194E+00  1.600307E+01  2.622734E+01  4.105358E+01  5.808213E+01  7.334155E+01  8.452124E+01  9.146218E+01  9.527744E+01  9.708729E+01
  4.042436E+00  4.045591E+00  4.178563E+00  4.315976E+00  4.580055E+00  5.108452E+00  6.159747E+00  8.218362E+00  1.214627E+01  1.932212E+01
  3.072538E+01  4.583360E+01  6.182750E+01  7.574579E+01  8.591669E+01  9.222984E+01  9.570070E+01  9.734732E+01  5.142663E+00  5.143655E+00
  5.330021E+00  5.517403E+00  5.881219E+00  6.619138E+00  8.076019E+00  1.086330E+01  1.600414E+01  2.480258E+01  3.738833E+01  5.200727E+01
  6.630219E+01  7.858669E+01  8.756573E+01  9.313810E+01  9.620152E+01  9.765543E+01  7.340807E+00  7.345951E+00  7.654804E+00  7.963266E+00
  8.548930E+00  9.735788E+00  1.201230E+01  1.621413E+01  2.338024E+01  3.410036E+01  4.680276E+01  5.944361E+01  7.144366E+01  8.184964E+01
  8.946060E+01  9.418145E+01  9.677792E+01  9.801038E+01  1.346786E+01  1.347262E+01  1.412106E+01  1.475251E+01  1.601404E+01  1.838775E+01
  2.263133E+01  2.952339E+01  3.888755E+01  4.915021E+01  5.862088E+01  6.798451E+01  7.736729E+01  8.561392E+01  9.164603E+01  9.538647E+01
  9.744418E+01  9.842110E+01  4.978121E+01  4.980839E+01  5.046193E+01  5.102797E+01  5.181988E+01  5.314917E+01  5.477769E+01  5.702356E+01
  6.015310E+01  6.460013E+01  7.026335E+01  7.663340E+01  8.344539E+01  8.946426E+01  9.388374E+01  9.662943E+01  9.813397E+01  9.884663E+01
  2.638459E+00  2.643471E+00  2.710043E+00  2.783979E+00  2.928630E+00  3.225135E+00  3.812540E+00  4.983172E+00  7.311538E+00  1.187300E+01
  2.011369E+01  3.368130E+01  5.154921E+01  6.904577E+01  8.201220E+01  9.008410E+01  9.450316E+01  9.657948E+01  2.678107E+00  2.681741E+00
  2.752500E+00  2.830651E+00  2.977009E+00  3.275172E+00  3.879238E+00  5.073551E+00  7.446678E+00  1.209050E+01  2.044611E+01  3.411703E+01
  5.196824E+01  6.933276E+01  8.217926E+01  9.017593E+01  9.455381E+01  9.661089E+01  2.802979E+00  2.807649E+00  2.881968E+00  2.963813E+00
  3.122340E+00  3.446065E+00  4.086139E+00  5.358359E+00  7.878102E+00  1.277159E+01  2.148505E+01  3.545680E+01  5.322957E+01  7.018813E+01
  8.267645E+01  9.044925E+01  9.470477E+01  9.670433E+01  3.035494E+00  3.039887E+00  3.124076E+00  3.212378E+00  3.387381E+00  3.750338E+00
  4.465743E+00  5.886777E+00  8.673872E+00  1.403210E+01  2.336948E+01  3.779738E+01  5.533567E+01  7.158996E+01  8.349157E+01  9.089764E+01
  9.495229E+01  9.685763E+01  3.419753E+00  3.425082E+00  3.522578E+00  3.629406E+00  3.838568E+00  4.259457E+00  5.102719E+00  6.762731E+00
  1.000279E+01  1.610167E+01  2.635261E+01  4.128168E+01  5.827605E+01  7.350761E+01  8.460474E+01  9.150997E+01  9.529049E+01  9.706725E+01
  4.042436E+00  4.050513E+00  4.177802E+00  4.315856E+00  4.583834E+00  5.116752E+00  6.173553E+00  8.245963E+00  1.221783E+01  1.944615E+01
  3.087160E+01  4.606730E+01  6.200668E+01  7.589825E+01  8.599152E+01  9.227324E+01  9.571259E+01  9.732901E+01  5.142663E+00  5.150094E+00
  5.330144E+00  5.519812E+00  5.889664E+00  6.631572E+00  8.100410E+00  1.091213E+01  1.611219E+01  2.496978E+01  3.755604E+01  5.223141E+01
  6.646259E+01  7.872372E+01  8.763103E+01  9.317641E+01  9.621219E+01  9.763929E+01  7.340807E+00  7.353163E+00  7.656529E+00  7.968213E+00
  8.566226E+00  9.758882E+00  1.205954E+01  1.630177E+01  2.354387E+01  3.431134E+01  4.696071E+01  5.964404E+01  7.158315E+01  8.197000E+01
  8.951586E+01  9.421458E+01  9.678727E+01  9.799681E+01  1.346786E+01  1.348759E+01  1.412709E+01  1.476745E+01  1.605279E+01  1.844481E+01
  2.273293E+01  2.967628E+01  3.909949E+01  4.933816E+01  5.872625E+01  6.815272E+01  7.748540E+01  8.571568E+01  9.169089E+01  9.541393E+01
  9.745235E+01  9.841080E+01  4.978121E+01  4.981337E+01  5.044989E+01  5.101010E+01  5.185371E+01  5.316376E+01  5.480693E+01  5.705012E+01
  6.024550E+01  6.469788E+01  7.029598E+01  7.672401E+01  8.351847E+01  8.953685E+01  9.391763E+01  9.664745E+01  9.814037E+01  9.883921E+01
  2.638459E+00  2.635094E+00  2.712308E+00  2.783821E+00  2.928448E+00  3.226578E+00  3.817879E+00  4.995958E+00  7.339942E+00  1.190376E+01
  2.022744E+01  3.379898E+01  5.176456E+01  6.919831E+01  8.212835E+01  9.014120E+01  9.451575E+01  9.655218E+01  2.678107E+00  2.675591E+00
  2.754658E+00  2.830708E+00  2.977140E+00  3.276545E+00  3.886025E+00  5.087451E+00  7.475654E+00  1.212268E+01  2.056188E+01  3.423716E+01
  5.218283E+01  6.948394E+01  8.229385E+01  9.023250E+01  9.456630E+01  9.658380E+01  2.802979E+00  2.799440E+00  2.882920E+00  2.964211E+00
  3.122667E+00  3.447991E+00  4.092744E+00  5.373168E+00  7.909358E+00  1.280902E+01  2.160952E+01  3.558080E+01  5.344279E+01  7.033483E+01
  8.278803E+01  9.050426E+01  9.471689E+01  9.667795E+01  3.035494E+00  3.029771E+00  3.125853E+00  3.211623E+00  3.387951E+00  3.753778E+00
  4.474331E+00  5.904906E+00  8.714331E+00  1.407588E+01  2.350727E+01  3.792682E+01  5.554559E+01  7.172932E+01  8.359826E+01  9.094993E+01
  9.496382E+01  9.683241E+01  3.419753E+00  3.413109E+00  3.524853E+00  3.629282E+00  3.840758E+00  4.264112E+00  5.114584E+00  6.786094E+00
  1.005125E+01  1.616028E+01  2.651146E+01  4.141587E+01  5.847797E+01  7.363685E+01  8.470459E+01  9.155895E+01  9.530127E+01  9.704364E+01
  4.042436E+00  4.039054E+00  4.180689E+00  4.316356E+00  4.585673E+00  5.122763E+00  6.189441E+00  8.280437E+00  1.228520E+01  1.952852E+01
  3.105700E+01  4.620037E+01  6.219632E+01  7.601479E+01  8.608342E+01  9.231789E+01  9.572243E+01  9.730745E+01  5.142663E+00  5.133051E+00
  5.334270E+00  5.521478E+00  5.892737E+00  6.643535E+00  8.126851E+00  1.096616E+01  1.621102E+01  2.508606E+01  3.776404E+01  5.235001E+01
  6.663420E+01  7.882587E+01  8.771346E+01  9.321632E+01  9.622105E+01  9.762027E+01  7.340807E+00  7.335168E+00  7.663545E+00  7.975177E+00
  8.575305E+00  9.783995E+00  1.211027E+01  1.640347E+01  2.370388E+01  3.446112E+01  4.716794E+01  5.973281E+01  7.173605E+01  8.205634E+01
  8.958775E+01  9.424937E+01  9.679530E+01  9.798079E+01  1.346786E+01  1.345761E+01  1.414545E+01  1.478333E+01  1.607565E+01  1.850418E+01
  2.283944E+01  2.984430E+01  3.929365E+01  4.945304E+01  5.889081E+01  6.820649E+01  7.761401E+01  8.578382E+01  9.175032E+01  9.544322E+01
  9.745950E+01  9.839854E+01  4.978121E+01  4.971218E+01  5.048661E+01  5.101925E+01  5.185603E+01  5.319006E+01  5.483703E+01  5.715429E+01
  6.033002E+01  6.477697E+01  7.039425E+01  7.676501E+01  8.360353E+01  8.959359E+01  9.394993E+01  9.666936E+01  9.814503E+01  9.883081E+01
  2.638459E+00  2.635008E+00  2.711125E+00  2.783105E+00  2.929425E+00  3.226822E+00  3.816020E+00  4.986495E+00  7.315345E+00  1.186446E+01
  2.017952E+01  3.374771E+01  5.165753E+01  6.912634E+01  8.207027E+01  9.009601E+01  9.447478E+01  9.649632E+01  2.678107E+00  2.675594E+00
  2.753692E+00  2.830384E+00  2.977566E+00  3.277201E+00  3.884273E+00  5.078629E+00  7.450491E+00  1.208313E+01  2.051304E+01  3.418413E+01
  5.207598E+01  6.941247E+01  8.223627E+01  9.018771E+01  9.452570E+01  9.652843E+01  2.802979E+00  2.799644E+00  2.881462E+00  2.963369E+00
  3.124146E+00  3.448610E+00  4.090510E+00  5.363488E+00  7.883279E+00  1.276595E+01  2.155625E+01  3.552568E+01  5.333651E+01  7.026550E+01
  8.273192E+01  9.046055E+01  9.467736E+01  9.662402E+01  3.035494E+00  3.031209E+00  3.124738E+00  3.211991E+00  3.388881E+00  3.754470E+00
  4.471610E+00  5.893116E+00  8.682289E+00  1.402841E+01  2.344912E+01  3.786903E+01  5.544082E+01  7.166344E+01  8.354457E+01  9.090819E+01
  9.492607E+01  9.678085E+01  3.419753E+00  3.414646E+00  3.523344E+00  3.628207E+00  3.840570E+00  4.263633E+00  5.109227E+00  6.771752E+00
  1.001613E+01  1.610414E+01  2.644418E+01  4.135584E+01  5.837647E+01  7.357576E+01  8.465456E+01  9.151955E+01  9.526603E+01  9.699538E+01
  4.042436E+00  4.038374E+00  4.178979E+00  4.315698E+00  4.585950E+00  5.121996E+00  6.183475E+00  8.261689E+00  1.223850E+01  1.945900E+01
  3.097872E+01  4.613976E+01  6.210014E+01  7.595969E+01  8.603741E+01  9.228173E+01  9.569022E+01  9.726331E+01  5.142663E+00  5.134829E+00
  5.331967E+00  5.520211E+00  5.893354E+00  6.640483E+00  8.116036E+00  1.093747E+01  1.614888E+01  2.499798E+01  3.767694E+01  5.229570E+01
  6.654565E+01  7.877756E+01  8.767220E+01  9.318373E+01  9.619243E+01  9.758104E+01  7.340807E+00  7.331921E+00  7.659520E+00  7.969309E+00
  8.574732E+00  9.776366E+00  1.209046E+01  1.635017E+01  2.360722E+01  3.435041E+01  4.708249E+01  5.969082E+01  7.165614E+01  8.201550E+01
  8.955199E+01  9.422084E+01  9.677081E+01  9.794723E+01  1.346786E+01  1.345086E+01  1.413460E+01  1.477323E+01  1.606784E+01  1.848584E+01
  2.279557E+01  2.975989E+01  3.917434E+01  4.935209E+01  5.882516E+01  6.817910E+01  7.754411E+01  8.575201E+01  9.172133E+01  9.541941E+01
  9.743993E+01  9.837160E+01  4.978121E+01  4.973067E+01  5.044525E+01  5.102922E+01  5.186729E+01  5.319131E+01  5.482429E+01  5.709787E+01
  6.026638E+01  6.469411E+01  7.035344E+01  7.674249E+01  8.354185E+01  8.956358E+01  9.393460E+01  9.665189E+01  9.812961E+01  9.881010E+01
  2.638459E+00  2.638315E+00  2.710256E+00  2.782709E+00  2.926932E+00  3.223247E+00  3.810387E+00  4.973640E+00  7.288636E+00  1.183036E+01
  2.003170E+01  3.353331E+01  5.140392E+01  6.890920E+01  8.190895E+01  8.999651E+01  9.440223E+01  9.642808E+01  2.678107E+00  2.678298E+00
  2.752493E+00  2.828428E+00  2.975154E+00  3.273735E+00  3.876832E+00  5.065278E+00  7.423005E+00  1.204768E+01  2.036252E+01  3.396779E+01
  5.182305E+01  6.919713E+01  8.207677E+01  9.008917E+01  9.445379E+01  9.646080E+01  2.802979E+00  2.803218E+00  2.881740E+00  2.961922E+00
  3.120639E+00  3.443511E+00  4.083134E+00  5.350286E+00  7.852175E+00  1.272441E+01  2.139626E+01  3.530338E+01  5.308603E+01  7.005605E+01
  8.257654E+01  9.036460E+01  9.460731E+01  9.655816E+01  3.035494E+00  3.036330E+00  3.123991E+00  3.211090E+00  3.384765E+00  3.747093E+00
  4.463355E+00  5.875697E+00  8.642451E+00  1.397713E+01  2.327013E+01  3.763640E+01  5.519635E+01  7.146348E+01  8.339587E+01  9.081657E+01
  9.485902E+01  9.671793E+01  3.419753E+00  3.420453E+00  3.521697E+00  3.626572E+00  3.835575E+00  4.256098E+00  5.098743E+00  6.749232E+00
  9.965965E+00  1.603600E+01  2.624117E+01  4.111487E+01  5.814341E+01  7.338941E+01  8.451464E+01  9.143378E+01  9.520319E+01  9.693648E+01
  4.042436E+00  4.043458E+00  4.177442E+00  4.313429E+00  4.579889E+00  5.109388E+00  6.166135E+00  8.227942E+00  1.216843E+01  1.936344E+01
  3.074581E+01  4.589700E+01  6.188554E+01  7.579006E+01  8.590874E+01  9.220335E+01  9.563255E+01  9.720941E+01  5.142663E+00  5.142325E+00
  5.329072E+00  5.515032E+00  5.882557E+00  6.621997E+00  8.084824E+00  1.087784E+01  1.603970E+01  2.485772E+01  3.741491E+01  5.206681E+01
  6.635588E+01  7.862709E+01  8.755679E+01  9.311391E+01  9.614102E+01  9.753305E+01  7.340807E+00  7.340797E+00  7.653177E+00  7.961743E+00
  8.553770E+00  9.742060E+00  1.202994E+01  1.624148E+01  2.343344E+01  3.417083E+01  4.682542E+01  5.949598E+01  7.149212E+01  8.188590E+01
  8.945130E+01  9.416068E+01  9.672620E+01  9.790611E+01  1.346786E+01  1.346259E+01  1.411762E+01  1.474648E+01  1.602566E+01  1.840371E+01
  2.267123E+01  2.957143E+01  3.895592E+01  4.921688E+01  5.862910E+01  6.802754E+01  7.740926E+01  8.564554E+01  9.163773E+01  9.536988E+01
  9.740306E+01  9.833840E+01  4.978121E+01  4.979284E+01  5.044748E+01  5.101834E+01  5.183429E+01  5.313483E+01  5.478369E+01  5.702513E+01
  6.018972E+01  6.464574E+01  7.024551E+01  7.664249E+01  8.347347E+01  8.948374E+01  9.388564E+01  9.661835E+01  9.810368E+01  9.878575E+01
  2.638459E+00  2.639240E+00  2.710559E+00  2.781205E+00  2.926532E+00  3.220330E+00  3.802052E+00  4.961558E+00  7.255290E+00  1.174849E+01
  1.992905E+01  3.332765E+01  5.115501E+01  6.865923E+01  8.175895E+01  8.990173E+01  9.433308E+01  9.636082E+01  2.678107E+00  2.678321E+00
  2.752435E+00  2.827203E+00  2.974688E+00  3.269921E+00  3.867643E+00  5.052985E+00  7.387851E+00  1.196275E+01  2.025746E+01  3.375987E+01
  5.157510E+01  6.894964E+01  8.192796E+01  8.999529E+01  9.438531E+01  9.639412E+01  2.802979E+00  2.803635E+00  2.881391E+00  2.961526E+00
  3.119724E+00  3.439289E+00  4.075243E+00  5.335326E+00  7.815391E+00  1.263359E+01  2.128359E+01  3.508853E+01  5.284004E+01  6.981319E+01
  8.243217E+01  9.027343E+01  9.454068E+01  9.649322E+01  3.035494E+00  3.036170E+00  3.123921E+00  3.209455E+00  3.383723E+00  3.741737E+00
  4.452008E+00  5.858120E+00  8.599587E+00  1.387104E+01  2.314176E+01  3.741313E+01  5.495573E+01  7.123145E+01  8.325862E+01  9.072975E+01
  9.479549E+01  9.665591E+01  3.419753E+00  3.419631E+00  3.522256E+00  3.625099E+00  3.833679E+00  4.250941E+00  5.085264E+00  6.725644E+00
  9.910630E+00  1.590927E+01  2.609067E+01  4.088246E+01  5.791206E+01  7.317115E+01  8.438683E+01  9.135283E+01  9.514384E+01  9.687843E+01
  4.042436E+00  4.044218E+00  4.176963E+00  4.311024E+00  4.578096E+00  5.101333E+00  6.141912E+00  8.193460E+00  1.208905E+01  1.920291E+01
  3.056705E+01  4.566169E+01  6.167448E+01  7.558912E+01  8.579266E+01  9.212973E+01  9.557845E+01  9.715634E+01  5.142663E+00  5.140593E+00
  5.327355E+00  5.510291E+00  5.876484E+00  6.607162E+00  8.050655E+00  1.081837E+01  1.592055E+01  2.464856E+01  3.721307E+01  5.184732E+01
  6.616884E+01  7.844637E+01  8.745416E+01  9.304887E+01  9.609315E+01  9.748585E+01  7.340807E+00  7.344222E+00  7.647097E+00  7.953797E+00
  8.539395E+00  9.708704E+00  1.196673E+01  1.613639E+01  2.324729E+01  3.390979E+01  4.663236E+01  5.931075E+01  7.133263E+01  8.172637E+01
  8.936364E+01  9.410545E+01  9.668529E+01  9.786561E+01  1.346786E+01  1.346952E+01  1.411368E+01  1.472800E+01  1.599400E+01  1.833059E+01
  2.254049E+01  2.937766E+01  3.872695E+01  4.898176E+01  5.849753E+01  6.787876E+01  7.727880E+01  8.551057E+01  9.156612E+01  9.532528E+01
  9.737016E+01  9.830558E+01  4.978121E+01  4.981739E+01  5.043671E+01  5.097720E+01  5.180593E+01  5.312916E+01  5.472627E+01  5.697980E+01
  6.009910E+01  6.452428E+01  7.016884E+01  7.653386E+01  8.338353E+01  8.938436E+01  9.383208E+01  9.658209E+01  9.808094E+01  9.876112E+01
  2.638459E+00  2.642945E+00  2.711233E+00  2.783141E+00  2.922786E+00  3.215738E+00  3.793521E+00  4.941566E+00  7.224281E+00  1.167208E+01
  1.977788E+01  3.310872E+01  5.087691E+01  6.842408E+01  8.158742E+01  8.979170E+01  9.425630E+01  9.629304E+01  2.678107E+00  2.680985E+00
  2.753931E+00  2.829431E+00  2.970232E+00  3.265857E+00  3.858165E+00  5.031943E+00  7.358175E+00  1.188303E+01  2.010424E+01  3.353890E+01
  5.129758E+01  6.871675E+01  8.175824E+01  8.988622E+01  9.430914E+01  9.632693E+01  2.802979E+00  2.807424E+00  2.881151E+00  2.963222E+00
  3.115360E+00  3.433649E+00  4.064923E+00  5.312714E+00  7.780638E+00  1.254682E+01  2.111929E+01  3.486023E+01  5.256549E+01  6.958593E+01
  8.226646E+01  9.016702E+01  9.446645E+01  9.642781E+01  3.035494E+00  3.038805E+00  3.124485E+00  3.211351E+00  3.380155E+00  3.735987E+00
  4.438920E+00  5.830445E+00  8.560014E+00  1.377209E+01  2.296037E+01  3.717297E+01  5.468725E+01  7.101439E+01  8.310027E+01  9.062797E+01
  9.472446E+01  9.659343E+01  3.419753E+00  3.424031E+00  3.522752E+00  3.627518E+00  3.827957E+00  4.244065E+00  5.070984E+00  6.692722E+00
  9.858070E+00  1.578955E+01  2.588391E+01  4.062946E+01  5.765564E+01  7.296827E+01  8.423849E+01  9.125727E+01  9.507716E+01  9.681993E+01
  4.042436E+00  4.049640E+00  4.177720E+00  4.312929E+00  4.570142E+00  5.090225E+00  6.119704E+00  8.148271E+00  1.201714E+01  1.904703E+01
  3.032911E+01  4.540375E+01  6.143796E+01  7.540371E+01  8.565650E+01  9.204205E+01  9.551721E+01  9.710292E+01  5.142663E+00  5.148058E+00
  5.327413E+00  5.510595E+00  5.865011E+00  6.588810E+00  8.015749E+00  1.074897E+01  1.580951E+01  2.444399E+01  3.694504E+01  5.159893E+01
  6.596000E+01  7.828107E+01  8.733234E+01  9.297021E+01  9.603835E+01  9.743832E+01  7.340807E+00  7.353450E+00  7.644336E+00  7.951166E+00
  8.520654E+00  9.672700E+00  1.189781E+01  1.601223E+01  2.306976E+01  3.365123E+01  4.636663E+01  5.909423E+01  7.115394E+01  8.158398E+01
  8.925819E+01  9.403727E+01  9.663781E+01  9.782488E+01  1.346786E+01  1.348789E+01  1.411021E+01  1.471848E+01  1.594471E+01  1.825223E+01
  2.240846E+01  2.916665E+01  3.849292E+01  4.875722E+01  5.830090E+01  6.769909E+01  7.713523E+01  8.539279E+01  9.147934E+01  9.526934E+01
  9.733108E+01  9.827251E+01  4.978121E+01  4.982287E+01  5.042123E+01  5.099475E+01  5.174176E+01  5.309716E+01  5.471059E+01  5.688469E+01
  6.003219E+01  6.445451E+01  7.002602E+01  7.642796E+01  8.327628E+01  8.931420E+01  9.376450E+01  9.654044E+01  9.804926E+01  9.873728E+01
  4.941068E+00  4.995961E+00  5.087884E+00  5.338068E+00  5.704370E+00  6.513587E+00  8.145675E+00  1.115619E+01  1.601530E+01  2.382466E+01
  3.536776E+01  4.996695E+01  6.550797E+01  7.859402E+01  8.787068E+01  9.348679E+01  9.660715E+01  9.824527E+01  4.941068E+00  4.689355E+00
  5.129530E+00  5.318035E+00  5.698156E+00  6.477937E+00  8.051491E+00  1.080330E+01  1.565259E+01  2.330490E+01  3.479962E+01  4.922237E+01
  6.474867E+01  7.804078E+01  8.748588E+01  9.326431E+01  9.647086E+01  9.814190E+01  4.941068E+00  4.790941E+00  5.087212E+00  5.334996E+00
  5.705171E+00  6.452866E+00  7.937576E+00  1.077014E+01  1.546053E+01  2.308859E+01  3.450752E+01  4.887617E+01  6.440746E+01  7.780904E+01
  8.732362E+01  9.317210E+01  9.640765E+01  9.808295E+01  4.941068E+00  4.809172E+00  5.055279E+00  5.277216E+00  5.671715E+00  6.387614E+00
  7.937009E+00  1.070728E+01  1.532195E+01  2.295235E+01  3.431548E+01  4.865746E+01  6.421226E+01  7.764577E+01  8.722002E+01  9.309909E+01
  9.635725E+01  9.802634E+01  4.941068E+00  4.862475E+00  5.067280E+00  5.308034E+00  5.650939E+00  6.410423E+00  7.868936E+00  1.068752E+01
  1.530972E+01  2.281991E+01  3.416215E+01  4.846429E+01  6.403513E+01  7.749877E+01  8.713026E+01  9.303609E+01  9.630741E+01  9.797192E+01
  4.941068E+00  4.979697E+00  5.114392E+00  5.335546E+00  5.620525E+00  6.402409E+00  7.860510E+00  1.061954E+01  1.520929E+01  2.267036E+01
  3.396976E+01  4.820687E+01  6.377974E+01  7.731332E+01  8.701058E+01  9.295298E+01  9.625085E+01  9.791812E+01  4.941068E+00  4.999184E+00
  5.078295E+00  5.275347E+00  5.600521E+00  6.389910E+00  7.819028E+00  1.053757E+01  1.510275E+01  2.240802E+01  3.363723E+01  4.793751E+01
  6.351489E+01  7.710314E+01  8.685655E+01  9.286980E+01  9.618700E+01  9.785351E+01  4.941068E+00  4.992133E+00  5.079703E+00  5.293482E+00
  5.627763E+00  6.375510E+00  7.754676E+00  1.051641E+01  1.497598E+01  2.230757E+01  3.340291E+01  4.763546E+01  6.318309E+01  7.687951E+01
  8.669180E+01  9.277194E+01  9.612238E+01  9.779114E+01  4.941068E+00  4.951812E+00  5.105056E+00  5.205731E+00  5.556784E+00  6.343906E+00
  7.639996E+00  1.009416E+01  1.437029E+01  2.145616E+01  3.219536E+01  4.613452E+01  6.172991E+01  7.569986E+01  8.592838E+01  9.231383E+01
  9.586012E+01  9.762436E+01  4.941068E+00  4.957399E+00  5.073618E+00  5.180676E+00  5.432058E+00  6.353168E+00  7.570509E+00  9.969796E+00
  1.411077E+01  2.112208E+01  3.172728E+01  4.559114E+01  6.120636E+01  7.526949E+01  8.563703E+01  9.213248E+01  9.575124E+01  9.753886E+01
  4.941068E+00  4.946938E+00  5.087739E+00  5.216245E+00  5.425148E+00  6.277044E+00  7.500121E+00  9.751003E+00  1.395868E+01  2.083552E+01
  3.120684E+01  4.499035E+01  6.064617E+01  7.480056E+01  8.532626E+01  9.194665E+01  9.562598E+01  9.744977E+01  4.941068E+00  5.011252E+00
  5.096766E+00  5.227629E+00  5.500182E+00  6.221439E+00  7.459260E+00  9.644490E+00  1.392820E+01  2.062749E+01  3.108001E+01  4.481176E+01
  6.037860E+01  7.461251E+01  8.520262E+01  9.186360E+01  9.556846E+01  9.739696E+01  4.941068E+00  4.954663E+00  5.058671E+00  5.204314E+00
  5.505780E+00  6.232373E+00  7.527307E+00  9.730850E+00  1.397218E+01  2.082903E+01  3.118693E+01  4.496441E+01  6.062348E+01  7.477245E+01
  8.530225E+01  9.192366E+01  9.558617E+01  9.738310E+01  4.941068E+00  4.918024E+00  5.101392E+00  5.185439E+00  5.540576E+00  6.241623E+00
  7.484664E+00  9.762235E+00  1.398790E+01  2.092841E+01  3.135100E+01  4.519321E+01  6.081445E+01  7.494752E+01  8.540726E+01  9.197797E+01
  9.560606E+01  9.736722E+01  4.941068E+00  4.919005E+00  5.077394E+00  5.193985E+00  5.472092E+00  6.266269E+00  7.576678E+00  9.925941E+00
  1.405963E+01  2.102667E+01  3.149084E+01  4.544299E+01  6.099809E+01  7.508913E+01  8.550442E+01  9.202574E+01  9.562458E+01  9.734827E+01
  4.941068E+00  4.841488E+00  5.068537E+00  5.216850E+00  5.447023E+00  6.324584E+00  7.559026E+00  9.943069E+00  1.409052E+01  2.113069E+01
  3.169189E+01  4.557663E+01  6.117756E+01  7.523429E+01  8.560316E+01  9.207423E+01  9.563511E+01  9.732999E+01  4.941068E+00  4.951432E+00
  5.105851E+00  5.257337E+00  5.500347E+00  6.331552E+00  7.615737E+00  9.971568E+00  1.417662E+01  2.124386E+01  3.190158E+01  4.578383E+01
  6.134493E+01  7.538834E+01  8.570338E+01  9.212505E+01  9.564288E+01  9.731107E+01  4.941068E+00  4.963877E+00  5.063742E+00  5.246249E+00
  5.551879E+00  6.315293E+00  7.622292E+00  9.993636E+00  1.427459E+01  2.140684E+01  3.200991E+01  4.597224E+01  6.151793E+01  7.553818E+01
  8.578351E+01  9.216763E+01  9.565630E+01  9.729288E+01  4.941068E+00  4.823555E+00  5.102499E+00  5.251946E+00  5.514017E+00  6.319562E+00
  7.654963E+00  1.009570E+01  1.436905E+01  2.145929E+01  3.216753E+01  4.608274E+01  6.170834E+01  7.565958E+01  8.587169E+01  9.221098E+01
  9.566650E+01  9.727252E+01  4.941068E+00  4.868681E+00  5.040847E+00  5.256413E+00  5.542645E+00  6.341685E+00  7.633707E+00  1.003063E+01
  1.430656E+01  2.137103E+01  3.209333E+01  4.603870E+01  6.160307E+01  7.560072E+01  8.582720E+01  9.217726E+01  9.563290E+01  9.722750E+01
  4.941068E+00  4.945957E+00  5.065868E+00  5.210107E+00  5.517353E+00  6.329658E+00  7.615866E+00  9.982583E+00  1.417440E+01  2.131674E+01
  3.189794E+01  4.583859E+01  6.139562E+01  7.543249E+01  8.570560E+01  9.210041E+01  9.557418E+01  9.717250E+01  4.941068E+00  5.001954E+00
  5.070896E+00  5.219198E+00  5.501933E+00  6.323977E+00  7.584913E+00  9.980097E+00  1.409238E+01  2.115071E+01  3.170343E+01  4.558673E+01
  6.119767E+01  7.522516E+01  8.558632E+01  9.202399E+01  9.552109E+01  9.711918E+01  4.941068E+00  4.954391E+00  5.071575E+00  5.277658E+00
  5.465237E+00  6.293622E+00  7.572125E+00  9.865093E+00  1.404582E+01  2.099698E+01  3.144491E+01  4.537124E+01  6.095633E+01  7.503856E+01
  8.545010E+01  9.193826E+01  9.545586E+01  9.706445E+01
