  6.336874E-01
          18 10.0000000
 -2.000000E+01 -1.000000E+01 -2.107210E+00 -1.806180E+00 -1.505150E+00 -1.204120E+00 -9.030900E-01 -6.020600E-01 -3.010300E-01  0.000000E+00
  3.010300E-01  6.020600E-01  9.030900E-01  1.204120E+00  1.505150E+00  1.806180E+00  2.107210E+00  2.408240E+00
          10 10.0000000
  0.000000E+00  1.000000E+01  2.000000E+01  3.000000E+01  4.000000E+01  5.000000E+01  6.000000E+01  7.000000E+01  8.000000E+01  8.900000E+01
          23  4.0000000
  4.000000E+00  8.000000E+00  1.200000E+01  1.600000E+01  2.000000E+01  2.400000E+01  2.800000E+01  3.200000E+01  3.600000E+01  4.000000E+01
  4.400000E+01  4.800000E+01  5.200000E+01  5.600000E+01  6.000000E+01  6.400000E+01  6.800000E+01  7.200000E+01  7.600000E+01  8.000000E+01
  8.400000E+01  8.800000E+01  9.200000E+01
  2.637310E+00  2.640036E+00  2.722779E+00  2.803325E+00  2.960905E+00  3.282091E+00  3.942932E+00  5.263966E+00  7.885849E+00  1.305834E+01
  2.254209E+01  3.771150E+01  5.628631E+01  7.291208E+01  8.463837E+01  9.175759E+01  9.570634E+01  9.777744E+01  2.675772E+00  2.679140E+00
  2.765862E+00  2.849295E+00  3.009482E+00  3.334979E+00  4.012384E+00  5.365181E+00  8.046433E+00  1.331514E+01  2.293332E+01  3.818734E+01
  5.668424E+01  7.316454E+01  8.478154E+01  9.183439E+01  9.574632E+01  9.779815E+01  2.803200E+00  2.805707E+00  2.894789E+00  2.985484E+00
  3.158648E+00  3.511281E+00  4.239442E+00  5.688305E+00  8.551472E+00  1.412935E+01  2.414781E+01  3.962962E+01  5.787364E+01  7.391588E+01
  8.520785E+01  9.206303E+01  9.586548E+01  9.785977E+01  3.034338E+00  3.038711E+00  3.140105E+00  3.237425E+00  3.439728E+00  3.841321E+00
  4.661274E+00  6.292056E+00  9.492741E+00  1.563523E+01  2.633658E+01  4.210259E+01  5.983916E+01  7.514769E+01  8.590638E+01  9.243773E+01
  9.606057E+01  9.796082E+01  3.416778E+00  3.422240E+00  3.542094E+00  3.662375E+00  3.909033E+00  4.378592E+00  5.365575E+00  7.308920E+00
  1.108129E+01  1.811455E+01  2.974936E+01  4.567904E+01  6.254216E+01  7.682947E+01  8.686040E+01  9.294972E+01  9.632721E+01  9.809879E+01
  4.043060E+00  4.049932E+00  4.209439E+00  4.369399E+00  4.678384E+00  5.301740E+00  6.573001E+00  9.055060E+00  1.375412E+01  2.209181E+01
  3.475086E+01  5.039605E+01  6.593229E+01  7.892908E+01  8.805090E+01  9.358843E+01  9.665989E+01  9.827098E+01  5.140417E+00  5.145721E+00
  5.382601E+00  5.613579E+00  6.075033E+00  6.975555E+00  8.784362E+00  1.223332E+01  1.844741E+01  2.847073E+01  4.173600E+01  5.621868E+01
  6.995743E+01  8.141631E+01  8.946211E+01  9.434544E+01  9.705413E+01  9.847513E+01  7.342433E+00  7.350825E+00  7.766999E+00  8.158754E+00
  8.933881E+00  1.045556E+01  1.340127E+01  1.865667E+01  2.710267E+01  3.849044E+01  5.082240E+01  6.303666E+01  7.460905E+01  8.429059E+01
  9.109224E+01  9.521977E+01  9.750984E+01  9.871088E+01  1.346751E+01  1.348328E+01  1.438834E+01  1.526459E+01  1.696001E+01  2.006625E+01
  2.545698E+01  3.350325E+01  4.323076E+01  5.266713E+01  6.156485E+01  7.089635E+01  7.998721E+01  8.761346E+01  9.297784E+01  9.623103E+01
  9.803688E+01  9.898368E+01  4.969007E+01  4.977443E+01  5.070654E+01  5.138704E+01  5.235941E+01  5.377390E+01  5.559693E+01  5.813166E+01
  6.174182E+01  6.640253E+01  7.212017E+01  7.873476E+01  8.531087E+01  9.088144E+01  9.484386E+01  9.722375E+01  9.855525E+01  9.925218E+01
  2.637310E+00  2.612305E+00  2.721156E+00  2.802024E+00  2.956451E+00  3.275459E+00  3.917452E+00  5.216533E+00  7.799569E+00  1.278619E+01
  2.206810E+01  3.687562E+01  5.538049E+01  7.221980E+01  8.416727E+01  9.147751E+01  9.553764E+01  9.765048E+01  2.675772E+00  2.648254E+00
  2.765491E+00  2.847507E+00  3.005461E+00  3.325375E+00  3.986350E+00  5.316797E+00  7.953127E+00  1.303614E+01  2.244768E+01  3.734391E+01
  5.578344E+01  7.247860E+01  8.431485E+01  9.155688E+01  9.557917E+01  9.767236E+01  2.803200E+00  2.774060E+00  2.893185E+00  2.982738E+00
  3.153333E+00  3.502501E+00  4.205658E+00  5.631588E+00  8.444082E+00  1.382137E+01  2.362963E+01  3.877226E+01  5.699036E+01  7.324944E+01
  8.475375E+01  9.179327E+01  9.570289E+01  9.773743E+01  3.034338E+00  3.007291E+00  3.138270E+00  3.235211E+00  3.429602E+00  3.829406E+00
  4.620347E+00  6.220940E+00  9.355795E+00  1.527215E+01  2.575561E+01  4.122828E+01  5.898853E+01  7.451236E+01  8.547308E+01  9.218040E+01
  9.590551E+01  9.784409E+01  3.416778E+00  3.381843E+00  3.539459E+00  3.657856E+00  3.896737E+00  4.358321E+00  5.310616E+00  7.205522E+00
  1.088690E+01  1.766213E+01  2.908864E+01  4.479938E+01  6.174132E+01  7.623763E+01  8.645545E+01  9.270943E+01  9.618237E+01  9.798975E+01
  4.043060E+00  4.009842E+00  4.202351E+00  4.360355E+00  4.661688E+00  5.266944E+00  6.487886E+00  8.895082E+00  1.347288E+01  2.151318E+01
  3.400901E+01  4.954696E+01  6.519623E+01  7.838946E+01  8.768119E+01  9.336896E+01  9.652768E+01  9.817152E+01  5.140417E+00  5.092650E+00
  5.372540E+00  5.597579E+00  6.034553E+00  6.904495E+00  8.635985E+00  1.197059E+01  1.800952E+01  2.772536E+01  4.096359E+01  5.544648E+01
  6.930236E+01  8.093938E+01  8.913336E+01  9.415067E+01  9.693692E+01  9.838698E+01  7.342433E+00  7.273197E+00  7.743095E+00  8.123006E+00
  8.862201E+00  1.031646E+01  1.311358E+01  1.818328E+01  2.643257E+01  3.763877E+01  5.013437E+01  6.237622E+01  7.404395E+01  8.388146E+01
  9.080890E+01  9.505305E+01  9.740918E+01  9.863565E+01  1.346751E+01  1.334074E+01  1.433903E+01  1.516971E+01  1.676907E+01  1.973166E+01
  2.489131E+01  3.275477E+01  4.250983E+01  5.201517E+01  6.106322E+01  7.036201E+01  7.951955E+01  8.728175E+01  9.274517E+01  9.609512E+01
  9.795508E+01  9.892323E+01  4.969007E+01  4.888792E+01  5.066109E+01  5.131613E+01  5.226420E+01  5.368843E+01  5.549068E+01  5.796220E+01
  6.147947E+01  6.600040E+01  7.179567E+01  7.834092E+01  8.498118E+01  9.064773E+01  9.467151E+01  9.712853E+01  9.849741E+01  9.920868E+01
  2.637310E+00  2.640405E+00  2.720672E+00  2.799922E+00  2.953269E+00  3.271511E+00  3.907010E+00  5.196084E+00  7.738910E+00  1.269460E+01
  2.184247E+01  3.655257E+01  5.500932E+01  7.192010E+01  8.396143E+01  9.135869E+01  9.545660E+01  9.756999E+01  2.675772E+00  2.679125E+00
  2.765076E+00  2.846822E+00  3.001596E+00  3.320877E+00  3.974925E+00  5.296174E+00  7.889989E+00  1.294081E+01  2.221812E+01  3.701755E+01
  5.541393E+01  7.218157E+01  8.411086E+01  9.143911E+01  9.549890E+01  9.759257E+01  2.803200E+00  2.805149E+00  2.892088E+00  2.980316E+00
  3.149572E+00  3.497473E+00  4.193751E+00  5.607598E+00  8.375384E+00  1.371593E+01  2.338319E+01  3.843834E+01  5.662776E+01  7.296059E+01
  8.455533E+01  9.167869E+01  9.562480E+01  9.765983E+01  3.034338E+00  3.039955E+00  3.137369E+00  3.233667E+00  3.425064E+00  3.821521E+00
  4.601548E+00  6.189784E+00  9.276082E+00  1.514489E+01  2.548664E+01  4.088588E+01  5.863650E+01  7.423715E+01  8.528339E+01  9.207140E+01
  9.583115E+01  9.777003E+01  3.416778E+00  3.426469E+00  3.538182E+00  3.654568E+00  3.889421E+00  4.349084E+00  5.289284E+00  7.163622E+00
  1.078146E+01  1.750283E+01  2.878876E+01  4.445333E+01  6.140961E+01  7.598078E+01  8.627831E+01  9.260791E+01  9.611308E+01  9.792056E+01
  4.043060E+00  4.047913E+00  4.201757E+00  4.354917E+00  4.652544E+00  5.250161E+00  6.452649E+00  8.831271E+00  1.332580E+01  2.130008E+01
  3.367323E+01  4.920914E+01  6.489159E+01  7.815573E+01  8.751914E+01  9.327664E+01  9.646471E+01  9.810841E+01  5.140417E+00  5.147382E+00
  5.369338E+00  5.588943E+00  6.018482E+00  6.880460E+00  8.578660E+00  1.186384E+01  1.779353E+01  2.744768E+01  4.061273E+01  5.514141E+01
  6.903068E+01  8.073222E+01  8.898885E+01  9.406911E+01  9.688138E+01  9.833108E+01  7.342433E+00  7.349494E+00  7.737316E+00  8.107929E+00
  8.829539E+00  1.025803E+01  1.299652E+01  1.799354E+01  2.612057E+01  3.731547E+01  4.981841E+01  6.211272E+01  7.380512E+01  8.370438E+01
  9.068491E+01  9.498338E+01  9.736208E+01  9.858803E+01  1.346751E+01  1.347087E+01  1.432323E+01  1.512148E+01  1.669057E+01  1.959907E+01
  2.466099E+01  3.246403E+01  4.216174E+01  5.176562E+01  6.083106E+01  7.014658E+01  7.932470E+01  8.713886E+01  9.264514E+01  9.603964E+01
  9.791757E+01  9.888519E+01  4.969007E+01  4.973901E+01  5.063592E+01  5.129107E+01  5.219760E+01  5.363635E+01  5.541432E+01  5.787103E+01
  6.135630E+01  6.587363E+01  7.165028E+01  7.819550E+01  8.483415E+01  9.054694E+01  9.459468E+01  9.708313E+01  9.847205E+01  9.918239E+01
  2.637310E+00  2.641479E+00  2.720733E+00  2.798782E+00  2.951471E+00  3.268758E+00  3.900889E+00  5.184026E+00  7.703337E+00  1.262993E+01
  2.170350E+01  3.633584E+01  5.476604E+01  7.171373E+01  8.383528E+01  9.126819E+01  9.538457E+01  9.749695E+01  2.675772E+00  2.680433E+00
  2.764256E+00  2.844888E+00  3.000054E+00  3.317627E+00  3.967574E+00  5.284194E+00  7.854617E+00  1.287293E+01  2.207340E+01  3.679922E+01
  5.517302E+01  7.197717E+01  8.398573E+01  9.134943E+01  9.542747E+01  9.752019E+01  2.803200E+00  2.806743E+00  2.892143E+00  2.977828E+00
  3.147456E+00  3.493406E+00  4.187023E+00  5.593691E+00  8.335188E+00  1.363920E+01  2.323006E+01  3.821742E+01  5.639189E+01  7.276157E+01
  8.443404E+01  9.159149E+01  9.555524E+01  9.758936E+01  3.034338E+00  3.040576E+00  3.136963E+00  3.230925E+00  3.421907E+00  3.814690E+00
  4.593766E+00  6.171428E+00  9.225480E+00  1.505893E+01  2.531614E+01  4.065771E+01  5.841098E+01  7.404781E+01  8.516833E+01  9.198811E+01
  9.576460E+01  9.770275E+01  3.416778E+00  3.425545E+00  3.537217E+00  3.652890E+00  3.885859E+00  4.340576E+00  5.276868E+00  7.136711E+00
  1.071752E+01  1.739201E+01  2.859286E+01  4.422381E+01  6.119759E+01  7.580410E+01  8.617170E+01  9.252992E+01  9.605064E+01  9.785767E+01
  4.043060E+00  4.051125E+00  4.200737E+00  4.350220E+00  4.647303E+00  5.239843E+00  6.429945E+00  8.789357E+00  1.323283E+01  2.115596E+01
  3.345138E+01  4.898713E+01  6.470105E+01  7.799509E+01  8.742311E+01  9.320571E+01  9.640744E+01  9.805096E+01  5.140417E+00  5.151711E+00
  5.368094E+00  5.582201E+00  6.006414E+00  6.858543E+00  8.544149E+00  1.179440E+01  1.765455E+01  2.726068E+01  4.037671E+01  5.494434E+01
  6.886581E+01  8.058951E+01  8.890518E+01  9.400603E+01  9.683018E+01  9.828008E+01  7.342433E+00  7.355721E+00  7.731665E+00  8.094406E+00
  8.805973E+00  1.021921E+01  1.292544E+01  1.787071E+01  2.591592E+01  3.710224E+01  4.960339E+01  6.195041E+01  7.366621E+01  8.358174E+01
  9.061452E+01  9.492932E+01  9.731793E+01  9.854451E+01  1.346751E+01  1.348142E+01  1.431319E+01  1.508661E+01  1.663820E+01  1.950128E+01
  2.451218E+01  3.225610E+01  4.193740E+01  5.160881E+01  6.066640E+01  7.001976E+01  7.921381E+01  8.703870E+01  9.258924E+01  9.599638E+01
  9.788176E+01  9.885033E+01  4.969007E+01  4.978881E+01  5.063411E+01  5.126192E+01  5.216937E+01  5.360417E+01  5.534810E+01  5.782159E+01
  6.124340E+01  6.578465E+01  7.158464E+01  7.810986E+01  8.475858E+01  9.048508E+01  9.455080E+01  9.705959E+01  9.844493E+01  9.915723E+01
  2.637310E+00  2.643582E+00  2.720849E+00  2.797312E+00  2.951030E+00  3.268571E+00  3.893688E+00  5.168769E+00  7.675844E+00  1.255889E+01
  2.155136E+01  3.613628E+01  5.452917E+01  7.153401E+01  8.370913E+01  9.119023E+01  9.532517E+01  9.743288E+01  2.675772E+00  2.682007E+00
  2.764177E+00  2.844650E+00  2.999724E+00  3.316847E+00  3.960823E+00  5.267363E+00  7.823607E+00  1.280185E+01  2.191798E+01  3.659816E+01
  5.493781E+01  7.179927E+01  8.386062E+01  9.127217E+01  9.536861E+01  9.745669E+01  2.803200E+00  2.810094E+00  2.892388E+00  2.977172E+00
  3.146156E+00  3.492945E+00  4.177822E+00  5.575873E+00  8.299339E+00  1.356053E+01  2.306488E+01  3.801018E+01  5.616058E+01  7.258841E+01
  8.431216E+01  9.151630E+01  9.549796E+01  9.752757E+01  3.034338E+00  3.041704E+00  3.137080E+00  3.229892E+00  3.421316E+00  3.812424E+00
  4.583340E+00  6.149323E+00  9.182906E+00  1.496503E+01  2.513553E+01  4.044843E+01  5.818577E+01  7.388230E+01  8.505183E+01  9.191637E+01
  9.570992E+01  9.764378E+01  3.416778E+00  3.424432E+00  3.537459E+00  3.650919E+00  3.883254E+00  4.337531E+00  5.260983E+00  7.108318E+00
  1.066151E+01  1.727852E+01  2.839249E+01  4.400885E+01  6.098465E+01  7.564946E+01  8.606243E+01  9.246277E+01  9.599952E+01  9.780254E+01
  4.043060E+00  4.053394E+00  4.199773E+00  4.347648E+00  4.644617E+00  5.234570E+00  6.411248E+00  8.749017E+00  1.315710E+01  2.101115E+01
  3.323157E+01  4.877806E+01  6.450396E+01  7.785390E+01  8.732274E+01  9.314449E+01  9.636079E+01  9.800068E+01  5.140417E+00  5.153232E+00
  5.366874E+00  5.578038E+00  6.000614E+00  6.847847E+00  8.509956E+00  1.172882E+01  1.753803E+01  2.707298E+01  4.014514E+01  5.474871E+01
  6.868798E+01  8.046380E+01  8.881525E+01  9.395155E+01  9.678878E+01  9.823552E+01  7.342433E+00  7.358237E+00  7.729254E+00  8.084708E+00
  8.791843E+00  1.018907E+01  1.286249E+01  1.775788E+01  2.573935E+01  3.688450E+01  4.938945E+01  6.178033E+01  7.351070E+01  8.347250E+01
  9.053638E+01  9.488229E+01  9.728252E+01  9.850653E+01  1.346751E+01  1.349436E+01  1.430116E+01  1.506706E+01  1.660385E+01  1.944015E+01
  2.437770E+01  3.207334E+01  4.172657E+01  5.142758E+01  6.050169E+01  6.987661E+01  7.908380E+01  8.694889E+01  9.252539E+01  9.595810E+01
  9.785339E+01  9.882017E+01  4.969007E+01  4.980823E+01  5.060608E+01  5.126438E+01  5.215882E+01  5.358228E+01  5.530046E+01  5.772828E+01
  6.119052E+01  6.569173E+01  7.145243E+01  7.799975E+01  8.466861E+01  9.041424E+01  9.450280E+01  9.702729E+01  9.842447E+01  9.913561E+01
  2.637310E+00  2.640322E+00  2.721766E+00  2.796542E+00  2.948593E+00  3.264264E+00  3.886331E+00  5.149049E+00  7.638306E+00  1.247289E+01
  2.145416E+01  3.590401E+01  5.424429E+01  7.129379E+01  8.356356E+01  9.108740E+01  9.525566E+01  9.736211E+01  2.675772E+00  2.678703E+00
  2.764443E+00  2.843280E+00  2.998003E+00  3.313675E+00  3.953106E+00  5.246691E+00  7.786898E+00  1.271108E+01  2.181725E+01  3.636393E+01
  5.465490E+01  7.156058E+01  8.371652E+01  9.117020E+01  9.529967E+01  9.738655E+01  2.803200E+00  2.806717E+00  2.892333E+00  2.975727E+00
  3.143918E+00  3.490523E+00  4.168478E+00  5.552169E+00  8.257926E+00  1.346204E+01  2.295564E+01  3.776944E+01  5.588177E+01  7.235593E+01
  8.417223E+01  9.141693E+01  9.543087E+01  9.745934E+01  3.034338E+00  3.037558E+00  3.138024E+00  3.228588E+00  3.418331E+00  3.806820E+00
  4.570819E+00  6.120491E+00  9.131871E+00  1.485252E+01  2.500980E+01  4.019985E+01  5.791546E+01  7.365852E+01  8.491887E+01  9.182124E+01
  9.564585E+01  9.757861E+01  3.416778E+00  3.421307E+00  3.538229E+00  3.648509E+00  3.879155E+00  4.328967E+00  5.247124E+00  7.072029E+00
  1.059612E+01  1.713986E+01  2.824257E+01  4.375707E+01  6.072705E+01  7.544038E+01  8.593872E+01  9.237349E+01  9.593951E+01  9.774160E+01
  4.043060E+00  4.048591E+00  4.200006E+00  4.345406E+00  4.637187E+00  5.223677E+00  6.387857E+00  8.695610E+00  1.306097E+01  2.083107E+01
  3.305479E+01  4.852780E+01  6.426617E+01  7.766113E+01  8.721027E+01  9.306237E+01  9.630585E+01  9.794502E+01  5.140417E+00  5.147180E+00
  5.365481E+00  5.572800E+00  5.989455E+00  6.825638E+00  8.470863E+00  1.164590E+01  1.739565E+01  2.684080E+01  3.995058E+01  5.451791E+01
  6.847451E+01  8.029025E+01  8.871597E+01  9.387800E+01  9.673984E+01  9.818615E+01  7.342433E+00  7.348898E+00  7.726885E+00  8.073014E+00
  8.767240E+00  1.013946E+01  1.278805E+01  1.759985E+01  2.552409E+01  3.660843E+01  4.921547E+01  6.158161E+01  7.332372E+01  8.332065E+01
  9.045136E+01  9.481849E+01  9.724036E+01  9.846434E+01  1.346751E+01  1.348424E+01  1.429063E+01  1.503986E+01  1.654306E+01  1.933647E+01
  2.422011E+01  3.182310E+01  4.148608E+01  5.119809E+01  6.038514E+01  6.971190E+01  7.892461E+01  8.682201E+01  9.245605E+01  9.590519E+01
  9.781914E+01  9.878648E+01  4.969007E+01  4.977779E+01  5.060347E+01  5.124099E+01  5.211175E+01  5.350795E+01  5.520287E+01  5.769014E+01
  6.108415E+01  6.562661E+01  7.139330E+01  7.783071E+01  8.453730E+01  9.033113E+01  9.444986E+01  9.699571E+01  9.839713E+01  9.911202E+01
  2.637310E+00  2.643451E+00  2.720761E+00  2.795534E+00  2.945753E+00  3.259395E+00  3.873776E+00  5.125960E+00  7.597229E+00  1.238772E+01
  2.123549E+01  3.560465E+01  5.392913E+01  7.100513E+01  8.337113E+01  9.097723E+01  9.517468E+01  9.728175E+01  2.675772E+00  2.681197E+00
  2.763419E+00  2.843157E+00  2.995410E+00  3.308333E+00  3.940886E+00  5.222027E+00  7.743850E+00  1.262342E+01  2.159547E+01  3.606144E+01
  5.434127E+01  7.127469E+01  8.352565E+01  9.106117E+01  9.521949E+01  9.730689E+01  2.803200E+00  2.807080E+00  2.890973E+00  2.976069E+00
  3.142211E+00  3.485588E+00  4.154596E+00  5.526052E+00  8.209075E+00  1.336555E+01  2.272129E+01  3.745795E+01  5.557438E+01  7.207780E+01
  8.398650E+01  9.131103E+01  9.535284E+01  9.738183E+01  3.034338E+00  3.039461E+00  3.136562E+00  3.227254E+00  3.414030E+00  3.799026E+00
  4.553269E+00  6.087549E+00  9.074377E+00  1.473642E+01  2.475115E+01  3.987896E+01  5.761834E+01  7.339220E+01  8.474141E+01  9.172059E+01
  9.557141E+01  9.750464E+01  3.416778E+00  3.425625E+00  3.536818E+00  3.646795E+00  3.874017E+00  4.320148E+00  5.225191E+00  7.029612E+00
  1.052028E+01  1.699234E+01  2.795223E+01  4.342892E+01  6.044701E+01  7.519091E+01  8.577272E+01  9.228000E+01  9.587004E+01  9.767245E+01
  4.043060E+00  4.051505E+00  4.197301E+00  4.343055E+00  4.631391E+00  5.209991E+00  6.355355E+00  8.635725E+00  1.295174E+01  2.063433E+01
  3.272471E+01  4.820450E+01  6.401051E+01  7.743259E+01  8.705817E+01  9.297757E+01  9.624255E+01  9.788190E+01  5.140417E+00  5.150075E+00
  5.361522E+00  5.567027E+00  5.976029E+00  6.801906E+00  8.416721E+00  1.154034E+01  1.722965E+01  2.658193E+01  3.960292E+01  5.421989E+01
  6.824986E+01  8.008583E+01  8.858009E+01  9.380344E+01  9.668371E+01  9.813020E+01  7.342433E+00  7.356908E+00  7.717111E+00  8.062590E+00
  8.742489E+00  1.008673E+01  1.268090E+01  1.742548E+01  2.527032E+01  3.629265E+01  4.889217E+01  6.132471E+01  7.313294E+01  8.314292E+01
  9.033365E+01  9.475539E+01  9.719251E+01  9.841660E+01  1.346751E+01  1.349256E+01  1.427092E+01  1.500853E+01  1.647317E+01  1.920990E+01
  2.400788E+01  3.154056E+01  4.119543E+01  5.093217E+01  6.013397E+01  6.950246E+01  7.876708E+01  8.667476E+01  9.235976E+01  9.585517E+01
  9.778051E+01  9.874804E+01  4.969007E+01  4.980975E+01  5.058606E+01  5.121813E+01  5.209659E+01  5.344890E+01  5.516423E+01  5.759122E+01
  6.099067E+01  6.542625E+01  7.118258E+01  7.770346E+01  8.442738E+01  9.022966E+01  9.439106E+01  9.695795E+01  9.837301E+01  9.908330E+01
  2.637310E+00  2.648046E+00  2.720396E+00  2.796097E+00  2.945558E+00  3.254815E+00  3.867662E+00  5.107026E+00  7.559078E+00  1.230966E+01
  2.109058E+01  3.529940E+01  5.354956E+01  7.071917E+01  8.316370E+01  9.085023E+01  9.508855E+01  9.720509E+01  2.675772E+00  2.686967E+00
  2.762726E+00  2.842632E+00  2.995189E+00  3.304074E+00  3.934791E+00  5.203492E+00  7.703174E+00  1.254229E+01  2.144571E+01  3.575261E+01
  5.396219E+01  7.099142E+01  8.332039E+01  9.093531E+01  9.513406E+01  9.723093E+01  2.803200E+00  2.815235E+00  2.890790E+00  2.975524E+00
  3.141211E+00  3.480606E+00  4.147063E+00  5.505287E+00  8.163539E+00  1.327623E+01  2.255781E+01  3.714200E+01  5.520145E+01  7.180241E+01
  8.378592E+01  9.118853E+01  9.526971E+01  9.730790E+01  3.034338E+00  3.048131E+00  3.136487E+00  3.226945E+00  3.412349E+00  3.792396E+00
  4.543412E+00  6.061331E+00  9.017681E+00  1.463006E+01  2.456693E+01  3.955293E+01  5.725541E+01  7.313037E+01  8.455024E+01  9.160346E+01
  9.549199E+01  9.743408E+01  3.416778E+00  3.432357E+00  3.537276E+00  3.646206E+00  3.871521E+00  4.312151E+00  5.209892E+00  6.995799E+00
  1.044496E+01  1.685455E+01  2.773713E+01  4.309381E+01  6.010262E+01  7.494693E+01  8.559354E+01  9.217020E+01  9.579565E+01  9.760654E+01
  4.043060E+00  4.058806E+00  4.196442E+00  4.341850E+00  4.627511E+00  5.196221E+00  6.331067E+00  8.579172E+00  1.284421E+01  2.045290E+01
  3.247808E+01  4.787461E+01  6.369120E+01  7.721073E+01  8.689400E+01  9.287695E+01  9.617441E+01  9.782175E+01  5.140417E+00  5.161141E+00
  5.358785E+00  5.563365E+00  5.967579E+00  6.776888E+00  8.370275E+00  1.145265E+01  1.706184E+01  2.633901E+01  3.933488E+01  5.391733E+01
  6.796250E+01  7.989062E+01  8.843345E+01  9.371355E+01  9.662310E+01  9.807684E+01  7.342433E+00  7.372696E+00  7.708602E+00  8.052946E+00
  8.720840E+00  1.003578E+01  1.258933E+01  1.726014E+01  2.501242E+01  3.600273E+01  4.865409E+01  6.106642E+01  7.288229E+01  8.297624E+01
  9.020609E+01  9.467754E+01  9.714021E+01  9.837094E+01  1.346751E+01  1.351427E+01  1.424949E+01  1.498419E+01  1.641885E+01  1.908934E+01
  2.382402E+01  3.127123E+01  4.089906E+01  5.070690E+01  5.997387E+01  6.929169E+01  7.855918E+01  8.653919E+01  9.225370E+01  9.579126E+01
  9.773828E+01  9.871130E+01  4.969007E+01  4.992682E+01  5.057084E+01  5.117749E+01  5.209782E+01  5.340235E+01  5.512689E+01  5.756267E+01
  6.083915E+01  6.533012E+01  7.107436E+01  7.755443E+01  8.427332E+01  9.012675E+01  9.430901E+01  9.691752E+01  9.834467E+01  9.905639E+01
  2.637310E+00  2.647767E+00  2.717614E+00  2.791019E+00  2.934461E+00  3.235580E+00  3.824249E+00  5.003813E+00  7.348175E+00  1.192423E+01
  2.022455E+01  3.386105E+01  5.177703E+01  6.924557E+01  8.219759E+01  9.026469E+01  9.475730E+01  9.699949E+01  2.675772E+00  2.685947E+00
  2.758192E+00  2.837030E+00  2.982616E+00  3.285853E+00  3.890281E+00  5.094453E+00  7.482599E+00  1.214207E+01  2.055837E+01  3.429852E+01
  5.219557E+01  6.953063E+01  8.236256E+01  9.035502E+01  9.480584E+01  9.702719E+01  2.803200E+00  2.814317E+00  2.887234E+00  2.970780E+00
  3.127594E+00  3.455595E+00  4.098798E+00  5.381406E+00  7.918383E+00  1.282935E+01  2.160592E+01  3.564251E+01  5.345480E+01  7.038107E+01
  8.285564E+01  9.062419E+01  9.495049E+01  9.710970E+01  3.034338E+00  3.046194E+00  3.131746E+00  3.220291E+00  3.395081E+00  3.762358E+00
  4.481204E+00  5.912386E+00  8.722066E+00  1.409769E+01  2.350410E+01  3.798839E+01  5.555655E+01  7.177463E+01  8.366365E+01  9.106511E+01
  9.518759E+01  9.724494E+01  3.416778E+00  3.432934E+00  3.530685E+00  3.637025E+00  3.846779E+00  4.275451E+00  5.122234E+00  6.798949E+00
  1.006053E+01  1.618574E+01  2.650771E+01  4.147751E+01  5.848814E+01  7.368031E+01  8.476691E+01  9.166763E+01  9.551156E+01  9.742978E+01
  4.043060E+00  4.058954E+00  4.186644E+00  4.326889E+00  4.595243E+00  5.134870E+00  6.198560E+00  8.291765E+00  1.229720E+01  1.955678E+01
  3.105337E+01  4.626000E+01  6.220430E+01  7.605619E+01  8.614184E+01  9.241831E+01  9.591534E+01  9.766035E+01  5.140417E+00  5.160309E+00
  5.343753E+00  5.533700E+00  5.906385E+00  6.662024E+00  8.137118E+00  1.098025E+01  1.622596E+01  2.512051E+01  3.776078E+01  5.240640E+01
  6.663955E+01  7.886396E+01  8.776659E+01  9.330639E+01  9.639305E+01  9.793334E+01  7.342433E+00  7.369102E+00  7.670239E+00  7.993181E+00
  8.595408E+00  9.806078E+00  1.212966E+01  1.642200E+01  2.372141E+01  3.450002E+01  4.716121E+01  5.978414E+01  7.173868E+01  8.209029E+01
  8.963441E+01  9.432699E+01  9.694257E+01  9.824755E+01  1.346751E+01  1.351950E+01  1.416442E+01  1.481416E+01  1.610322E+01  1.854241E+01
  2.286639E+01  2.987186E+01  3.930880E+01  4.949147E+01  5.887903E+01  6.825163E+01  7.761429E+01  8.581244E+01  9.178829E+01  9.550486E+01
  9.757746E+01  9.861070E+01  4.969007E+01  4.981681E+01  5.045525E+01  5.110748E+01  5.188323E+01  5.324004E+01  5.482221E+01  5.718011E+01
  6.036215E+01  6.478240E+01  7.038114E+01  7.679395E+01  8.359674E+01  8.961393E+01  9.398049E+01  9.671028E+01  9.822933E+01  9.898260E+01
  2.637310E+00  2.638681E+00  2.716831E+00  2.788961E+00  2.932353E+00  3.226819E+00  3.809031E+00  4.971559E+00  7.273485E+00  1.175705E+01
  1.992340E+01  3.335283E+01  5.115902E+01  6.871449E+01  8.182862E+01  9.003593E+01  9.461743E+01  9.688841E+01  2.675772E+00  2.676575E+00
  2.758241E+00  2.834029E+00  2.979940E+00  3.276031E+00  3.873407E+00  5.061422E+00  7.406686E+00  1.196972E+01  2.025174E+01  3.378419E+01
  5.157790E+01  6.900473E+01  8.199715E+01  9.012840E+01  9.466730E+01  9.691710E+01  2.803200E+00  2.803709E+00  2.886734E+00  2.967564E+00
  3.123164E+00  3.442954E+00  4.081906E+00  5.344090E+00  7.834809E+00  1.264096E+01  2.127628E+01  3.511275E+01  5.284286E+01  6.986781E+01
  8.250008E+01  9.040337E+01  9.481571E+01  9.700254E+01  3.034338E+00  3.034799E+00  3.131045E+00  3.216540E+00  3.389956E+00  3.747883E+00
  4.458160E+00  5.868569E+00  8.620721E+00  1.387786E+01  2.313391E+01  3.743484E+01  5.495714E+01  7.128502E+01  8.332439E+01  9.085449E+01
  9.505901E+01  9.714265E+01  3.416778E+00  3.418652E+00  3.529192E+00  3.634007E+00  3.838935E+00  4.257742E+00  5.092824E+00  6.736470E+00
  9.932190E+00  1.591631E+01  2.608052E+01  4.090219E+01  5.791077E+01  7.322382E+01  8.444952E+01  9.147029E+01  9.539130E+01  9.733414E+01
  4.043060E+00  4.044738E+00  4.185687E+00  4.321436E+00  4.583339E+00  5.109552E+00  6.151024E+00  8.205983E+00  1.211444E+01  1.920845E+01
  3.055468E+01  4.567745E+01  6.167197E+01  7.563989E+01  8.585122E+01  9.223790E+01  9.580564E+01  9.757296E+01  5.140417E+00  5.143052E+00
  5.340377E+00  5.523203E+00  5.887089E+00  6.619013E+00  8.060534E+00  1.083424E+01  1.595045E+01  2.465256E+01  3.719686E+01  5.185734E+01
  6.616388E+01  7.849409E+01  8.750740E+01  9.314524E+01  9.629563E+01  9.785573E+01  7.342433E+00  7.344109E+00  7.659014E+00  7.973022E+00
  8.554359E+00  9.722747E+00  1.197647E+01  1.615588E+01  2.328129E+01  3.390923E+01  4.660675E+01  5.931563E+01  7.132517E+01  8.177062E+01
  8.941038E+01  9.418746E+01  9.685902E+01  9.818097E+01  1.346751E+01  1.346867E+01  1.414192E+01  1.475714E+01  1.601380E+01  1.834818E+01
  2.255718E+01  2.940973E+01  3.876601E+01  4.897905E+01  5.847741E+01  6.787640E+01  7.726863E+01  8.554881E+01  9.160388E+01  9.539040E+01
  9.750928E+01  9.855699E+01  4.969007E+01  4.968052E+01  5.045617E+01  5.105362E+01  5.181429E+01  5.313995E+01  5.474488E+01  5.701811E+01
  6.018781E+01  6.451059E+01  7.015005E+01  7.652490E+01  8.337505E+01  8.941074E+01  9.385280E+01  9.663112E+01  9.817860E+01  9.894487E+01
  2.637310E+00  2.648077E+00  2.714911E+00  2.787395E+00  2.927217E+00  3.212623E+00  3.793343E+00  4.922250E+00  7.205699E+00  1.159312E+01
  1.962574E+01  3.280611E+01  5.050357E+01  6.812978E+01  8.142496E+01  8.980016E+01  9.446789E+01  9.677760E+01  2.675772E+00  2.687075E+00
  2.755134E+00  2.831836E+00  2.974301E+00  3.262914E+00  3.858323E+00  5.009522E+00  7.338343E+00  1.180001E+01  1.994728E+01  3.323149E+01
  5.092548E+01  6.842524E+01  8.159755E+01  8.989442E+01  9.451907E+01  9.680727E+01  2.803200E+00  2.813345E+00  2.884556E+00  2.965194E+00
  3.117525E+00  3.427748E+00  4.062180E+00  5.288654E+00  7.754137E+00  1.245634E+01  2.094955E+01  3.454301E+01  5.219504E+01  6.930298E+01
  8.211089E+01  9.017632E+01  9.467146E+01  9.689568E+01  3.034338E+00  3.046180E+00  3.128278E+00  3.213048E+00  3.383685E+00  3.731184E+00
  4.434491E+00  5.800592E+00  8.524804E+00  1.366422E+01  2.276714E+01  3.683948E+01  5.432449E+01  7.074550E+01  8.295303E+01  9.063830E+01
  9.492125E+01  9.704060E+01  3.416778E+00  3.431540E+00  3.526684E+00  3.630699E+00  3.830676E+00  4.237502E+00  5.061183E+00  6.654385E+00
  9.804604E+00  1.565131E+01  2.565832E+01  4.027986E+01  5.730715E+01  7.271909E+01  8.410227E+01  9.126875E+01  9.526252E+01  9.723866E+01
  4.043060E+00  4.059987E+00  4.181348E+00  4.314278E+00  4.571472E+00  5.078307E+00  6.106362E+00  8.087574E+00  1.194125E+01  1.886688E+01
  3.005702E+01  4.504955E+01  6.111673E+01  7.517877E+01  8.553371E+01  9.205440E+01  9.568792E+01  9.748575E+01  5.140417E+00  5.159693E+00
  5.333949E+00  5.511845E+00  5.865027E+00  6.569009E+00  7.982105E+00  1.065704E+01  1.567958E+01  2.419636E+01  3.662836E+01  5.126212E+01
  6.567358E+01  7.808295E+01  8.722439E+01  9.298302E+01  9.619080E+01  9.777813E+01  7.342433E+00  7.372844E+00  7.647160E+00  7.949348E+00
  8.505452E+00  9.626725E+00  1.182699E+01  1.585614E+01  2.285657E+01  3.332341E+01  4.605480E+01  5.880777E+01  7.090749E+01  8.141650E+01
  8.916558E+01  9.404916E+01  9.676840E+01  9.811433E+01  1.346751E+01  1.351942E+01  1.411021E+01  1.470597E+01  1.590855E+01  1.814420E+01
  2.224525E+01  2.888218E+01  3.821393E+01  4.847306E+01  5.807885E+01  6.747003E+01  7.692983E+01  8.525462E+01  9.140230E+01  9.527893E+01
  9.743523E+01  9.850269E+01  4.969007E+01  4.989931E+01  5.041787E+01  5.101747E+01  5.173537E+01  5.300051E+01  5.467548E+01  5.673648E+01
  6.005148E+01  6.431439E+01  6.989339E+01  7.626795E+01  8.313515E+01  8.920069E+01  9.370777E+01  9.654604E+01  9.812672E+01  9.890574E+01
  2.637310E+00  2.652055E+00  2.713958E+00  2.785172E+00  2.924484E+00  3.208409E+00  3.780375E+00  4.907136E+00  7.168185E+00  1.153669E+01
  1.949477E+01  3.258166E+01  5.021165E+01  6.790291E+01  8.126623E+01  8.969623E+01  9.439571E+01  9.671000E+01  2.675772E+00  2.690210E+00
  2.754035E+00  2.829941E+00  2.971169E+00  3.260296E+00  3.844662E+00  4.993035E+00  7.299905E+00  1.174023E+01  1.981334E+01  3.300438E+01
  5.063420E+01  6.819994E+01  8.144044E+01  8.979150E+01  9.444752E+01  9.674027E+01  2.803200E+00  2.815434E+00  2.883007E+00  2.962307E+00
  3.114660E+00  3.424609E+00  4.048094E+00  5.271633E+00  7.713121E+00  1.239321E+01  2.080754E+01  3.430909E+01  5.190596E+01  6.908393E+01
  8.195832E+01  9.007592E+01  9.460182E+01  9.683045E+01  3.034338E+00  3.051126E+00  3.126919E+00  3.211004E+00  3.379490E+00  3.726829E+00
  4.417377E+00  5.777841E+00  8.475520E+00  1.359016E+01  2.260986E+01  3.659545E+01  5.404002E+01  7.053610E+01  8.280744E+01  9.054230E+01
  9.485472E+01  9.697832E+01  3.416778E+00  3.437900E+00  3.524356E+00  3.628294E+00  3.826675E+00  4.231924E+00  5.040473E+00  6.628294E+00
  9.745668E+00  1.555855E+01  2.547697E+01  4.002439E+01  5.703323E+01  7.252382E+01  8.396640E+01  9.117889E+01  9.520030E+01  9.718044E+01
  4.043060E+00  4.064906E+00  4.179938E+00  4.307345E+00  4.565140E+00  5.070484E+00  6.079424E+00  8.050043E+00  1.186330E+01  1.874603E+01
  2.984840E+01  4.479116E+01  6.085827E+01  7.500030E+01  8.541009E+01  9.197224E+01  9.563097E+01  9.743257E+01  5.140417E+00  5.168656E+00
  5.331315E+00  5.506181E+00  5.856873E+00  6.555755E+00  7.939620E+00  1.059794E+01  1.556528E+01  2.403202E+01  3.639375E+01  5.101343E+01
  6.543968E+01  7.792473E+01  8.711452E+01  9.290940E+01  9.614020E+01  9.773094E+01  7.342433E+00  7.375888E+00  7.642828E+00  7.939960E+00
  8.488086E+00  9.598797E+00  1.175783E+01  1.574076E+01  2.268496E+01  3.311347E+01  4.582329E+01  5.859153E+01  7.070522E+01  8.128014E+01
  8.907128E+01  9.398548E+01  9.672494E+01  9.807390E+01  1.346751E+01  1.352205E+01  1.409999E+01  1.468366E+01  1.587431E+01  1.807694E+01
  2.210148E+01  2.870561E+01  3.798962E+01  4.829079E+01  5.790685E+01  6.729877E+01  7.675539E+01  8.514487E+01  9.132596E+01  9.522595E+01
  9.739971E+01  9.847024E+01  4.969007E+01  4.992952E+01  5.042155E+01  5.098521E+01  5.168459E+01  5.297319E+01  5.461414E+01  5.664930E+01
  5.999362E+01  6.422182E+01  6.977813E+01  7.613267E+01  8.299981E+01  8.910965E+01  9.365152E+01  9.651562E+01  9.810171E+01  9.888282E+01
  2.637310E+00  2.641459E+00  2.714493E+00  2.784126E+00  2.925001E+00  3.212876E+00  3.790866E+00  4.921120E+00  7.192147E+00  1.158973E+01
  1.959494E+01  3.277275E+01  5.045979E+01  6.810500E+01  8.139010E+01  8.977097E+01  9.441988E+01  9.669682E+01  2.675772E+00  2.678760E+00
  2.756192E+00  2.829366E+00  2.972539E+00  3.263545E+00  3.855853E+00  5.007815E+00  7.324194E+00  1.179594E+01  1.991628E+01  3.319777E+01
  5.088152E+01  6.840047E+01  8.156293E+01  8.986555E+01  9.447147E+01  9.672719E+01  2.803200E+00  2.806867E+00  2.884896E+00  2.961713E+00
  3.115281E+00  3.428229E+00  4.060266E+00  5.288003E+00  7.739196E+00  1.245269E+01  2.091650E+01  3.450893E+01  5.215165E+01  6.927864E+01
  8.207688E+01  9.014797E+01  9.462509E+01  9.681772E+01  3.034338E+00  3.038857E+00  3.129160E+00  3.210042E+00  3.381133E+00  3.731254E+00
  4.431007E+00  5.799314E+00  8.508443E+00  1.365944E+01  2.273359E+01  3.680344E+01  5.428056E+01  7.072231E+01  8.291983E+01  9.061108E+01
  9.487684E+01  9.696614E+01  3.416778E+00  3.422410E+00  3.525428E+00  3.627366E+00  3.828566E+00  4.238134E+00  5.057380E+00  6.652044E+00
  9.786578E+00  1.564569E+01  2.562075E+01  4.024176E+01  5.726391E+01  7.269681E+01  8.407034E+01  9.124312E+01  9.522083E+01  9.716903E+01
  4.043060E+00  4.049695E+00  4.181386E+00  4.309758E+00  4.568391E+00  5.079570E+00  6.102039E+00  8.085341E+00  1.191973E+01  1.886047E+01
  3.001594E+01  4.501055E+01  6.107347E+01  7.515784E+01  8.550384E+01  9.203082E+01  9.564971E+01  9.742218E+01  5.140417E+00  5.145329E+00
  5.334098E+00  5.506741E+00  5.861750E+00  6.569662E+00  7.975060E+00  1.065112E+01  1.565201E+01  2.418783E+01  3.658594E+01  5.122268E+01
  6.563150E+01  7.806398E+01  8.719666E+01  9.296176E+01  9.615671E+01  9.772182E+01  7.342433E+00  7.351765E+00  7.646522E+00  7.944337E+00
  8.502860E+00  9.624763E+00  1.181815E+01  1.584431E+01  2.282186E+01  3.331467E+01  4.601159E+01  5.876966E+01  7.086834E+01  8.139948E+01
  8.914056E+01  9.403079E+01  9.673933E+01  9.806636E+01  1.346751E+01  1.348801E+01  1.411079E+01  1.469466E+01  1.590089E+01  1.814568E+01
  2.222794E+01  2.886857E+01  3.816751E+01  4.847247E+01  5.804317E+01  6.743525E+01  7.689319E+01  8.523990E+01  9.138112E+01  9.526402E+01
  9.741175E+01  9.846488E+01  4.969007E+01  4.972128E+01  5.042545E+01  5.097889E+01  5.172340E+01  5.302954E+01  5.465636E+01  5.673592E+01
  6.002901E+01  6.433932E+01  6.987882E+01  7.623280E+01  8.310587E+01  8.918874E+01  9.369498E+01  9.654019E+01  9.811043E+01  9.887833E+01
  2.637310E+00  2.644726E+00  2.715289E+00  2.786609E+00  2.929625E+00  3.215096E+00  3.797994E+00  4.929080E+00  7.217963E+00  1.165144E+01
  1.970135E+01  3.296302E+01  5.072196E+01  6.830274E+01  8.154730E+01  8.984796E+01  9.443990E+01  9.667496E+01  2.675772E+00  2.683289E+00
  2.755380E+00  2.831066E+00  2.976488E+00  3.265882E+00  3.862630E+00  5.017496E+00  7.350177E+00  1.185954E+01  2.002438E+01  3.338977E+01
  5.114277E+01  6.859654E+01  8.171880E+01  8.994213E+01  9.449123E+01  9.670552E+01  2.803200E+00  2.810356E+00  2.885872E+00  2.963736E+00
  3.120180E+00  3.431529E+00  4.069025E+00  5.297863E+00  7.769645E+00  1.252016E+01  2.103352E+01  3.470760E+01  5.241155E+01  6.946957E+01
  8.222909E+01  9.022240E+01  9.464420E+01  9.679655E+01  3.034338E+00  3.042476E+00  3.129722E+00  3.212285E+00  3.387523E+00  3.735416E+00
  4.441888E+00  5.811268E+00  8.543787E+00  1.373705E+01  2.286304E+01  3.701290E+01  5.453572E+01  7.090440E+01  8.306638E+01  9.068219E+01
  9.489496E+01  9.694584E+01  3.416778E+00  3.429553E+00  3.527136E+00  3.630415E+00  3.835838E+00  4.241870E+00  5.070942E+00  6.668126E+00
  9.833626E+00  1.574310E+01  2.576957E+01  4.046133E+01  5.751064E+01  7.286671E+01  8.420885E+01  9.130978E+01  9.523762E+01  9.714992E+01
  4.043060E+00  4.054555E+00  4.182283E+00  4.313449E+00  4.576753E+00  5.086404E+00  6.119657E+00  8.114572E+00  1.198249E+01  1.898137E+01
  3.019179E+01  4.523514E+01  6.130528E+01  7.531244E+01  8.563203E+01  9.209203E+01  9.566486E+01  9.740459E+01  5.140417E+00  5.154650E+00
  5.335768E+00  5.514012E+00  5.875609E+00  6.581708E+00  8.005154E+00  1.069932E+01  1.574968E+01  2.434784E+01  3.678614E+01  5.143968E+01
  6.584208E+01  7.820159E+01  8.731307E+01  9.301658E+01  9.616998E+01  9.770609E+01  7.342433E+00  7.364722E+00  7.649432E+00  7.951830E+00
  8.527608E+00  9.647882E+00  1.187447E+01  1.592855E+01  2.296762E+01  3.351838E+01  4.621035E+01  5.896056E+01  7.105408E+01  8.151814E+01
  8.924407E+01  9.407850E+01  9.675079E+01  9.805299E+01  1.346751E+01  1.350595E+01  1.411890E+01  1.471639E+01  1.595260E+01  1.820661E+01
  2.233360E+01  2.901654E+01  3.835973E+01  4.864680E+01  5.818833E+01  6.759441E+01  7.705127E+01  8.533765E+01  9.146889E+01  9.530374E+01
  9.742151E+01  9.845438E+01  4.969007E+01  4.984056E+01  5.041340E+01  5.103209E+01  5.178460E+01  5.303608E+01  5.467303E+01  5.680314E+01
  6.007291E+01  6.443424E+01  6.999635E+01  7.635617E+01  8.322355E+01  8.926625E+01  9.375402E+01  9.656414E+01  9.811658E+01  9.887008E+01
  2.637310E+00  2.642763E+00  2.714354E+00  2.787808E+00  2.930329E+00  3.220257E+00  3.803537E+00  4.950609E+00  7.239689E+00  1.168580E+01
  1.979235E+01  3.314410E+01  5.090553E+01  6.850079E+01  8.167506E+01  8.989989E+01  9.446218E+01  9.665402E+01  2.675772E+00  2.682845E+00
  2.755678E+00  2.832574E+00  2.977717E+00  3.269977E+00  3.867893E+00  5.040064E+00  7.373246E+00  1.189638E+01  2.011832E+01  3.357362E+01
  5.132614E+01  6.879272E+01  8.184525E+01  8.999349E+01  9.451331E+01  9.668476E+01  2.803200E+00  2.809310E+00  2.884213E+00  2.964597E+00
  3.121348E+00  3.436970E+00  4.075122E+00  5.321039E+00  7.796118E+00  1.256095E+01  2.113460E+01  3.489597E+01  5.259286E+01  6.966084E+01
  8.235216E+01  9.027190E+01  9.466568E+01  9.677631E+01  3.034338E+00  3.041557E+00  3.128600E+00  3.214601E+00  3.388191E+00  3.740924E+00
  4.449165E+00  5.839001E+00  8.576262E+00  1.378747E+01  2.297624E+01  3.720925E+01  5.471312E+01  7.108752E+01  8.318336E+01  9.072873E+01
  9.491544E+01  9.692643E+01  3.416778E+00  3.427329E+00  3.526253E+00  3.631110E+00  3.837473E+00  4.249409E+00  5.082016E+00  6.704314E+00
  9.874443E+00  1.580671E+01  2.590095E+01  4.066760E+01  5.767855E+01  7.303900E+01  8.431797E+01  9.135228E+01  9.525672E+01  9.713171E+01
  4.043060E+00  4.051533E+00  4.181752E+00  4.316561E+00  4.579360E+00  5.095872E+00  6.134360E+00  8.161138E+00  1.204257E+01  1.906910E+01
  3.034833E+01  4.544250E+01  6.145754E+01  7.547066E+01  8.573129E+01  9.212955E+01  9.568228E+01  9.738788E+01  5.140417E+00  5.154184E+00
  5.335055E+00  5.517664E+00  5.880353E+00  6.597868E+00  8.033309E+00  1.076638E+01  1.583983E+01  2.446922E+01  3.696416E+01  5.163657E+01
  6.597401E+01  7.834337E+01  8.740109E+01  9.304860E+01  9.618569E+01  9.769130E+01  7.342433E+00  7.358946E+00  7.649466E+00  7.960898E+00
  8.539908E+00  9.681388E+00  1.192308E+01  1.603535E+01  2.311037E+01  3.368354E+01  4.638387E+01  5.912750E+01  7.116391E+01  8.164049E+01
  8.931885E+01  9.410459E+01  9.676446E+01  9.804056E+01  1.346751E+01  1.349759E+01  1.411826E+01  1.473657E+01  1.597478E+01  1.827250E+01
  2.244683E+01  2.920402E+01  3.854493E+01  4.878516E+01  5.831066E+01  6.773009E+01  7.713831E+01  8.544051E+01  9.153003E+01  9.532311E+01
  9.743320E+01  9.844457E+01  4.969007E+01  4.979631E+01  5.040578E+01  5.105113E+01  5.178639E+01  5.308689E+01  5.471971E+01  5.690048E+01
  6.013576E+01  6.449817E+01  7.003851E+01  7.644746E+01  8.328159E+01  8.933344E+01  9.379710E+01  9.657840E+01  9.812546E+01  9.886219E+01
  2.637310E+00  2.644589E+00  2.716173E+00  2.788686E+00  2.931307E+00  3.223971E+00  3.808053E+00  4.961453E+00  7.258055E+00  1.174320E+01
  1.994144E+01  3.332984E+01  5.114710E+01  6.868324E+01  8.179263E+01  8.997263E+01  9.447821E+01  9.663103E+01  2.675772E+00  2.683082E+00
  2.756174E+00  2.833530E+00  2.978603E+00  3.274514E+00  3.871887E+00  5.051184E+00  7.391256E+00  1.195609E+01  2.026981E+01  3.376125E+01
  5.156664E+01  6.897357E+01  8.196128E+01  9.006560E+01  9.452915E+01  9.666196E+01  2.803200E+00  2.808255E+00  2.886153E+00  2.966029E+00
  3.121916E+00  3.440883E+00  4.080346E+00  5.333904E+00  7.818173E+00  1.262585E+01  2.129429E+01  3.508962E+01  5.283197E+01  6.983743E+01
  8.246517E+01  9.034222E+01  9.468102E+01  9.675409E+01  3.034338E+00  3.040386E+00  3.130664E+00  3.215966E+00  3.389262E+00  3.746645E+00
  4.457190E+00  5.856882E+00  8.602813E+00  1.386233E+01  2.315236E+01  3.741140E+01  5.494690E+01  7.125587E+01  8.329093E+01  9.079597E+01
  9.492993E+01  9.690517E+01  3.416778E+00  3.425166E+00  3.528579E+00  3.633110E+00  3.837829E+00  4.256252E+00  5.090765E+00  6.723514E+00
  9.912670E+00  1.589953E+01  2.609950E+01  4.087802E+01  5.790353E+01  7.319601E+01  8.441807E+01  9.141552E+01  9.527015E+01  9.711180E+01
  4.043060E+00  4.054317E+00  4.184574E+00  4.321436E+00  4.581948E+00  5.105673E+00  6.148992E+00  8.190710E+00  1.209153E+01  1.918871E+01
  3.057467E+01  4.565446E+01  6.166603E+01  7.561423E+01  8.582230E+01  9.218780E+01  9.569442E+01  9.736971E+01  5.140417E+00  5.150723E+00
  5.338825E+00  5.521497E+00  5.885412E+00  6.615055E+00  8.057590E+00  1.081366E+01  1.591997E+01  2.463094E+01  3.721885E+01  5.183653E+01
  6.616067E+01  7.847115E+01  8.748180E+01  9.310106E+01  9.619637E+01  9.767524E+01  7.342433E+00  7.358765E+00  7.656990E+00  7.969581E+00
  8.549900E+00  9.715012E+00  1.197131E+01  1.612808E+01  2.323964E+01  3.388667E+01  4.663078E+01  5.929797E+01  7.132597E+01  8.175087E+01
  8.938831E+01  9.415040E+01  9.677377E+01  9.802705E+01  1.346751E+01  1.350321E+01  1.413740E+01  1.475466E+01  1.600762E+01  1.833729E+01
  2.254865E+01  2.936342E+01  3.870587E+01  4.896385E+01  5.850682E+01  6.786353E+01  7.727356E+01  8.553307E+01  9.158633E+01  9.536134E+01
  9.744106E+01  9.843401E+01  4.969007E+01  4.977727E+01  5.043462E+01  5.106089E+01  5.181662E+01  5.311201E+01  5.475293E+01  5.696338E+01
  6.015536E+01  6.451844E+01  7.017798E+01  7.652576E+01  8.337237E+01  8.939680E+01  9.384624E+01  9.660742E+01  9.812989E+01  9.885552E+01
  2.637310E+00  2.644887E+00  2.715915E+00  2.788273E+00  2.931519E+00  3.228663E+00  3.810785E+00  4.978712E+00  7.280053E+00  1.180350E+01
  2.002209E+01  3.348840E+01  5.135111E+01  6.885751E+01  8.190118E+01  9.003134E+01  9.449146E+01  9.660541E+01  2.675772E+00  2.683399E+00
  2.756133E+00  2.833325E+00  2.979313E+00  3.279777E+00  3.875513E+00  5.069223E+00  7.412768E+00  1.201886E+01  2.035162E+01  3.392075E+01
  5.177029E+01  6.914586E+01  8.206892E+01  9.012375E+01  9.454226E+01  9.663657E+01  2.803200E+00  2.810723E+00  2.885995E+00  2.966885E+00
  3.123482E+00  3.447588E+00  4.085418E+00  5.352926E+00  7.842953E+00  1.269474E+01  2.138378E+01  3.525491E+01  5.303388E+01  7.000497E+01
  8.256935E+01  9.039871E+01  9.469363E+01  9.672936E+01  3.034338E+00  3.041885E+00  3.130759E+00  3.216268E+00  3.389879E+00  3.751515E+00
  4.462441E+00  5.879028E+00  8.632331E+00  1.394116E+01  2.325450E+01  3.758540E+01  5.514469E+01  7.141522E+01  8.338956E+01  9.084966E+01
  9.494180E+01  9.688157E+01  3.416778E+00  3.426911E+00  3.528157E+00  3.632958E+00  3.839514E+00  4.262261E+00  5.098414E+00  6.752544E+00
  9.950611E+00  1.599534E+01  2.621970E+01  4.106020E+01  5.809114E+01  7.334414E+01  8.450948E+01  9.146556E+01  9.528098E+01  9.708966E+01
  4.043060E+00  4.054815E+00  4.184987E+00  4.320845E+00  4.585162E+00  5.116709E+00  6.161172E+00  8.228877E+00  1.214729E+01  1.931270E+01
  3.071807E+01  4.583957E+01  6.183928E+01  7.574823E+01  8.590469E+01  9.223323E+01  9.570405E+01  9.734951E+01  5.140417E+00  5.153755E+00
  5.338767E+00  5.523774E+00  5.890423E+00  6.631351E+00  8.079196E+00  1.087447E+01  1.600928E+01  2.479309E+01  3.738056E+01  5.201293E+01
  6.631371E+01  7.858886E+01  8.755397E+01  9.314131E+01  9.620475E+01  9.765741E+01  7.342433E+00  7.362258E+00  7.660296E+00  7.975855E+00
  8.561741E+00  9.746919E+00  1.202107E+01  1.623009E+01  2.338406E+01  3.408932E+01  4.678715E+01  5.944789E+01  7.145549E+01  8.185136E+01
  8.944955E+01  9.418462E+01  9.678097E+01  9.801212E+01  1.346751E+01  1.350023E+01  1.414037E+01  1.476336E+01  1.603770E+01  1.840579E+01
  2.264162E+01  2.954073E+01  3.889428E+01  4.913452E+01  5.861439E+01  6.798614E+01  7.737924E+01  8.561527E+01  9.163567E+01  9.538941E+01
  9.744705E+01  9.842255E+01  4.969007E+01  4.983721E+01  5.045431E+01  5.105731E+01  5.183477E+01  5.313903E+01  5.475557E+01  5.702530E+01
  6.019389E+01  6.457126E+01  7.026702E+01  7.662244E+01  8.344108E+01  8.946732E+01  9.388083E+01  9.663023E+01  9.813635E+01  9.884761E+01
  2.637310E+00  2.642215E+00  2.717957E+00  2.788576E+00  2.932232E+00  3.233170E+00  3.817659E+00  4.982875E+00  7.312952E+00  1.184494E+01
  2.011676E+01  3.366265E+01  5.155122E+01  6.904391E+01  8.202327E+01  9.009126E+01  9.450596E+01  9.658136E+01  2.675772E+00  2.682066E+00
  2.759067E+00  2.832673E+00  2.979551E+00  3.283370E+00  3.882522E+00  5.072911E+00  7.447111E+00  1.206157E+01  2.044905E+01  3.409702E+01
  5.196976E+01  6.933062E+01  8.219019E+01  9.018307E+01  9.455656E+01  9.661272E+01  2.803200E+00  2.808090E+00  2.887561E+00  2.966689E+00
  3.123332E+00  3.453118E+00  4.091189E+00  5.359592E+00  7.878452E+00  1.274151E+01  2.148836E+01  3.543702E+01  5.323189E+01  7.018497E+01
  8.268743E+01  9.045643E+01  9.470749E+01  9.670612E+01  3.034338E+00  3.040872E+00  3.131820E+00  3.215504E+00  3.390443E+00  3.757751E+00
  4.470843E+00  5.887367E+00  8.674516E+00  1.400018E+01  2.337310E+01  3.777576E+01  5.533833E+01  7.158791E+01  8.350249E+01  9.090472E+01
  9.495496E+01  9.685932E+01  3.416778E+00  3.426449E+00  3.530431E+00  3.634132E+00  3.840219E+00  4.269416E+00  5.110029E+00  6.767525E+00
  1.000324E+01  1.606687E+01  2.635692E+01  4.125845E+01  5.827687E+01  7.350534E+01  8.461570E+01  9.151698E+01  9.529314E+01  9.706884E+01
  4.043060E+00  4.050870E+00  4.187275E+00  4.322621E+00  4.587431E+00  5.127331E+00  6.179709E+00  8.248292E+00  1.221976E+01  1.940865E+01
  3.087749E+01  4.603979E+01  6.201134E+01  7.589600E+01  8.600244E+01  9.228025E+01  9.571513E+01  9.733044E+01  5.140417E+00  5.152779E+00
  5.343464E+00  5.527062E+00  5.894887E+00  6.647015E+00  8.108578E+00  1.091564E+01  1.611374E+01  2.492636E+01  3.756379E+01  5.220021E+01
  6.646806E+01  7.872121E+01  8.764159E+01  9.318325E+01  9.621457E+01  9.764056E+01  7.342433E+00  7.357078E+00  7.668831E+00  7.982249E+00
  8.574615E+00  9.780258E+00  1.207108E+01  1.630732E+01  2.354656E+01  3.425871E+01  4.696225E+01  5.960860E+01  7.158914E+01  8.196757E+01
  8.952609E+01  9.422126E+01  9.678956E+01  9.799789E+01  1.346751E+01  1.349548E+01  1.415994E+01  1.478272E+01  1.606353E+01  1.847402E+01
  2.275587E+01  2.967761E+01  3.910123E+01  4.927441E+01  5.874070E+01  6.811482E+01  7.749055E+01  8.571259E+01  9.169955E+01  9.542018E+01
  9.745431E+01  9.841162E+01  4.969007E+01  4.980990E+01  5.048773E+01  5.106569E+01  5.182101E+01  5.315870E+01  5.479518E+01  5.704901E+01
  6.030224E+01  6.464569E+01  7.028713E+01  7.669242E+01  8.352275E+01  8.952907E+01  9.391574E+01  9.665247E+01  9.814162E+01  9.883955E+01
  2.637310E+00  2.643230E+00  2.716842E+00  2.790389E+00  2.934168E+00  3.235378E+00  3.821186E+00  5.005550E+00  7.344290E+00  1.188589E+01
  2.021141E+01  3.384425E+01  5.174242E+01  6.920908E+01  8.212909E+01  9.014149E+01  9.451788E+01  9.655218E+01  2.675772E+00  2.681337E+00
  2.758810E+00  2.837052E+00  2.982305E+00  3.285631E+00  3.887420E+00  5.096269E+00  7.478466E+00  1.210372E+01  2.054521E+01  3.428133E+01
  5.216052E+01  6.949438E+01  8.229501E+01  9.023273E+01  9.456840E+01  9.658379E+01  2.803200E+00  2.807077E+00  2.887088E+00  2.969155E+00
  3.126861E+00  3.455342E+00  4.096196E+00  5.382873E+00  7.913234E+00  1.278995E+01  2.159204E+01  3.562507E+01  5.342024E+01  7.034549E+01
  8.278930E+01  9.050450E+01  9.471899E+01  9.667793E+01  3.034338E+00  3.040324E+00  3.130658E+00  3.219041E+00  3.394601E+00  3.761892E+00
  4.477666E+00  5.914410E+00  8.717381E+00  1.405644E+01  2.348992E+01  3.797081E+01  5.552265E+01  7.174014E+01  8.359946E+01  9.095027E+01
  9.496594E+01  9.683241E+01  3.416778E+00  3.424713E+00  3.529268E+00  3.636376E+00  3.844633E+00  4.274284E+00  5.117584E+00  6.800697E+00
  1.005480E+01  1.613964E+01  2.649264E+01  4.145987E+01  5.845445E+01  7.364772E+01  8.470585E+01  9.155919E+01  9.530338E+01  9.704366E+01
  4.043060E+00  4.050738E+00  4.186266E+00  4.326632E+00  4.592412E+00  5.133576E+00  6.193991E+00  8.294051E+00  1.228976E+01  1.950568E+01
  3.103603E+01  4.624335E+01  6.217258E+01  7.602590E+01  8.608462E+01  9.231823E+01  9.572455E+01  9.730750E+01  5.140417E+00  5.150855E+00
  5.342821E+00  5.532379E+00  5.905174E+00  6.660303E+00  8.131793E+00  1.098254E+01  1.621722E+01  2.506268E+01  3.774339E+01  5.239025E+01
  6.661014E+01  7.883670E+01  8.771445E+01  9.321661E+01  9.622316E+01  9.762026E+01  7.342433E+00  7.357002E+00  7.672378E+00  7.991343E+00
  8.590756E+00  9.804830E+00  1.212232E+01  1.642343E+01  2.370888E+01  3.443167E+01  4.714511E+01  5.977083E+01  7.171133E+01  8.206696E+01
  8.958890E+01  9.424966E+01  9.679742E+01  9.798085E+01  1.346751E+01  1.349035E+01  1.416210E+01  1.481207E+01  1.610083E+01  1.853834E+01
  2.285333E+01  2.987094E+01  3.929337E+01  4.942211E+01  5.886820E+01  6.824223E+01  7.759142E+01  8.579517E+01  9.175117E+01  9.544339E+01
  9.746155E+01  9.839874E+01  4.969007E+01  4.977783E+01  5.047618E+01  5.110500E+01  5.189480E+01  5.322209E+01  5.483775E+01  5.718821E+01
  6.036504E+01  6.473612E+01  7.038839E+01  7.678860E+01  8.357473E+01  8.960501E+01  9.395089E+01  9.666868E+01  9.814603E+01  9.882682E+01
  2.637310E+00  2.642582E+00  2.717145E+00  2.789054E+00  2.935171E+00  3.231901E+00  3.818326E+00  4.996803E+00  7.328626E+00  1.189319E+01
  2.018281E+01  3.377084E+01  5.165382E+01  6.912506E+01  8.207664E+01  9.010572E+01  9.447607E+01  9.649759E+01  2.675772E+00  2.680748E+00
  2.758484E+00  2.833510E+00  2.983019E+00  3.281460E+00  3.884735E+00  5.086484E+00  7.463387E+00  1.210992E+01  2.051591E+01  3.420718E+01
  5.207213E+01  6.941106E+01  8.224303E+01  9.019740E+01  9.452695E+01  9.652967E+01  2.803200E+00  2.807036E+00  2.887173E+00  2.967449E+00
  3.127320E+00  3.450624E+00  4.091743E+00  5.373446E+00  7.896267E+00  1.279488E+01  2.155952E+01  3.554887E+01  5.333285E+01  7.026308E+01
  8.273885E+01  9.047028E+01  9.467861E+01  9.662524E+01  3.034338E+00  3.040518E+00  3.131693E+00  3.218259E+00  3.394330E+00  3.755793E+00
  4.474103E+00  5.903278E+00  8.695909E+00  1.405933E+01  2.345231E+01  3.789222E+01  5.543653E+01  7.166226E+01  8.355150E+01  9.091790E+01
  9.492722E+01  9.678204E+01  3.416778E+00  3.424762E+00  3.529730E+00  3.635673E+00  3.846567E+00  4.269436E+00  5.111784E+00  6.787191E+00
  1.003053E+01  1.613702E+01  2.644740E+01  4.137922E+01  5.836915E+01  7.357466E+01  8.466146E+01  9.152925E+01  9.526711E+01  9.699648E+01
  4.043060E+00  4.049841E+00  4.187316E+00  4.324903E+00  4.593859E+00  5.127587E+00  6.185718E+00  8.274078E+00  1.225746E+01  1.949523E+01
  3.098294E+01  4.616248E+01  6.209538E+01  7.595883E+01  8.604438E+01  9.229140E+01  9.569114E+01  9.726434E+01  5.140417E+00  5.151481E+00
  5.343679E+00  5.529220E+00  5.903141E+00  6.651201E+00  8.118393E+00  1.095420E+01  1.617088E+01  2.504075E+01  3.768227E+01  5.231767E+01
  6.654050E+01  7.877679E+01  8.767896E+01  9.319338E+01  9.619320E+01  9.758194E+01  7.342433E+00  7.357544E+00  7.671633E+00  7.988948E+00
  8.589168E+00  9.787878E+00  1.209521E+01  1.637301E+01  2.363581E+01  3.439942E+01  4.708899E+01  5.971185E+01  7.164956E+01  8.201546E+01
  8.955869E+01  9.423032E+01  9.677145E+01  9.794810E+01  1.346751E+01  1.348875E+01  1.416389E+01  1.479098E+01  1.609574E+01  1.850235E+01
  2.280710E+01  2.979070E+01  3.920982E+01  4.940936E+01  5.882919E+01  6.819843E+01  7.753774E+01  8.575278E+01  9.172696E+01  9.542802E+01
  9.744036E+01  9.837234E+01  4.969007E+01  4.977430E+01  5.050708E+01  5.107062E+01  5.186864E+01  5.315417E+01  5.482216E+01  5.711993E+01
  6.034857E+01  6.473265E+01  7.035178E+01  7.675074E+01  8.354205E+01  8.956072E+01  9.393601E+01  9.665630E+01  9.813004E+01  9.881034E+01
  2.637310E+00  2.645611E+00  2.717231E+00  2.787814E+00  2.932455E+00  3.225031E+00  3.812111E+00  4.976936E+00  7.291028E+00  1.181908E+01
  2.003483E+01  3.357115E+01  5.139390E+01  6.891349E+01  8.191632E+01  8.999503E+01  9.440476E+01  9.642928E+01  2.675772E+00  2.684145E+00
  2.757927E+00  2.834936E+00  2.980679E+00  3.276250E+00  3.876428E+00  5.067043E+00  7.423688E+00  1.203512E+01  2.036500E+01  3.400527E+01
  5.181263E+01  6.920125E+01  8.208400E+01  9.008762E+01  9.445628E+01  9.646196E+01  2.803200E+00  2.811562E+00  2.887014E+00  2.967251E+00
  3.125372E+00  3.443340E+00  4.085780E+00  5.351898E+00  7.854899E+00  1.271213E+01  2.139904E+01  3.534050E+01  5.307563E+01  7.005913E+01
  8.258382E+01  9.036309E+01  9.460978E+01  9.655932E+01  3.034338E+00  3.044735E+00  3.131601E+00  3.215878E+00  3.391587E+00  3.747516E+00
  4.464022E+00  5.877201E+00  8.646072E+00  1.396285E+01  2.327274E+01  3.767393E+01  5.518539E+01  7.146751E+01  8.340320E+01  9.081506E+01
  9.486141E+01  9.671903E+01  3.416778E+00  3.429296E+00  3.528782E+00  3.633153E+00  3.842092E+00  4.259573E+00  5.100783E+00  6.753925E+00
  9.969171E+00  1.602173E+01  2.624360E+01  4.115236E+01  5.812929E+01  7.339359E+01  8.452195E+01  9.143224E+01  9.520547E+01  9.693752E+01
  4.043060E+00  4.057243E+00  4.186406E+00  4.320688E+00  4.587419E+00  5.112419E+00  6.166533E+00  8.230731E+00  1.217195E+01  1.934890E+01
  3.074761E+01  4.593394E+01  6.187366E+01  7.579429E+01  8.591595E+01  9.220178E+01  9.563469E+01  9.721040E+01  5.140417E+00  5.157553E+00
  5.341090E+00  5.524477E+00  5.894271E+00  6.627205E+00  8.087413E+00  1.088100E+01  1.604443E+01  2.484319E+01  3.741647E+01  5.210218E+01
  6.634315E+01  7.863129E+01  8.756387E+01  9.311235E+01  9.614297E+01  9.753395E+01  7.342433E+00  7.366254E+00  7.663227E+00  7.977766E+00
  8.571227E+00  9.743656E+00  1.203650E+01  1.624697E+01  2.344121E+01  3.415488E+01  4.681818E+01  5.952922E+01  7.147957E+01  8.189030E+01
  8.945812E+01  9.415930E+01  9.672802E+01  9.790694E+01  1.346751E+01  1.351008E+01  1.415051E+01  1.476832E+01  1.605569E+01  1.841035E+01
  2.267865E+01  2.957836E+01  3.896651E+01  4.919737E+01  5.862774E+01  6.805810E+01  7.739867E+01  8.564992E+01  9.164292E+01  9.536857E+01
  9.740456E+01  9.833900E+01  4.969007E+01  4.984113E+01  5.046857E+01  5.106614E+01  5.185918E+01  5.312013E+01  5.476144E+01  5.702040E+01
  6.024387E+01  6.460412E+01  7.025583E+01  7.667406E+01  8.347098E+01  8.949155E+01  9.388671E+01  9.661594E+01  9.810503E+01  9.878562E+01
  2.637310E+00  2.644515E+00  2.716053E+00  2.787100E+00  2.931525E+00  3.226742E+00  3.810018E+00  4.964170E+00  7.261595E+00  1.174927E+01
  1.993013E+01  3.332256E+01  5.115724E+01  6.866266E+01  8.175883E+01  8.989748E+01  9.433305E+01  9.636397E+01  2.675772E+00  2.682073E+00
  2.755495E+00  2.831803E+00  2.978962E+00  3.275838E+00  3.874403E+00  5.054740E+00  7.394845E+00  1.196212E+01  2.025808E+01  3.375430E+01
  5.157672E+01  6.895317E+01  8.192781E+01  8.999099E+01  9.438520E+01  9.639722E+01  2.803200E+00  2.809800E+00  2.886658E+00  2.964403E+00
  3.122426E+00  3.443484E+00  4.083384E+00  5.336818E+00  7.822564E+00  1.263309E+01  2.128424E+01  3.508260E+01  5.284199E+01  6.981666E+01
  8.243194E+01  9.026912E+01  9.454053E+01  9.649626E+01  3.034338E+00  3.042198E+00  3.130171E+00  3.215125E+00  3.389450E+00  3.748464E+00
  4.459957E+00  5.860034E+00  8.607655E+00  1.387005E+01  2.314318E+01  3.740559E+01  5.495745E+01  7.123516E+01  8.325847E+01  9.072546E+01
  9.479531E+01  9.665884E+01  3.416778E+00  3.426198E+00  3.528035E+00  3.632370E+00  3.838575E+00  4.257539E+00  5.094993E+00  6.727758E+00
  9.918649E+00  1.590851E+01  2.609197E+01  4.087254E+01  5.791344E+01  7.317493E+01  8.438669E+01  9.134853E+01  9.514361E+01  9.688123E+01
  4.043060E+00  4.053350E+00  4.183670E+00  4.318306E+00  4.583146E+00  5.109510E+00  6.153624E+00  8.196672E+00  1.209969E+01  1.920197E+01
  3.056981E+01  4.564942E+01  6.167581E+01  7.559337E+01  8.579266E+01  9.212546E+01  9.557813E+01  9.715894E+01  5.140417E+00  5.153513E+00
  5.338781E+00  5.520565E+00  5.886242E+00  6.619978E+00  8.064261E+00  1.082324E+01  1.593524E+01  2.464696E+01  3.721774E+01  5.183009E+01
  6.616969E+01  7.845068E+01  8.745438E+01  9.304459E+01  9.609269E+01  9.748822E+01  7.342433E+00  7.358634E+00  7.656233E+00  7.970966E+00
  8.553080E+00  9.724059E+00  1.198224E+01  1.614487E+01  2.326484E+01  3.390469E+01  4.663171E+01  5.929052E+01  7.133370E+01  8.173154E+01
  8.936411E+01  9.410147E+01  9.668488E+01  9.786774E+01  1.346751E+01  1.349847E+01  1.413817E+01  1.475394E+01  1.601147E+01  1.835156E+01
  2.257050E+01  2.939357E+01  3.874139E+01  4.897581E+01  5.850603E+01  6.785413E+01  7.727930E+01  8.551607E+01  9.156669E+01  9.532193E+01
  9.736983E+01  9.830730E+01  4.969007E+01  4.981956E+01  5.042353E+01  5.105436E+01  5.182255E+01  5.312893E+01  5.476256E+01  5.698972E+01
  6.017650E+01  6.451422E+01  7.017146E+01  7.652232E+01  8.337554E+01  8.938432E+01  9.383054E+01  9.658020E+01  9.808051E+01  9.876235E+01
  2.637310E+00  2.647193E+00  2.713907E+00  2.787343E+00  2.930203E+00  3.219511E+00  3.799686E+00  4.943067E+00  7.240217E+00  1.166892E+01
  1.977757E+01  3.307885E+01  5.086574E+01  6.844044E+01  8.160114E+01  8.979039E+01  9.425830E+01  9.629765E+01  2.675772E+00  2.685145E+00
  2.754464E+00  2.830918E+00  2.976810E+00  3.269361E+00  3.864281E+00  5.032581E+00  7.372755E+00  1.187889E+01  2.010314E+01  3.350846E+01
  5.128623E+01  6.873297E+01  8.177183E+01  8.988450E+01  9.431110E+01  9.633147E+01  2.803200E+00  2.812253E+00  2.883389E+00  2.964324E+00
  3.120929E+00  3.436657E+00  4.070920E+00  5.313913E+00  7.796081E+00  1.254300E+01  2.111825E+01  3.483030E+01  5.255387E+01  6.960226E+01
  8.228011E+01  9.016557E+01  9.446837E+01  9.643227E+01  3.034338E+00  3.045368E+00  3.128267E+00  3.213566E+00  3.387345E+00  3.739728E+00
  4.444627E+00  5.830305E+00  8.575450E+00  1.376768E+01  2.295934E+01  3.714286E+01  5.467535E+01  7.103111E+01  8.311390E+01  9.062650E+01
  9.472635E+01  9.659769E+01  3.416778E+00  3.429500E+00  3.524997E+00  3.630549E+00  3.835887E+00  4.247132E+00  5.077391E+00  6.695020E+00
  9.874420E+00  1.578590E+01  2.588242E+01  4.060026E+01  5.764292E+01  7.298517E+01  8.425194E+01  9.125582E+01  9.507896E+01  9.682392E+01
  4.043060E+00  4.056231E+00  4.180753E+00  4.316696E+00  4.578553E+00  5.095932E+00  6.128794E+00  8.149811E+00  1.204112E+01  1.904354E+01
  3.032759E+01  4.537631E+01  6.142526E+01  7.542049E+01  8.566985E+01  9.204060E+01  9.551893E+01  9.710658E+01  5.140417E+00  5.158734E+00
  5.333436E+00  5.515506E+00  5.879529E+00  6.595812E+00  8.025535E+00  1.075149E+01  1.583676E+01  2.444151E+01  3.694196E+01  5.157302E+01
  6.594618E+01  7.829796E+01  8.734536E+01  9.296877E+01  9.603991E+01  9.744160E+01  7.342433E+00  7.367509E+00  7.647705E+00  7.958044E+00
  8.538532E+00  9.678253E+00  1.191370E+01  1.601564E+01  2.310591E+01  3.364896E+01  4.636396E+01  5.907164E+01  7.114078E+01  8.160104E+01
  8.927058E+01  9.403589E+01  9.663927E+01  9.782775E+01  1.346751E+01  1.351662E+01  1.411732E+01  1.473282E+01  1.597007E+01  1.826548E+01
  2.242932E+01  2.917471E+01  3.854341E+01  4.875792E+01  5.829775E+01  6.768147E+01  7.711878E+01  8.540905E+01  9.149049E+01  9.526830E+01
  9.733250E+01  9.827496E+01  4.969007E+01  4.988437E+01  5.041560E+01  5.102413E+01  5.177423E+01  5.305742E+01  5.469358E+01  5.689172E+01
  6.014019E+01  6.448050E+01  7.002619E+01  7.641333E+01  8.326041E+01  8.931839E+01  9.376888E+01  9.654422E+01  9.805114E+01  9.873916E+01
  4.898602E+00  4.851080E+00  5.095453E+00  5.308424E+00  5.729885E+00  6.503738E+00  8.165907E+00  1.107595E+01  1.595949E+01  2.384306E+01
  3.539925E+01  5.000655E+01  6.547421E+01  7.859708E+01  8.786552E+01  9.348393E+01  9.660679E+01  9.824344E+01  4.898602E+00  4.879497E+00
  5.092297E+00  5.325874E+00  5.674270E+00  6.456635E+00  8.020036E+00  1.085874E+01  1.565644E+01  2.327004E+01  3.477290E+01  4.920023E+01
  6.472993E+01  7.805854E+01  8.748522E+01  9.326366E+01  9.647339E+01  9.814394E+01  4.898602E+00  4.909459E+00  5.098649E+00  5.308671E+00
  5.629000E+00  6.461269E+00  7.966372E+00  1.076734E+01  1.546323E+01  2.308133E+01  3.449150E+01  4.889062E+01  6.441411E+01  7.781493E+01
  8.732249E+01  9.316899E+01  9.640973E+01  9.808089E+01  4.898602E+00  4.854763E+00  5.092260E+00  5.282639E+00  5.615005E+00  6.415294E+00
  7.902627E+00  1.074359E+01  1.535904E+01  2.292950E+01  3.432114E+01  4.868217E+01  6.421965E+01  7.765498E+01  8.722135E+01  9.310027E+01
  9.635287E+01  9.802374E+01  4.898602E+00  4.929932E+00  5.091588E+00  5.264081E+00  5.649899E+00  6.452860E+00  7.879177E+00  1.068319E+01
  1.530066E+01  2.279701E+01  3.407355E+01  4.846467E+01  6.403494E+01  7.750581E+01  8.712447E+01  9.303612E+01  9.630717E+01  9.797340E+01
  4.898602E+00  4.936381E+00  5.094957E+00  5.270633E+00  5.582769E+00  6.411707E+00  7.874037E+00  1.061294E+01  1.520641E+01  2.268159E+01
  3.396338E+01  4.822122E+01  6.377732E+01  7.732619E+01  8.700701E+01  9.295555E+01  9.625138E+01  9.791847E+01  4.898602E+00  4.816495E+00
  5.102550E+00  5.252368E+00  5.612535E+00  6.387280E+00  7.830000E+00  1.055791E+01  1.511181E+01  2.242930E+01  3.364674E+01  4.795133E+01
  6.352636E+01  7.709632E+01  8.685742E+01  9.286999E+01  9.618841E+01  9.785507E+01  4.898602E+00  5.000420E+00  5.073355E+00  5.298342E+00
  5.628501E+00  6.375666E+00  7.811502E+00  1.052164E+01  1.497627E+01  2.229526E+01  3.343869E+01  4.762545E+01  6.319165E+01  7.686932E+01
  8.668781E+01  9.277070E+01  9.612142E+01  9.779159E+01  4.898602E+00  4.983241E+00  5.037243E+00  5.276558E+00  5.522045E+00  6.368567E+00
  7.647643E+00  1.010665E+01  1.437021E+01  2.147148E+01  3.215031E+01  4.615491E+01  6.170794E+01  7.570078E+01  8.592954E+01  9.230999E+01
  9.586257E+01  9.762669E+01  4.898602E+00  4.863661E+00  5.082651E+00  5.252581E+00  5.494071E+00  6.332741E+00  7.583143E+00  9.995003E+00
  1.413795E+01  2.112428E+01  3.169601E+01  4.560294E+01  6.119614E+01  7.528092E+01  8.563948E+01  9.213103E+01  9.575103E+01  9.753916E+01
  4.898602E+00  5.023418E+00  5.040175E+00  5.238798E+00  5.455392E+00  6.178135E+00  7.507122E+00  9.702415E+00  1.400570E+01  2.083016E+01
  3.123710E+01  4.501953E+01  6.064791E+01  7.480821E+01  8.532189E+01  9.194601E+01  9.562851E+01  9.745077E+01  4.898602E+00  5.031135E+00
  5.073828E+00  5.237333E+00  5.428010E+00  6.197337E+00  7.462117E+00  9.631809E+00  1.390199E+01  2.067537E+01  3.107966E+01  4.480556E+01
  6.037990E+01  7.462852E+01  8.520198E+01  9.186541E+01  9.557104E+01  9.739720E+01  4.898602E+00  4.836810E+00  5.073390E+00  5.183102E+00
  5.455441E+00  6.241614E+00  7.514318E+00  9.702163E+00  1.396106E+01  2.082330E+01  3.120453E+01  4.497663E+01  6.059396E+01  7.478105E+01
  8.529586E+01  9.192398E+01  9.559102E+01  9.738686E+01  4.898602E+00  4.961393E+00  5.064227E+00  5.236063E+00  5.553897E+00  6.242146E+00
  7.537404E+00  9.759524E+00  1.400002E+01  2.093479E+01  3.135038E+01  4.519635E+01  6.083639E+01  7.494288E+01  8.541591E+01  9.198335E+01
  9.560741E+01  9.736965E+01  4.898602E+00  4.967377E+00  5.035419E+00  5.237059E+00  5.500572E+00  6.280949E+00  7.595793E+00  9.859079E+00
  1.408045E+01  2.101935E+01  3.146315E+01  4.540150E+01  6.098558E+01  7.510066E+01  8.551545E+01  9.202079E+01  9.562493E+01  9.735158E+01
  4.898602E+00  4.859556E+00  5.043461E+00  5.238327E+00  5.499648E+00  6.295325E+00  7.599725E+00  9.927674E+00  1.408743E+01  2.110684E+01
  3.171906E+01  4.560005E+01  6.118811E+01  7.525227E+01  8.561423E+01  9.208118E+01  9.563546E+01  9.733400E+01  4.898602E+00  4.973260E+00
  5.070549E+00  5.235797E+00  5.502573E+00  6.317065E+00  7.588938E+00  9.989136E+00  1.414975E+01  2.122729E+01  3.190979E+01  4.578431E+01
  6.134742E+01  7.538866E+01  8.569822E+01  9.212658E+01  9.564715E+01  9.731339E+01  4.898602E+00  4.931553E+00  5.106621E+00  5.228526E+00
  5.471865E+00  6.333814E+00  7.633764E+00  9.973809E+00  1.427060E+01  2.132442E+01  3.200364E+01  4.595668E+01  6.151589E+01  7.553694E+01
  8.578857E+01  9.217525E+01  9.565853E+01  9.729408E+01  4.898602E+00  4.947765E+00  5.077194E+00  5.266414E+00  5.511919E+00  6.361120E+00
  7.656733E+00  1.011959E+01  1.437072E+01  2.141114E+01  3.214684E+01  4.613640E+01  6.167633E+01  7.567518E+01  8.587237E+01  9.221268E+01
  9.566811E+01  9.727158E+01  4.898602E+00  4.954718E+00  5.133988E+00  5.232154E+00  5.524395E+00  6.330666E+00  7.628437E+00  1.007536E+01
  1.434698E+01  2.143924E+01  3.210011E+01  4.605937E+01  6.158866E+01  7.560555E+01  8.583112E+01  9.218482E+01  9.563372E+01  9.722845E+01
  4.898602E+00  4.995675E+00  5.083714E+00  5.242675E+00  5.521212E+00  6.294648E+00  7.589119E+00  9.962766E+00  1.418959E+01  2.124990E+01
  3.190011E+01  4.587364E+01  6.139548E+01  7.543930E+01  8.570968E+01  9.209838E+01  9.557623E+01  9.717310E+01  4.898602E+00  4.959824E+00
  5.026601E+00  5.229468E+00  5.499672E+00  6.340446E+00  7.617863E+00  9.956310E+00  1.412150E+01  2.114486E+01  3.171727E+01  4.559423E+01
  6.119290E+01  7.523236E+01  8.558641E+01  9.202056E+01  9.552087E+01  9.712117E+01  4.898602E+00  4.983383E+00  5.035675E+00  5.210772E+00
  5.500453E+00  6.283778E+00  7.571219E+00  9.870144E+00  1.408761E+01  2.098664E+01  3.144001E+01  4.534638E+01  6.093813E+01  7.505543E+01
  8.545875E+01  9.193687E+01  9.545898E+01  9.706808E+01
