  6.316838E-01
          18 10.0000000
 -2.000000E+01 -1.000000E+01 -2.107210E+00 -1.806180E+00 -1.505150E+00 -1.204120E+00 -9.030900E-01 -6.020600E-01 -3.010300E-01  0.000000E+00
  3.010300E-01  6.020600E-01  9.030900E-01  1.204120E+00  1.505150E+00  1.806180E+00  2.107210E+00  2.408240E+00
          10 10.0000000
  0.000000E+00  1.000000E+01  2.000000E+01  3.000000E+01  4.000000E+01  5.000000E+01  6.000000E+01  7.000000E+01  8.000000E+01  8.900000E+01
          20  2.0000000
  1.000000E+00  3.000000E+00  5.000000E+00  7.000000E+00  9.000000E+00  1.100000E+01  1.300000E+01  1.500000E+01  1.700000E+01  1.900000E+01
  2.100000E+01  2.300000E+01  2.500000E+01  2.700000E+01  2.900000E+01  3.100000E+01  3.300000E+01  3.500000E+01  3.700000E+01  3.900000E+01
  2.688926E+00  2.685494E+00  2.746511E+00  2.795480E+00  2.909258E+00  3.124952E+00  3.596646E+00  4.551663E+00  6.441494E+00  1.037671E+01
  1.815022E+01  3.184039E+01  5.021917E+01  6.815673E+01  8.150244E+01  8.993441E+01  9.474475E+01  9.730912E+01  2.727531E+00  2.724470E+00
  2.788575E+00  2.837012E+00  2.956595E+00  3.173740E+00  3.662294E+00  4.637845E+00  6.591052E+00  1.062708E+01  1.853626E+01  3.234663E+01
  5.067924E+01  6.845798E+01  8.167616E+01  9.002953E+01  9.479426E+01  9.733466E+01  2.857285E+00  2.853904E+00  2.919620E+00  2.975157E+00
  3.101133E+00  3.338928E+00  3.871786E+00  4.924677E+00  7.037432E+00  1.140033E+01  1.977207E+01  3.393212E+01  5.205261E+01  6.935295E+01
  8.219511E+01  9.031232E+01  9.494247E+01  9.741027E+01  3.089790E+00  3.085251E+00  3.163192E+00  3.227432E+00  3.376197E+00  3.650517E+00
  4.255208E+00  5.489370E+00  7.934412E+00  1.286827E+01  2.202501E+01  3.665612E+01  5.431868E+01  7.082279E+01  8.304908E+01  9.077619E+01
  9.518479E+01  9.753452E+01  3.476694E+00  3.473691E+00  3.570760E+00  3.649987E+00  3.829749E+00  4.178593E+00  4.936763E+00  6.454126E+00
  9.457767E+00  1.528725E+01  2.563280E+01  4.056568E+01  5.744341E+01  7.283539E+01  8.421897E+01  9.141220E+01  9.551766E+01  9.770486E+01
  4.115620E+00  4.110711E+00  4.238601E+00  4.354146E+00  4.608719E+00  5.086420E+00  6.117629E+00  8.167421E+00  1.212766E+01  1.938933E+01
  3.095348E+01  4.586803E+01  6.137676E+01  7.535493E+01  8.568192E+01  9.220819E+01  9.593390E+01  9.791786E+01  5.230385E+00  5.222055E+00
  5.420761E+00  5.608850E+00  6.001070E+00  6.753485E+00  8.324010E+00  1.136410E+01  1.691904E+01  2.606792E+01  3.847736E+01  5.240056E+01
  6.606593E+01  7.834871E+01  8.742168E+01  9.315403E+01  9.642828E+01  9.817091E+01  7.457530E+00  7.451148E+00  7.817686E+00  8.175366E+00
  8.890035E+00  1.027158E+01  1.300729E+01  1.797140E+01  2.594423E+01  3.667334E+01  4.828363E+01  6.002953E+01  7.148367E+01  8.180733E+01
  8.942889E+01  9.424716E+01  9.699923E+01  9.846323E+01  1.364873E+01  1.363436E+01  1.456141E+01  1.542602E+01  1.713173E+01  2.024653E+01
  2.566489E+01  3.361320E+01  4.272842E+01  5.144460E+01  5.986977E+01  6.879636E+01  7.771239E+01  8.578076E+01  9.173776E+01  9.550292E+01
  9.765533E+01  9.879901E+01  4.993378E+01  4.991299E+01  5.084058E+01  5.146286E+01  5.240091E+01  5.356685E+01  5.532126E+01  5.769368E+01
  6.088329E+01  6.507783E+01  7.032033E+01  7.657098E+01  8.329732E+01  8.934232E+01  9.380240E+01  9.662907E+01  9.824326E+01  9.909982E+01
  2.688926E+00  2.682285E+00  2.731405E+00  2.769781E+00  2.850060E+00  3.008277E+00  3.342116E+00  4.008255E+00  5.436434E+00  8.260139E+00
  1.404251E+01  2.476143E+01  4.164787E+01  6.056300E+01  7.617543E+01  8.672571E+01  9.294714E+01  9.636208E+01  2.727531E+00  2.721833E+00
  2.772584E+00  2.811099E+00  2.898061E+00  3.054367E+00  3.401701E+00  4.081019E+00  5.556661E+00  8.450841E+00  1.437540E+01  2.524486E+01
  4.216125E+01  6.093704E+01  7.640379E+01  8.685368E+01  9.301472E+01  9.639676E+01  2.857285E+00  2.851308E+00  2.902774E+00  2.945897E+00
  3.036124E+00  3.210795E+00  3.587463E+00  4.327140E+00  5.920013E+00  9.068081E+00  1.540716E+01  2.674330E+01  4.371596E+01  6.205463E+01
  7.707794E+01  8.723014E+01  9.321521E+01  9.650063E+01  3.089790E+00  3.082920E+00  3.143650E+00  3.194249E+00  3.299566E+00  3.503141E+00
  3.937114E+00  4.802313E+00  6.637033E+00  1.025878E+01  1.735624E+01  2.938112E+01  4.630857E+01  6.388823E+01  7.818821E+01  8.784933E+01
  9.354411E+01  9.667004E+01  3.476694E+00  3.467885E+00  3.546064E+00  3.609426E+00  3.740331E+00  3.998936E+00  4.544746E+00  5.628300E+00
  7.899630E+00  1.229460E+01  2.049532E+01  3.335563E+01  4.993237E+01  6.640210E+01  7.970699E+01  8.869784E+01  9.399400E+01  9.690199E+01
  4.115620E+00  4.105677E+00  4.208658E+00  4.298158E+00  4.486881E+00  4.839165E+00  5.588307E+00  7.078751E+00  1.011362E+01  1.574013E+01
  2.542255E+01  3.889789E+01  5.456631E+01  6.954606E+01  8.160914E+01  8.975731E+01  9.455683E+01  9.719211E+01  5.230385E+00  5.217325E+00
  5.372519E+00  5.513763E+00  5.809366E+00  6.370361E+00  7.527237E+00  9.780214E+00  1.414579E+01  2.162448E+01  3.282676E+01  4.608885E+01
  6.012827E+01  7.328191E+01  8.386434E+01  9.101427E+01  9.522508E+01  9.753704E+01  7.457530E+00  7.441858E+00  7.729915E+00  7.996864E+00
  8.533290E+00  9.561681E+00  1.163120E+01  1.543452E+01  2.209775E+01  3.173808E+01  4.332548E+01  5.480120E+01  6.656459E+01  7.759058E+01
  8.646671E+01  9.246787E+01  9.599627E+01  9.793486E+01  1.364873E+01  1.361099E+01  1.430885E+01  1.494725E+01  1.622181E+01  1.855830E+01
  2.282433E+01  2.961051E+01  3.860722E+01  4.773450E+01  5.634699E+01  6.480039E+01  7.391687E+01  8.251122E+01  8.943783E+01  9.412365E+01
  9.687630E+01  9.838881E+01  4.993378E+01  4.985423E+01  5.069199E+01  5.116265E+01  5.196560E+01  5.295824E+01  5.444370E+01  5.651495E+01
  5.937744E+01  6.311867E+01  6.797993E+01  7.375140E+01  8.041141E+01  8.684705E+01  9.205413E+01  9.557622E+01  9.765137E+01  9.878848E+01
  2.688926E+00  2.690857E+00  2.721350E+00  2.761195E+00  2.831940E+00  2.972722E+00  3.243921E+00  3.850569E+00  5.023554E+00  7.486166E+00
  1.250225E+01  2.233034E+01  3.841216E+01  5.744471E+01  7.386488E+01  8.525282E+01  9.212409E+01  9.591368E+01  2.727531E+00  2.731003E+00
  2.762473E+00  2.802369E+00  2.877114E+00  3.015762E+00  3.298060E+00  3.922232E+00  5.121103E+00  7.659648E+00  1.280833E+01  2.280428E+01
  3.893709E+01  5.784840E+01  7.411308E+01  8.539250E+01  9.219852E+01  9.595181E+01  2.857285E+00  2.859759E+00  2.891963E+00  2.935695E+00
  3.012575E+00  3.169618E+00  3.475660E+00  4.157073E+00  5.475365E+00  8.230366E+00  1.378489E+01  2.427149E+01  4.054709E+01  5.905083E+01
  7.485556E+01  8.581309E+01  9.242246E+01  9.606796E+01  3.089790E+00  3.092710E+00  3.131621E+00  3.181485E+00  3.272758E+00  3.456371E+00
  3.812293E+00  4.606720E+00  6.128229E+00  9.335705E+00  1.562341E+01  2.689645E+01  4.324961E+01  6.103068E+01  7.607339E+01  8.649760E+01
  9.278924E+01  9.625834E+01  3.476694E+00  3.479595E+00  3.533692E+00  3.595699E+00  3.705980E+00  3.940809E+00  4.397196E+00  5.370698E+00
  7.324715E+00  1.125991E+01  1.867047E+01  3.088945E+01  4.705522E+01  6.374474E+01  7.774004E+01  8.743885E+01  9.329218E+01  9.651917E+01
  4.115620E+00  4.120075E+00  4.193368E+00  4.280718E+00  4.444345E+00  4.766110E+00  5.412582E+00  6.765828E+00  9.416498E+00  1.455661E+01
  2.349287E+01  3.651071E+01  5.193880E+01  6.714272E+01  7.982774E+01  8.862122E+01  9.392166E+01  9.684566E+01  5.230385E+00  5.232818E+00
  5.352976E+00  5.487796E+00  5.750231E+00  6.270216E+00  7.299081E+00  9.400210E+00  1.330697E+01  2.028291E+01  3.087061E+01  4.393100E+01
  5.783940E+01  7.118526E+01  8.231097E+01  9.002042E+01  9.467017E+01  9.723386E+01  7.457530E+00  7.465454E+00  7.702923E+00  7.955701E+00
  8.441964E+00  9.426424E+00  1.130286E+01  1.486417E+01  2.103189E+01  3.029514E+01  4.154617E+01  5.303860E+01  6.468785E+01  7.586076E+01
  8.517961E+01  9.163828E+01  9.553513E+01  9.768261E+01  1.364873E+01  1.365824E+01  1.426290E+01  1.486299E+01  1.602733E+01  1.826871E+01
  2.224725E+01  2.873008E+01  3.742801E+01  4.659222E+01  5.506338E+01  6.352253E+01  7.249429E+01  8.118246E+01  8.844984E+01  9.348331E+01
  9.652081E+01  9.819427E+01  4.993378E+01  4.999009E+01  5.060806E+01  5.105042E+01  5.177255E+01  5.280817E+01  5.420793E+01  5.607907E+01
  5.886980E+01  6.245925E+01  6.704305E+01  7.273899E+01  7.927807E+01  8.577580E+01  9.128415E+01  9.507429E+01  9.737341E+01  9.863814E+01
  2.688926E+00  2.686555E+00  2.722347E+00  2.751668E+00  2.815552E+00  2.969529E+00  3.202853E+00  3.740897E+00  4.804185E+00  7.040138E+00
  1.177627E+01  2.104653E+01  3.656268E+01  5.569031E+01  7.251428E+01  8.441289E+01  9.161692E+01  9.565368E+01  2.727531E+00  2.724996E+00
  2.763347E+00  2.793095E+00  2.861402E+00  3.012042E+00  3.257508E+00  3.814733E+00  4.908243E+00  7.198513E+00  1.207668E+01  2.150221E+01
  3.710509E+01  5.610754E+01  7.277609E+01  8.455804E+01  9.169434E+01  9.569316E+01  2.857285E+00  2.854004E+00  2.893033E+00  2.925528E+00
  2.996880E+00  3.163033E+00  3.429653E+00  4.030666E+00  5.238922E+00  7.749037E+00  1.301803E+01  2.295917E+01  3.875015E+01  5.736123E+01
  7.355795E+01  8.500259E+01  9.193219E+01  9.581660E+01  3.089790E+00  3.086035E+00  3.132142E+00  3.170000E+00  3.254766E+00  3.447344E+00
  3.761497E+00  4.463497E+00  5.869331E+00  8.812918E+00  1.479734E+01  2.556474E+01  4.149671E+01  5.942101E+01  7.483553E+01  8.572990E+01
  9.232264E+01  9.601927E+01  3.476694E+00  3.471124E+00  3.532904E+00  3.582742E+00  3.683916E+00  3.928199E+00  4.335130E+00  5.222315E+00
  7.016377E+00  1.067744E+01  1.777937E+01  2.955728E+01  4.539341E+01  6.224416E+01  7.658838E+01  8.672500E+01  9.285741E+01  9.629697E+01
  4.115620E+00  4.109279E+00  4.189315E+00  4.264989E+00  4.419703E+00  4.740238E+00  5.332836E+00  6.597615E+00  9.052386E+00  1.387757E+01
  2.255064E+01  3.522062E+01  5.041335E+01  6.579308E+01  7.878761E+01  8.797863E+01  9.352667E+01  9.664426E+01  5.230385E+00  5.221625E+00
  5.348489E+00  5.469219E+00  5.718271E+00  6.247293E+00  7.192958E+00  9.151428E+00  1.285928E+01  1.953422E+01  2.990013E+01  4.278101E+01
  5.649390E+01  7.001127E+01  8.140385E+01  8.945674E+01  9.432420E+01  9.705821E+01  7.457530E+00  7.446265E+00  7.690220E+00  7.930161E+00
  8.400796E+00  9.381173E+00  1.115915E+01  1.459394E+01  2.049606E+01  2.950001E+01  4.065826E+01  5.210714E+01  6.356511E+01  7.489799E+01
  8.442750E+01  9.117334E+01  9.524641E+01  9.753685E+01  1.364873E+01  1.362456E+01  1.424369E+01  1.481663E+01  1.593448E+01  1.818677E+01
  2.199106E+01  2.830093E+01  3.683342E+01  4.597013E+01  5.443615E+01  6.283651E+01  7.163133E+01  8.045962E+01  8.787676E+01  9.312859E+01
  9.629803E+01  9.808205E+01  4.993378E+01  4.988472E+01  5.057794E+01  5.099419E+01  5.170872E+01  5.275998E+01  5.414093E+01  5.607038E+01
  5.859220E+01  6.208485E+01  6.661830E+01  7.213448E+01  7.861867E+01  8.523375E+01  9.083759E+01  9.479510E+01  9.720234E+01  9.855108E+01
  2.688926E+00  2.689374E+00  2.719661E+00  2.752771E+00  2.809998E+00  2.925602E+00  3.162518E+00  3.665848E+00  4.699382E+00  6.781657E+00
  1.125774E+01  2.016825E+01  3.538793E+01  5.446362E+01  7.158201E+01  8.379117E+01  9.127022E+01  9.546135E+01  2.727531E+00  2.729176E+00
  2.761201E+00  2.794275E+00  2.856074E+00  2.971203E+00  3.219331E+00  3.728069E+00  4.803261E+00  6.936972E+00  1.154494E+01  2.062430E+01
  3.592906E+01  5.489369E+01  7.185040E+01  8.394293E+01  9.135010E+01  9.550192E+01  2.857285E+00  2.858670E+00  2.889956E+00  2.926893E+00
  2.992600E+00  3.117544E+00  3.389524E+00  3.945969E+00  5.120237E+00  7.470773E+00  1.246776E+01  2.206049E+01  3.758393E+01  5.617923E+01
  7.265681E+01  8.440389E+01  9.159823E+01  9.563078E+01  3.089790E+00  3.091095E+00  3.128811E+00  3.171362E+00  3.246404E+00  3.396117E+00
  3.709454E+00  4.368865E+00  5.735577E+00  8.505898E+00  1.420122E+01  2.463771E+01  4.037344E+01  5.829206E+01  7.398218E+01  8.515960E+01
  9.200459E+01  9.584230E+01  3.476694E+00  3.477330E+00  3.528978E+00  3.583074E+00  3.676501E+00  3.871463E+00  4.271771E+00  5.119970E+00
  6.860698E+00  1.033082E+01  1.712619E+01  2.863085E+01  4.432489E+01  6.119631E+01  7.579638E+01  8.619469E+01  9.256276E+01  9.613187E+01
  4.115620E+00  4.117656E+00  4.186810E+00  4.263057E+00  4.405867E+00  4.680228E+00  5.258492E+00  6.444165E+00  8.868250E+00  1.349495E+01
  2.184632E+01  3.431312E+01  4.943587E+01  6.483633E+01  7.807129E+01  8.749370E+01  9.326095E+01  9.649489E+01  5.230385E+00  5.229242E+00
  5.343243E+00  5.465836E+00  5.702261E+00  6.158010E+00  7.098857E+00  8.983239E+00  1.262613E+01  1.908690E+01  2.921680E+01  4.191852E+01
  5.564810E+01  6.917930E+01  8.078241E+01  8.903987E+01  9.409315E+01  9.692761E+01  7.457530E+00  7.459471E+00  7.683514E+00  7.922513E+00
  8.375710E+00  9.267924E+00  1.103395E+01  1.436385E+01  2.019355E+01  2.901147E+01  3.999279E+01  5.136451E+01  6.287356E+01  7.420289E+01
  8.391711E+01  9.082988E+01  9.505635E+01  9.742800E+01  1.364873E+01  1.364896E+01  1.422777E+01  1.480138E+01  1.589459E+01  1.799362E+01
  2.177291E+01  2.799512E+01  3.646976E+01  4.557092E+01  5.395467E+01  6.228897E+01  7.111696E+01  7.992709E+01  8.748848E+01  9.286706E+01
  9.615390E+01  9.799847E+01  4.993378E+01  4.995490E+01  5.056459E+01  5.099502E+01  5.169296E+01  5.267569E+01  5.400140E+01  5.586706E+01
  5.845254E+01  6.187225E+01  6.625172E+01  7.177560E+01  7.819973E+01  8.481798E+01  9.053819E+01  9.460509E+01  9.709006E+01  9.848566E+01
  2.688926E+00  2.686275E+00  2.717918E+00  2.750459E+00  2.800994E+00  2.915120E+00  3.140961E+00  3.620191E+00  4.640806E+00  6.661461E+00
  1.096744E+01  1.962704E+01  3.461222E+01  5.372269E+01  7.093144E+01  8.338680E+01  9.103815E+01  9.534243E+01  2.727531E+00  2.725346E+00
  2.758533E+00  2.793288E+00  2.846520E+00  2.959636E+00  3.195816E+00  3.688518E+00  4.740282E+00  6.825618E+00  1.123757E+01  2.008643E+01
  3.517219E+01  5.415659E+01  7.120087E+01  8.354217E+01  9.112109E+01  9.538432E+01  2.857285E+00  2.855163E+00  2.887600E+00  2.925320E+00
  2.981959E+00  3.106670E+00  3.359952E+00  3.893270E+00  5.042101E+00  7.324068E+00  1.216278E+01  2.151663E+01  3.683469E+01  5.546372E+01
  7.202704E+01  8.401361E+01  9.137443E+01  9.551645E+01  3.089790E+00  3.086910E+00  3.126957E+00  3.171375E+00  3.237392E+00  3.383214E+00
  3.683309E+00  4.309537E+00  5.678016E+00  8.338440E+00  1.388466E+01  2.408335E+01  3.964995E+01  5.760167E+01  7.337705E+01  8.478548E+01
  9.179116E+01  9.573325E+01  3.476694E+00  3.473743E+00  3.526616E+00  3.580073E+00  3.665009E+00  3.856183E+00  4.241683E+00  5.049819E+00
  6.758934E+00  1.013542E+01  1.681323E+01  2.807257E+01  4.362225E+01  6.056178E+01  7.522874E+01  8.584727E+01  9.236321E+01  9.603063E+01
  4.115620E+00  4.111411E+00  4.181223E+00  4.261507E+00  4.392161E+00  4.663227E+00  5.217186E+00  6.366490E+00  8.751889E+00  1.328242E+01
  2.152642E+01  3.379144E+01  4.881515E+01  6.426820E+01  7.755001E+01  8.717593E+01  9.307957E+01  9.640359E+01  5.230385E+00  5.224566E+00
  5.340466E+00  5.461018E+00  5.683852E+00  6.134363E+00  7.050730E+00  8.876946E+00  1.250244E+01  1.884196E+01  2.887089E+01  4.144740E+01
  5.512099E+01  6.867855E+01  8.032623E+01  8.875977E+01  9.393351E+01  9.684813E+01  7.457530E+00  7.451872E+00  7.678312E+00  7.910888E+00
  8.354154E+00  9.239079E+00  1.097484E+01  1.422850E+01  2.005583E+01  2.874963E+01  3.974779E+01  5.101035E+01  6.243357E+01  7.380021E+01
  8.353144E+01  9.059371E+01  9.492199E+01  9.736275E+01  1.364873E+01  1.362972E+01  1.421764E+01  1.478132E+01  1.585278E+01  1.793461E+01
  2.166973E+01  2.776948E+01  3.635071E+01  4.533441E+01  5.378823E+01  6.205312E+01  7.078814E+01  7.963483E+01  8.717733E+01  9.268345E+01
  9.604890E+01  9.794889E+01  4.993378E+01  4.989786E+01  5.051637E+01  5.087885E+01  5.163876E+01  5.264515E+01  5.396155E+01  5.577858E+01
  5.840202E+01  6.174749E+01  6.612708E+01  7.158322E+01  7.790176E+01  8.457691E+01  9.028088E+01  9.446658E+01  9.700885E+01  9.844775E+01
  2.688926E+00  2.685119E+00  2.714717E+00  2.746719E+00  2.790631E+00  2.924680E+00  3.137992E+00  3.597056E+00  4.574886E+00  6.582572E+00
  1.071208E+01  1.928957E+01  3.410293E+01  5.322342E+01  7.054855E+01  8.313135E+01  9.091503E+01  9.526433E+01  2.727531E+00  2.725222E+00
  2.756190E+00  2.788825E+00  2.836507E+00  2.966384E+00  3.187323E+00  3.661183E+00  4.661510E+00  6.726365E+00  1.099089E+01  1.973328E+01
  3.469381E+01  5.366770E+01  7.082285E+01  8.329008E+01  9.100102E+01  9.530708E+01  2.857285E+00  2.853417E+00  2.884541E+00  2.920806E+00
  2.971181E+00  3.114723E+00  3.356365E+00  3.876391E+00  4.972363E+00  7.228344E+00  1.186871E+01  2.113288E+01  3.640041E+01  5.497929E+01
  7.165411E+01  8.376834E+01  9.125806E+01  9.544146E+01  3.089790E+00  3.086201E+00  3.124062E+00  3.164492E+00  3.224691E+00  3.388815E+00
  3.668130E+00  4.281846E+00  5.572709E+00  8.235607E+00  1.359604E+01  2.372273E+01  3.920173E+01  5.714974E+01  7.302275E+01  8.455220E+01
  9.168275E+01  9.566219E+01  3.476694E+00  3.473170E+00  3.523734E+00  3.575268E+00  3.652168E+00  3.862602E+00  4.222217E+00  5.024579E+00
  6.642229E+00  1.000736E+01  1.648186E+01  2.770239E+01  4.317320E+01  6.013690E+01  7.490349E+01  8.563035E+01  9.226088E+01  9.596478E+01
  4.115620E+00  4.110055E+00  4.177507E+00  4.252917E+00  4.377912E+00  4.668958E+00  5.201343E+00  6.320250E+00  8.620204E+00  1.312579E+01
  2.115236E+01  3.339342E+01  4.839106E+01  6.387451E+01  7.726007E+01  8.697967E+01  9.298882E+01  9.634391E+01  5.230385E+00  5.221776E+00
  5.336277E+00  5.451795E+00  5.663689E+00  6.137154E+00  7.030778E+00  8.827312E+00  1.233827E+01  1.869317E+01  2.851627E+01  4.109638E+01
  5.474206E+01  6.834187E+01  8.006561E+01  8.859086E+01  9.385669E+01  9.679662E+01  7.457530E+00  7.448796E+00  7.677104E+00  7.903346E+00
  8.332364E+00  9.248915E+00  1.093270E+01  1.418118E+01  1.985443E+01  2.859544E+01  3.941235E+01  5.072335E+01  6.214141E+01  7.351999E+01
  8.331268E+01  9.045422E+01  9.486324E+01  9.732043E+01  1.364873E+01  1.362904E+01  1.421801E+01  1.477103E+01  1.581970E+01  1.792401E+01
  2.159958E+01  2.767544E+01  3.610479E+01  4.526688E+01  5.351897E+01  6.179800E+01  7.058232E+01  7.941026E+01  8.701911E+01  9.257784E+01
  9.600866E+01  9.791697E+01  4.993378E+01  4.990461E+01  5.055770E+01  5.096357E+01  5.160463E+01  5.262802E+01  5.392114E+01  5.576704E+01
  5.829368E+01  6.168045E+01  6.595939E+01  7.140758E+01  7.768911E+01  8.441298E+01  9.015647E+01  9.438212E+01  9.696925E+01  9.842239E+01
  2.688926E+00  2.681250E+00  2.722278E+00  2.743023E+00  2.805858E+00  2.902140E+00  3.125705E+00  3.585102E+00  4.533361E+00  6.477310E+00
  1.056592E+01  1.897408E+01  3.371872E+01  5.273314E+01  7.021697E+01  8.287181E+01  9.077174E+01  9.518301E+01  2.727531E+00  2.721260E+00
  2.762672E+00  2.784773E+00  2.849133E+00  2.947117E+00  3.177538E+00  3.648291E+00  4.625669E+00  6.621749E+00  1.083324E+01  1.942206E+01
  3.426188E+01  5.317928E+01  7.049822E+01  8.303241E+01  9.085582E+01  9.522477E+01  2.857285E+00  2.849828E+00  2.891389E+00  2.916658E+00
  2.985986E+00  3.091324E+00  3.343190E+00  3.861409E+00  4.924184E+00  7.133913E+00  1.173787E+01  2.082832E+01  3.592477E+01  5.450656E+01
  7.134471E+01  8.351785E+01  9.111913E+01  9.535994E+01  3.089790E+00  3.081561E+00  3.129886E+00  3.159608E+00  3.238499E+00  3.366298E+00
  3.655600E+00  4.272362E+00  5.519007E+00  8.138572E+00  1.340887E+01  2.338918E+01  3.876464E+01  5.669769E+01  7.272845E+01  8.431399E+01
  9.154989E+01  9.558491E+01  3.476694E+00  3.467282E+00  3.529137E+00  3.570381E+00  3.666545E+00  3.835219E+00  4.209321E+00  5.000999E+00
  6.601019E+00  9.878725E+00  1.631273E+01  2.736872E+01  4.280254E+01  5.971239E+01  7.463078E+01  8.540649E+01  9.213890E+01  9.589394E+01
  4.115620E+00  4.103972E+00  4.184681E+00  4.246410E+00  4.392728E+00  4.638247E+00  5.178273E+00  6.299278E+00  8.557698E+00  1.298459E+01
  2.095569E+01  3.308424E+01  4.804031E+01  6.349087E+01  7.701884E+01  8.677654E+01  9.287809E+01  9.627923E+01  5.230385E+00  5.214845E+00
  5.340537E+00  5.445504E+00  5.682650E+00  6.102571E+00  6.993032E+00  8.792763E+00  1.226971E+01  1.854759E+01  2.827617E+01  4.079471E+01
  5.442516E+01  6.800896E+01  7.986343E+01  8.841006E+01  9.376180E+01  9.673618E+01  7.457530E+00  7.436189E+00  7.680569E+00  7.900151E+00
  8.359479E+00  9.198471E+00  1.089334E+01  1.412355E+01  1.976345E+01  2.847256E+01  3.920042E+01  5.040992E+01  6.186673E+01  7.324387E+01
  8.315781E+01  9.030285E+01  9.478577E+01  9.726817E+01  1.364873E+01  1.360600E+01  1.421985E+01  1.476805E+01  1.586646E+01  1.785988E+01
  2.153058E+01  2.761571E+01  3.601430E+01  4.515946E+01  5.336148E+01  6.154791E+01  7.036285E+01  7.920552E+01  8.691038E+01  9.245831E+01
  9.594884E+01  9.787373E+01  4.993378E+01  4.984554E+01  5.050371E+01  5.096819E+01  5.173932E+01  5.262749E+01  5.386753E+01  5.576396E+01
  5.824769E+01  6.162072E+01  6.586567E+01  7.123176E+01  7.759588E+01  8.425451E+01  9.008175E+01  9.428850E+01  9.692417E+01  9.838694E+01
  2.688926E+00  2.687608E+00  2.715925E+00  2.743069E+00  2.800648E+00  2.901268E+00  3.116857E+00  3.568258E+00  4.502669E+00  6.430586E+00
  1.029287E+01  1.864593E+01  3.336671E+01  5.234830E+01  6.993129E+01  8.269141E+01  9.064760E+01  9.512214E+01  2.727531E+00  2.726241E+00
  2.757001E+00  2.784024E+00  2.844372E+00  2.945416E+00  3.171435E+00  3.636363E+00  4.581542E+00  6.581141E+00  1.059329E+01  1.904784E+01
  3.392528E+01  5.280125E+01  7.021535E+01  8.285351E+01  9.073426E+01  9.516624E+01  2.857285E+00  2.856078E+00  2.885454E+00  2.916292E+00
  2.980068E+00  3.090128E+00  3.332672E+00  3.837340E+00  4.882902E+00  7.085072E+00  1.151152E+01  2.045323E+01  3.560319E+01  5.413814E+01
  7.106749E+01  8.334486E+01  9.099969E+01  9.530448E+01  3.089790E+00  3.088042E+00  3.125064E+00  3.158388E+00  3.230379E+00  3.364920E+00
  3.647985E+00  4.242142E+00  5.479185E+00  8.065693E+00  1.316619E+01  2.302163E+01  3.844882E+01  5.634437E+01  7.246629E+01  8.414721E+01
  9.143495E+01  9.553152E+01  3.476694E+00  3.474852E+00  3.523639E+00  3.569162E+00  3.658503E+00  3.831150E+00  4.195392E+00  4.967000E+00
  6.530975E+00  9.820542E+00  1.600110E+01  2.699622E+01  4.250232E+01  5.938242E+01  7.438595E+01  8.525346E+01  9.203246E+01  9.584273E+01
  4.115620E+00  4.113651E+00  4.178657E+00  4.243626E+00  4.382622E+00  4.633358E+00  5.166288E+00  6.267802E+00  8.491633E+00  1.290493E+01
  2.073785E+01  3.270263E+01  4.777386E+01  6.318591E+01  7.679379E+01  8.663892E+01  9.278173E+01  9.623310E+01  5.230385E+00  5.226661E+00
  5.335138E+00  5.443319E+00  5.665646E+00  6.097203E+00  6.981071E+00  8.751775E+00  1.220020E+01  1.844239E+01  2.803693E+01  4.047455E+01
  5.419437E+01  6.774306E+01  7.966582E+01  8.829232E+01  9.367572E+01  9.669904E+01  7.457530E+00  7.452209E+00  7.674113E+00  7.893091E+00
  8.331263E+00  9.185691E+00  1.088472E+01  1.407460E+01  1.967528E+01  2.832961E+01  3.888626E+01  5.013175E+01  6.168089E+01  7.301410E+01
  8.299316E+01  9.020473E+01  9.471136E+01  9.723873E+01  1.364873E+01  1.364056E+01  1.421015E+01  1.475269E+01  1.581302E+01  1.783949E+01
  2.150975E+01  2.755992E+01  3.592224E+01  4.503740E+01  5.312824E+01  6.150766E+01  7.023499E+01  7.902113E+01  8.678291E+01  9.238638E+01
  9.589032E+01  9.785269E+01  4.993378E+01  4.992903E+01  5.052440E+01  5.092496E+01  5.162968E+01  5.261144E+01  5.390099E+01  5.574743E+01
  5.822060E+01  6.156571E+01  6.567178E+01  7.104646E+01  7.750336E+01  8.410526E+01  8.997943E+01  9.422390E+01  9.688495E+01  9.837269E+01
  2.688926E+00  2.685193E+00  2.718092E+00  2.741108E+00  2.795239E+00  2.904258E+00  3.111099E+00  3.564203E+00  4.476850E+00  6.362736E+00
  1.023857E+01  1.853098E+01  3.306349E+01  5.203570E+01  6.964977E+01  8.253053E+01  9.054846E+01  9.507391E+01  2.727531E+00  2.724947E+00
  2.758252E+00  2.783007E+00  2.839971E+00  2.944677E+00  3.165074E+00  3.628023E+00  4.569134E+00  6.500880E+00  1.049921E+01  1.900391E+01
  3.363637E+01  5.248784E+01  6.993882E+01  8.269247E+01  9.063626E+01  9.511754E+01  2.857285E+00  2.853119E+00  2.886592E+00  2.914299E+00
  2.973240E+00  3.093657E+00  3.325454E+00  3.830079E+00  4.862942E+00  6.993573E+00  1.136430E+01  2.040823E+01  3.527581E+01  5.383674E+01
  7.079797E+01  8.318909E+01  9.090404E+01  9.525763E+01  3.089790E+00  3.085410E+00  3.125599E+00  3.156358E+00  3.225986E+00  3.364677E+00
  3.639965E+00  4.224004E+00  5.442186E+00  7.973298E+00  1.299468E+01  2.293117E+01  3.814536E+01  5.606021E+01  7.220831E+01  8.400109E+01
  9.134379E+01  9.548741E+01  3.476694E+00  3.472245E+00  3.525697E+00  3.567311E+00  3.652235E+00  3.830209E+00  4.184159E+00  4.952991E+00
  6.520532E+00  9.703994E+00  1.591935E+01  2.693698E+01  4.220652E+01  5.911011E+01  7.414299E+01  8.511553E+01  9.194727E+01  9.580167E+01
  4.115620E+00  4.109851E+00  4.180005E+00  4.240956E+00  4.376577E+00  4.633051E+00  5.150971E+00  6.251989E+00  8.467571E+00  1.279365E+01
  2.053866E+01  3.267877E+01  4.752052E+01  6.294883E+01  7.656746E+01  8.651396E+01  9.270364E+01  9.619624E+01  5.230385E+00  5.221188E+00
  5.336257E+00  5.439860E+00  5.660752E+00  6.098884E+00  6.966166E+00  8.732658E+00  1.215373E+01  1.828810E+01  2.786119E+01  4.042612E+01
  5.397458E+01  6.752278E+01  7.946476E+01  8.818328E+01  9.360720E+01  9.666698E+01  7.457530E+00  7.448865E+00  7.675723E+00  7.888339E+00
  8.326234E+00  9.182223E+00  1.086318E+01  1.402785E+01  1.961467E+01  2.816890E+01  3.877440E+01  5.014899E+01  6.149660E+01  7.282763E+01
  8.281911E+01  9.011413E+01  9.465312E+01  9.721272E+01  1.364873E+01  1.362682E+01  1.421152E+01  1.474498E+01  1.580449E+01  1.783006E+01
  2.147960E+01  2.750338E+01  3.584870E+01  4.488409E+01  5.302633E+01  6.138736E+01  7.009980E+01  7.888596E+01  8.664583E+01  9.231698E+01
  9.584542E+01  9.783489E+01  4.993378E+01  4.988804E+01  5.050638E+01  5.090757E+01  5.157446E+01  5.259853E+01  5.391260E+01  5.569525E+01
  5.819654E+01  6.149445E+01  6.562006E+01  7.107954E+01  7.730878E+01  8.400232E+01  8.987737E+01  9.417440E+01  9.685165E+01  9.835657E+01
  2.688926E+00  2.684129E+00  2.718032E+00  2.737079E+00  2.786349E+00  2.895455E+00  3.110890E+00  3.541499E+00  4.460236E+00  6.312506E+00
  1.020254E+01  1.836497E+01  3.285255E+01  5.179795E+01  6.948515E+01  8.239915E+01  9.047945E+01  9.503638E+01  2.727531E+00  2.724507E+00
  2.757725E+00  2.778711E+00  2.827669E+00  2.940321E+00  3.163364E+00  3.602593E+00  4.543063E+00  6.467352E+00  1.046500E+01  1.880302E+01
  3.340770E+01  5.225011E+01  6.977311E+01  8.256435E+01  9.056761E+01  9.508128E+01  2.857285E+00  2.853136E+00  2.886050E+00  2.910219E+00
  2.961933E+00  3.084461E+00  3.327645E+00  3.806708E+00  4.832773E+00  6.955477E+00  1.134170E+01  2.021097E+01  3.508602E+01  5.360582E+01
  7.063781E+01  8.306177E+01  9.083795E+01  9.522238E+01  3.089790E+00  3.086012E+00  3.124823E+00  3.152547E+00  3.218725E+00  3.357829E+00
  3.634313E+00  4.197859E+00  5.421541E+00  7.919150E+00  1.301039E+01  2.276169E+01  3.794331E+01  5.583689E+01  7.205628E+01  8.388018E+01
  9.128082E+01  9.545349E+01  3.476694E+00  3.470990E+00  3.523705E+00  3.563516E+00  3.644225E+00  3.820673E+00  4.184097E+00  4.910790E+00
  6.480772E+00  9.699866E+00  1.585431E+01  2.670744E+01  4.202354E+01  5.890645E+01  7.400304E+01  8.500423E+01  9.188885E+01  9.577059E+01
  4.115620E+00  4.110065E+00  4.179240E+00  4.235842E+00  4.367933E+00  4.622445E+00  5.148618E+00  6.213942E+00  8.419493E+00  1.285574E+01
  2.045837E+01  3.246508E+01  4.732642E+01  6.275566E+01  7.644640E+01  8.641218E+01  9.265211E+01  9.616866E+01  5.230385E+00  5.221710E+00
  5.335451E+00  5.434102E+00  5.654119E+00  6.083738E+00  6.961479E+00  8.688198E+00  1.208664E+01  1.821735E+01  2.780638E+01  4.024719E+01
  5.379370E+01  6.736076E+01  7.935999E+01  8.809436E+01  9.356284E+01  9.664361E+01  7.457530E+00  7.444253E+00  7.672585E+00  7.882257E+00
  8.319679E+00  9.160553E+00  1.084457E+01  1.397711E+01  1.954378E+01  2.814783E+01  3.878942E+01  4.994982E+01  6.134832E+01  7.270267E+01
  8.273885E+01  9.004319E+01  9.461797E+01  9.719357E+01  1.364873E+01  1.362387E+01  1.421342E+01  1.473805E+01  1.580109E+01  1.779324E+01
  2.146743E+01  2.742252E+01  3.577606E+01  4.485092E+01  5.307434E+01  6.124762E+01  6.996738E+01  7.878450E+01  8.658643E+01  9.226305E+01
  9.581929E+01  9.782027E+01  4.993378E+01  4.992282E+01  5.049646E+01  5.090495E+01  5.161369E+01  5.254925E+01  5.392937E+01  5.563876E+01
  5.816135E+01  6.143615E+01  6.563607E+01  7.096225E+01  7.729796E+01  8.389912E+01  8.983703E+01  9.413464E+01  9.683018E+01  9.834644E+01
  2.688926E+00  2.684282E+00  2.714370E+00  2.741148E+00  2.790137E+00  2.892163E+00  3.107414E+00  3.530779E+00  4.434002E+00  6.279514E+00
  1.009575E+01  1.818156E+01  3.262998E+01  5.157588E+01  6.929996E+01  8.229271E+01  9.040917E+01  9.499601E+01  2.727531E+00  2.723859E+00
  2.754788E+00  2.782397E+00  2.832896E+00  2.935807E+00  3.157123E+00  3.594863E+00  4.522250E+00  6.422593E+00  1.033434E+01  1.863379E+01
  3.318044E+01  5.203031E+01  6.958965E+01  8.246004E+01  9.049884E+01  9.504044E+01  2.857285E+00  2.853119E+00  2.882643E+00  2.914154E+00
  2.968322E+00  3.079988E+00  3.318923E+00  3.793608E+00  4.811229E+00  6.912611E+00  1.121328E+01  2.005200E+01  3.487187E+01  5.338783E+01
  7.045688E+01  8.295897E+01  9.077060E+01  9.518311E+01  3.089790E+00  3.085769E+00  3.121275E+00  3.155465E+00  3.217175E+00  3.353643E+00
  3.630019E+00  4.188128E+00  5.392973E+00  7.869289E+00  1.287463E+01  2.259025E+01  3.773830E+01  5.563016E+01  7.188559E+01  8.378326E+01
  9.121613E+01  9.541615E+01  3.476694E+00  3.470846E+00  3.520108E+00  3.566199E+00  3.646076E+00  3.815099E+00  4.174586E+00  4.903530E+00
  6.452879E+00  9.609509E+00  1.573895E+01  2.657078E+01  4.182346E+01  5.871319E+01  7.384537E+01  8.491555E+01  9.182784E+01  9.573486E+01
  4.115620E+00  4.109363E+00  4.174130E+00  4.240276E+00  4.366794E+00  4.617009E+00  5.138648E+00  6.195734E+00  8.382590E+00  1.266306E+01
  2.033374E+01  3.230648E+01  4.714857E+01  6.258778E+01  7.629996E+01  8.632973E+01  9.259731E+01  9.613658E+01  5.230385E+00  5.222316E+00
  5.330470E+00  5.439210E+00  5.649841E+00  6.079265E+00  6.944942E+00  8.658715E+00  1.205242E+01  1.814933E+01  2.765980E+01  4.010559E+01
  5.363408E+01  6.721171E+01  7.923365E+01  8.802399E+01  9.351340E+01  9.661515E+01  7.457530E+00  7.445242E+00  7.665707E+00  7.887423E+00
  8.314975E+00  9.158376E+00  1.083025E+01  1.396075E+01  1.951942E+01  2.802457E+01  3.862814E+01  4.985815E+01  6.121922E+01  7.257912E+01
  8.263148E+01  8.998315E+01  9.457585E+01  9.716939E+01  1.364873E+01  1.362632E+01  1.420007E+01  1.474068E+01  1.579072E+01  1.779201E+01
  2.144228E+01  2.740834E+01  3.573801E+01  4.476596E+01  5.296748E+01  6.117472E+01  6.987337E+01  7.869248E+01  8.650426E+01  9.221848E+01
  9.578633E+01  9.780062E+01  4.993378E+01  4.990497E+01  5.046648E+01  5.091920E+01  5.160009E+01  5.259841E+01  5.387938E+01  5.566027E+01
  5.815274E+01  6.141237E+01  6.556207E+01  7.093345E+01  7.722697E+01  8.385068E+01  8.977155E+01  9.409286E+01  9.680035E+01  9.832975E+01
  2.688926E+00  2.687832E+00  2.713831E+00  2.739863E+00  2.797195E+00  2.889404E+00  3.100972E+00  3.536477E+00  4.415964E+00  6.249177E+00
  1.009341E+01  1.811827E+01  3.253727E+01  5.142995E+01  6.920769E+01  8.220981E+01  9.035485E+01  9.497069E+01  2.727531E+00  2.726705E+00
  2.753718E+00  2.780673E+00  2.841433E+00  2.934474E+00  3.151048E+00  3.599420E+00  4.501004E+00  6.379430E+00  1.035649E+01  1.855536E+01
  3.308706E+01  5.188766E+01  6.949783E+01  8.237870E+01  9.044459E+01  9.501661E+01  2.857285E+00  2.856708E+00  2.882376E+00  2.912905E+00
  2.975906E+00  3.077170E+00  3.310888E+00  3.804003E+00  4.795595E+00  6.843666E+00  1.122225E+01  1.996192E+01  3.478377E+01  5.325218E+01
  7.036824E+01  8.288247E+01  9.071737E+01  9.515936E+01  3.089790E+00  3.089067E+00  3.119775E+00  3.153461E+00  3.226535E+00  3.349051E+00
  3.621188E+00  4.193593E+00  5.366992E+00  7.855646E+00  1.288187E+01  2.250469E+01  3.764725E+01  5.549691E+01  7.180125E+01  8.370813E+01
  9.116553E+01  9.539309E+01  3.476694E+00  3.475272E+00  3.519000E+00  3.564858E+00  3.653863E+00  3.812417E+00  4.165166E+00  4.917675E+00
  6.420247E+00  9.606372E+00  1.569795E+01  2.647914E+01  4.174835E+01  5.859441E+01  7.376595E+01  8.484309E+01  9.178078E+01  9.571436E+01
  4.115620E+00  4.114127E+00  4.171676E+00  4.236258E+00  4.373047E+00  4.611819E+00  5.126956E+00  6.199333E+00  8.350701E+00  1.272711E+01
  2.032281E+01  3.223165E+01  4.709359E+01  6.247209E+01  7.623496E+01  8.626904E+01  9.255247E+01  9.611723E+01  5.230385E+00  5.226330E+00
  5.326509E+00  5.436293E+00  5.660106E+00  6.072859E+00  6.932201E+00  8.665216E+00  1.202524E+01  1.818804E+01  2.765209E+01  4.000207E+01
  5.360213E+01  6.710924E+01  7.917590E+01  8.796745E+01  9.347449E+01  9.659815E+01  7.457530E+00  7.456648E+00  7.662653E+00  7.881637E+00
  8.323088E+00  9.151635E+00  1.081001E+01  1.396245E+01  1.947178E+01  2.816737E+01  3.862523E+01  4.975907E+01  6.120223E+01  7.248827E+01
  8.258903E+01  8.993919E+01  9.454185E+01  9.715556E+01  1.364873E+01  1.364183E+01  1.418606E+01  1.472962E+01  1.580158E+01  1.776610E+01
  2.141030E+01  2.740104E+01  3.567119E+01  4.462938E+01  5.298380E+01  6.111018E+01  6.987366E+01  7.862245E+01  8.647821E+01  9.217970E+01
  9.575767E+01  9.779030E+01  4.993378E+01  4.991299E+01  5.043481E+01  5.088554E+01  5.163021E+01  5.255946E+01  5.386111E+01  5.563521E+01
  5.812393E+01  6.133410E+01  6.560102E+01  7.088396E+01  7.722012E+01  8.377455E+01  8.974157E+01  9.406502E+01  9.678465E+01  9.832448E+01
  2.688926E+00  2.684851E+00  2.718033E+00  2.741537E+00  2.791374E+00  2.894492E+00  3.103256E+00  3.506184E+00  4.416574E+00  6.222630E+00
  1.000232E+01  1.800942E+01  3.232430E+01  5.132283E+01  6.907632E+01  8.212769E+01  9.031044E+01  9.494048E+01  2.727531E+00  2.724448E+00
  2.758813E+00  2.783399E+00  2.835019E+00  2.939905E+00  3.154048E+00  3.580845E+00  4.499173E+00  6.364262E+00  1.028450E+01  1.844697E+01
  3.288789E+01  5.178633E+01  6.937048E+01  8.229852E+01  9.040212E+01  9.498685E+01  2.857285E+00  2.852822E+00  2.886379E+00  2.915097E+00
  2.968939E+00  3.082140E+00  3.313217E+00  3.765295E+00  4.788213E+00  6.844591E+00  1.115181E+01  1.985224E+01  3.459552E+01  5.315124E+01
  7.024469E+01  8.280423E+01  9.067630E+01  9.513001E+01  3.089790E+00  3.085394E+00  3.125199E+00  3.156766E+00  3.219072E+00  3.353137E+00
  3.623696E+00  4.147833E+00  5.363250E+00  7.796285E+00  1.283310E+01  2.239360E+01  3.745770E+01  5.540150E+01  7.168155E+01  8.363517E+01
  9.112651E+01  9.536523E+01  3.476694E+00  3.470004E+00  3.524689E+00  3.567912E+00  3.645820E+00  3.819451E+00  4.166128E+00  4.919011E+00
  6.419286E+00  9.521830E+00  1.568599E+01  2.636741E+01  4.155361E+01  5.850347E+01  7.365329E+01  8.477400E+01  9.174413E+01  9.568813E+01
  4.115620E+00  4.109417E+00  4.177858E+00  4.241962E+00  4.367215E+00  4.616475E+00  5.128959E+00  6.178953E+00  8.360496E+00  1.257467E+01
  2.029074E+01  3.211791E+01  4.689889E+01  6.239928E+01  7.613087E+01  8.620343E+01  9.252025E+01  9.609330E+01  5.230385E+00  5.219624E+00
  5.335333E+00  5.441187E+00  5.650014E+00  6.078278E+00  6.934477E+00  8.642715E+00  1.200646E+01  1.805774E+01  2.757430E+01  3.991785E+01
  5.341599E+01  6.705737E+01  7.908617E+01  8.791235E+01  9.344709E+01  9.657714E+01  7.457530E+00  7.445788E+00  7.673468E+00  7.888359E+00
  8.315210E+00  9.155198E+00  1.081441E+01  1.392976E+01  1.945639E+01  2.792540E+01  3.859938E+01  4.970435E+01  6.103980E+01  7.245829E+01
  8.251372E+01  8.989058E+01  9.451886E+01  9.713786E+01  1.364873E+01  1.362482E+01  1.421084E+01  1.474691E+01  1.579600E+01  1.777644E+01
  2.142509E+01  2.733118E+01  3.568187E+01  4.468688E+01  5.294731E+01  6.105202E+01  6.970808E+01  7.860812E+01  8.641460E+01  9.214373E+01
  9.574110E+01  9.777680E+01  4.993378E+01  4.987275E+01  5.051193E+01  5.096481E+01  5.161193E+01  5.260196E+01  5.390876E+01  5.556598E+01
  5.813169E+01  6.136856E+01  6.553739E+01  7.085744E+01  7.708969E+01  8.377183E+01  8.969540E+01  9.403326E+01  9.676663E+01  9.831348E+01
  2.688926E+00  2.689361E+00  2.713006E+00  2.745090E+00  2.786735E+00  2.889396E+00  3.097511E+00  3.518331E+00  4.376642E+00  6.175293E+00
  9.994856E+00  1.790150E+01  3.222227E+01  5.116887E+01  6.896137E+01  8.204436E+01  9.026934E+01  9.492154E+01  2.727531E+00  2.728506E+00
  2.753269E+00  2.786800E+00  2.829314E+00  2.936472E+00  3.147548E+00  3.582536E+00  4.468724E+00  6.312464E+00  1.022982E+01  1.834873E+01
  3.277653E+01  5.162737E+01  6.925472E+01  8.221370E+01  9.035986E+01  9.496746E+01  2.857285E+00  2.857937E+00  2.881037E+00  2.917542E+00
  2.964298E+00  3.079397E+00  3.307353E+00  3.781444E+00  4.753385E+00  6.786756E+00  1.108941E+01  1.975491E+01  3.447209E+01  5.299754E+01
  7.013290E+01  8.272195E+01  9.063541E+01  9.511141E+01  3.089790E+00  3.089589E+00  3.119343E+00  3.159847E+00  3.214189E+00  3.349642E+00
  3.614690E+00  4.173200E+00  5.324808E+00  7.744660E+00  1.275926E+01  2.227855E+01  3.734716E+01  5.525580E+01  7.157610E+01  8.355640E+01
  9.108791E+01  9.534796E+01  3.476694E+00  3.476574E+00  3.517783E+00  3.571386E+00  3.640719E+00  3.812648E+00  4.156693E+00  4.882087E+00
  6.377939E+00  9.516912E+00  1.559778E+01  2.626220E+01  4.145248E+01  5.836419E+01  7.355665E+01  8.470111E+01  9.170944E+01  9.567249E+01
  4.115620E+00  4.116173E+00  4.172926E+00  4.245194E+00  4.361711E+00  4.610756E+00  5.110826E+00  6.165640E+00  8.295292E+00  1.252798E+01
  2.018427E+01  3.201176E+01  4.679041E+01  6.227063E+01  7.604266E+01  8.613910E+01  9.248827E+01  9.607898E+01  5.230385E+00  5.228283E+00
  5.327993E+00  5.443641E+00  5.642029E+00  6.067570E+00  6.916927E+00  8.631293E+00  1.193815E+01  1.800081E+01  2.752102E+01  3.980194E+01
  5.332354E+01  6.693905E+01  7.900991E+01  8.785488E+01  9.342004E+01  9.656561E+01  7.457530E+00  7.458331E+00  7.664893E+00  7.891220E+00
  8.307832E+00  9.147891E+00  1.079228E+01  1.391317E+01  1.938695E+01  2.785195E+01  3.850150E+01  4.958872E+01  6.096592E+01  7.235475E+01
  8.244994E+01  8.984410E+01  9.449820E+01  9.712868E+01  1.364873E+01  1.364778E+01  1.419923E+01  1.475290E+01  1.578082E+01  1.775908E+01
  2.136662E+01  2.732703E+01  3.557210E+01  4.466681E+01  5.287803E+01  6.098420E+01  6.967981E+01  7.852001E+01  8.636835E+01  9.210945E+01
  9.572612E+01  9.776971E+01  4.993378E+01  4.994147E+01  5.047209E+01  5.095212E+01  5.157788E+01  5.255136E+01  5.386461E+01  5.562740E+01
  5.805837E+01  6.136388E+01  6.554090E+01  7.078075E+01  7.708831E+01  8.371147E+01  8.965983E+01  9.401421E+01  9.675746E+01  9.830637E+01
  2.688926E+00  2.688905E+00  2.714345E+00  2.740680E+00  2.790731E+00  2.881678E+00  3.085014E+00  3.515057E+00  4.386764E+00  6.163294E+00
  9.919415E+00  1.783899E+01  3.211512E+01  5.102090E+01  6.887012E+01  8.198454E+01  9.022257E+01  9.489340E+01  2.727531E+00  2.727773E+00
  2.755459E+00  2.781445E+00  2.833237E+00  2.925651E+00  3.135551E+00  3.576923E+00  4.476865E+00  6.306411E+00  1.016421E+01  1.828345E+01
  3.267914E+01  5.148269E+01  6.916537E+01  8.215425E+01  9.031274E+01  9.494065E+01  2.857285E+00  2.857497E+00  2.883116E+00  2.913051E+00
  2.968516E+00  3.067437E+00  3.295106E+00  3.775930E+00  4.762473E+00  6.784930E+00  1.104658E+01  1.967263E+01  3.437162E+01  5.285669E+01
  7.004588E+01  8.266418E+01  9.058971E+01  9.508416E+01  3.089790E+00  3.089689E+00  3.120660E+00  3.154362E+00  3.217898E+00  3.338366E+00
  3.601743E+00  4.165482E+00  5.331473E+00  7.727347E+00  1.271109E+01  2.221787E+01  3.724989E+01  5.511784E+01  7.149460E+01  8.350126E+01
  9.104359E+01  9.532125E+01  3.476694E+00  3.476602E+00  3.520494E+00  3.564623E+00  3.643656E+00  3.800115E+00  4.144122E+00  4.873552E+00
  6.385595E+00  9.445413E+00  1.554932E+01  2.618532E+01  4.134844E+01  5.823199E+01  7.348067E+01  8.465094E+01  9.166702E+01  9.564880E+01
  4.115620E+00  4.114711E+00  4.175026E+00  4.236985E+00  4.364556E+00  4.596633E+00  5.102172E+00  6.159067E+00  8.298030E+00  1.248965E+01
  2.014292E+01  3.193601E+01  4.672299E+01  6.214998E+01  7.597519E+01  8.609327E+01  9.244956E+01  9.605491E+01  5.230385E+00  5.227312E+00
  5.330423E+00  5.435206E+00  5.646711E+00  6.056015E+00  6.903102E+00  8.621179E+00  1.194958E+01  1.795609E+01  2.744488E+01  3.976567E+01
  5.326779E+01  6.683614E+01  7.895357E+01  8.781532E+01  9.338497E+01  9.654294E+01  7.457530E+00  7.457869E+00  7.668986E+00  7.879994E+00
  8.313538E+00  9.128938E+00  1.077555E+01  1.389848E+01  1.939417E+01  2.783422E+01  3.845164E+01  4.952258E+01  6.091506E+01  7.225788E+01
  8.240533E+01  8.981219E+01  9.446689E+01  9.710707E+01  1.364873E+01  1.364383E+01  1.420451E+01  1.472745E+01  1.578011E+01  1.773861E+01
  2.136671E+01  2.731651E+01  3.560139E+01  4.460774E+01  5.283088E+01  6.095818E+01  6.965462E+01  7.844392E+01  8.633731E+01  9.208624E+01
  9.570187E+01  9.775121E+01  4.993378E+01  4.992237E+01  5.048398E+01  5.090378E+01  5.158497E+01  5.255173E+01  5.386654E+01  5.561565E+01
  5.808909E+01  6.135954E+01  6.547683E+01  7.070425E+01  7.706754E+01  8.363007E+01  8.963276E+01  9.399787E+01  9.673940E+01  9.829269E+01
  2.688926E+00  2.687498E+00  2.713104E+00  2.740714E+00  2.787316E+00  2.883995E+00  3.088212E+00  3.511961E+00  4.391903E+00  6.113943E+00
  9.816709E+00  1.774080E+01  3.204345E+01  5.095891E+01  6.878827E+01  8.194326E+01  9.018474E+01  9.488298E+01  2.727531E+00  2.725875E+00
  2.752704E+00  2.782215E+00  2.830200E+00  2.929976E+00  3.139395E+00  3.566721E+00  4.481783E+00  6.256592E+00  1.010054E+01  1.819306E+01
  3.260345E+01  5.142251E+01  6.908373E+01  8.211253E+01  9.027685E+01  9.492978E+01  2.857285E+00  2.855911E+00  2.881354E+00  2.913626E+00
  2.965224E+00  3.071751E+00  3.297601E+00  3.769014E+00  4.768139E+00  6.729168E+00  1.094823E+01  1.958907E+01  3.429097E+01  5.280178E+01
  6.996507E+01  8.262254E+01  9.055344E+01  9.507475E+01  3.089790E+00  3.087571E+00  3.119485E+00  3.156242E+00  3.215630E+00  3.342410E+00
  3.602687E+00  4.159219E+00  5.338061E+00  7.694944E+00  1.258725E+01  2.211749E+01  3.717593E+01  5.507092E+01  7.141496E+01  8.346280E+01
  9.101064E+01  9.531313E+01  3.476694E+00  3.473681E+00  3.516239E+00  3.566898E+00  3.640321E+00  3.806345E+00  4.146683E+00  4.875814E+00
  6.385679E+00  9.473046E+00  1.543621E+01  2.608609E+01  4.129339E+01  5.819759E+01  7.341006E+01  8.461719E+01  9.163589E+01  9.563953E+01
  4.115620E+00  4.112304E+00  4.171200E+00  4.241448E+00  4.361660E+00  4.601968E+00  5.106936E+00  6.150912E+00  8.302748E+00  1.246488E+01
  2.001833E+01  3.184539E+01  4.666840E+01  6.211932E+01  7.590538E+01  8.606105E+01  9.242223E+01  9.604933E+01  5.230385E+00  5.224355E+00
  5.325323E+00  5.438931E+00  5.643304E+00  6.065238E+00  6.906756E+00  8.622379E+00  1.195293E+01  1.794204E+01  2.739366E+01  3.965382E+01
  5.321281E+01  6.680928E+01  7.889237E+01  8.778803E+01  9.335806E+01  9.653889E+01  7.457530E+00  7.452184E+00  7.662945E+00  7.886828E+00
  8.307705E+00  9.133097E+00  1.077934E+01  1.387841E+01  1.940518E+01  2.782580E+01  3.843060E+01  4.946152E+01  6.089066E+01  7.224433E+01
  8.235413E+01  8.979218E+01  9.444653E+01  9.710665E+01  1.364873E+01  1.363571E+01  1.419056E+01  1.474105E+01  1.577887E+01  1.775058E+01
  2.136427E+01  2.729885E+01  3.562057E+01  4.458708E+01  5.268117E+01  6.088127E+01  6.963307E+01  7.844762E+01  8.629935E+01  9.207242E+01
  9.568359E+01  9.775296E+01  4.993378E+01  4.989627E+01  5.045693E+01  5.094793E+01  5.160098E+01  5.258478E+01  5.388802E+01  5.557633E+01
  5.811760E+01  6.126686E+01  6.532549E+01  7.065528E+01  7.703092E+01  8.362467E+01  8.960517E+01  9.398565E+01  9.672082E+01  9.829555E+01
  2.688926E+00  2.684965E+00  2.719645E+00  2.730539E+00  2.789546E+00  2.890836E+00  3.086195E+00  3.512871E+00  4.370327E+00  6.107517E+00
  9.887964E+00  1.776914E+01  3.196269E+01  5.087853E+01  6.870515E+01  8.188565E+01  9.016058E+01  9.485889E+01  2.727531E+00  2.723475E+00
  2.759613E+00  2.770391E+00  2.831541E+00  2.935003E+00  3.139958E+00  3.566319E+00  4.468877E+00  6.251499E+00  1.013833E+01  1.823343E+01
  3.252612E+01  5.134703E+01  6.900374E+01  8.205643E+01  9.025267E+01  9.490548E+01  2.857285E+00  2.853555E+00  2.887898E+00  2.902044E+00
  2.966711E+00  3.076885E+00  3.299348E+00  3.773291E+00  4.753424E+00  6.719304E+00  1.099429E+01  1.960403E+01  3.422575E+01  5.272661E+01
  6.988741E+01  8.256869E+01  9.053087E+01  9.505125E+01  3.089790E+00  3.085381E+00  3.125698E+00  3.145376E+00  3.216607E+00  3.356996E+00
  3.604754E+00  4.169462E+00  5.319576E+00  7.675901E+00  1.264290E+01  2.211997E+01  3.710232E+01  5.499422E+01  7.134274E+01  8.341063E+01
  9.098785E+01  9.528981E+01  3.476694E+00  3.470637E+00  3.524557E+00  3.553137E+00  3.641364E+00  3.817018E+00  4.147653E+00  4.875392E+00
  6.362580E+00  9.367900E+00  1.548149E+01  2.609781E+01  4.121839E+01  5.812261E+01  7.333889E+01  8.456573E+01  9.161564E+01  9.561782E+01
  4.115620E+00  4.108542E+00  4.179545E+00  4.226852E+00  4.362629E+00  4.613411E+00  5.103323E+00  6.142736E+00  8.274597E+00  1.242329E+01
  2.007612E+01  3.181313E+01  4.660606E+01  6.205901E+01  7.584512E+01  8.601704E+01  9.240311E+01  9.602943E+01  5.230385E+00  5.219265E+00
  5.333968E+00  5.420655E+00  5.644599E+00  6.073206E+00  6.908908E+00  8.609030E+00  1.192599E+01  1.788253E+01  2.737953E+01  3.973063E+01
  5.316339E+01  6.675584E+01  7.883687E+01  8.774935E+01  9.334372E+01  9.652065E+01  7.457530E+00  7.443104E+00  7.671986E+00  7.864974E+00
  8.307591E+00  9.154544E+00  1.078507E+01  1.386879E+01  1.937035E+01  2.773191E+01  3.838705E+01  4.950601E+01  6.084617E+01  7.220886E+01
  8.230621E+01  8.975661E+01  9.443484E+01  9.709096E+01  1.364873E+01  1.362528E+01  1.420724E+01  1.470488E+01  1.577947E+01  1.777662E+01
  2.137418E+01  2.728869E+01  3.556383E+01  4.452317E+01  5.280589E+01  6.092781E+01  6.959546E+01  7.841091E+01  8.625979E+01  9.204482E+01
  9.567756E+01  9.773991E+01  4.993378E+01  4.990773E+01  5.048550E+01  5.082197E+01  5.159187E+01  5.257486E+01  5.383368E+01  5.558826E+01
  5.808344E+01  6.127439E+01  6.547968E+01  7.078490E+01  7.700243E+01  8.360169E+01  8.958112E+01  9.396435E+01  9.672025E+01  9.828247E+01
  2.688926E+00  2.687356E+00  2.717637E+00  2.734672E+00  2.787289E+00  2.878487E+00  3.085233E+00  3.506515E+00  4.362452E+00  6.099606E+00
  9.744532E+00  1.767667E+01  3.190579E+01  5.079521E+01  6.863254E+01  8.182935E+01  9.013330E+01  9.484682E+01  2.727531E+00  2.726270E+00
  2.758055E+00  2.775847E+00  2.830065E+00  2.923971E+00  3.135524E+00  3.558347E+00  4.432435E+00  6.242477E+00  1.001294E+01  1.812346E+01
  3.247438E+01  5.125576E+01  6.892661E+01  8.199899E+01  9.022570E+01  9.489420E+01  2.857285E+00  2.855855E+00  2.885912E+00  2.907614E+00
  2.964818E+00  3.065155E+00  3.292492E+00  3.753769E+00  4.728542E+00  6.711284E+00  1.089724E+01  1.951212E+01  3.417281E+01  5.263882E+01
  6.981141E+01  8.251192E+01  9.050481E+01  9.504029E+01  3.089790E+00  3.087832E+00  3.124294E+00  3.149354E+00  3.215153E+00  3.337979E+00
  3.600160E+00  4.155085E+00  5.325144E+00  7.654879E+00  1.252098E+01  2.204695E+01  3.705722E+01  5.491410E+01  7.127202E+01  8.335539E+01
  9.096324E+01  9.527999E+01  3.476694E+00  3.475472E+00  3.522180E+00  3.558722E+00  3.639381E+00  3.796650E+00  4.141206E+00  4.851382E+00
  6.351080E+00  9.356532E+00  1.535534E+01  2.601486E+01  4.117097E+01  5.804829E+01  7.327068E+01  8.451691E+01  9.159247E+01  9.560889E+01
  4.115620E+00  4.113289E+00  4.175511E+00  4.232772E+00  4.360679E+00  4.596248E+00  5.098334E+00  6.127794E+00  8.265769E+00  1.238822E+01
  2.002266E+01  3.178135E+01  4.656680E+01  6.198970E+01  7.578448E+01  8.596947E+01  9.238241E+01  9.602180E+01  5.230385E+00  5.225170E+00
  5.328337E+00  5.429259E+00  5.641817E+00  6.050848E+00  6.896677E+00  8.591431E+00  1.192380E+01  1.784761E+01  2.731494E+01  3.961422E+01
  5.314378E+01  6.670031E+01  7.878304E+01  8.770680E+01  9.332602E+01  9.651495E+01  7.457530E+00  7.454022E+00  7.659502E+00  7.875145E+00
  8.306132E+00  9.127911E+00  1.076362E+01  1.386604E+01  1.936907E+01  2.771172E+01  3.837109E+01  4.944050E+01  6.083035E+01  7.216254E+01
  8.225977E+01  8.972403E+01  9.442026E+01  9.708678E+01  1.364873E+01  1.364138E+01  1.418003E+01  1.472705E+01  1.577044E+01  1.773250E+01
  2.133709E+01  2.726922E+01  3.555474E+01  4.450227E+01  5.272984E+01  6.089883E+01  6.960402E+01  7.838475E+01  8.621799E+01  9.201563E+01
  9.566583E+01  9.773804E+01  4.993378E+01  4.992533E+01  5.039067E+01  5.090997E+01  5.160141E+01  5.257933E+01  5.384037E+01  5.553323E+01
  5.810825E+01  6.129290E+01  6.538506E+01  7.071358E+01  7.700298E+01  8.359579E+01  8.954874E+01  9.393600E+01  9.671117E+01  9.828438E+01
  2.688926E+00  2.688443E+00  2.716147E+00  2.741381E+00  2.785750E+00  2.887755E+00  3.087188E+00  3.484412E+00  4.328588E+00  6.085415E+00
  9.802356E+00  1.758805E+01  3.178899E+01  5.068428E+01  6.854866E+01  8.178134E+01  9.010141E+01  9.483144E+01  2.727531E+00  2.727189E+00
  2.755765E+00  2.783299E+00  2.828489E+00  2.932402E+00  3.137954E+00  3.534752E+00  4.394062E+00  6.228228E+00  1.004751E+01  1.803789E+01
  3.234225E+01  5.115340E+01  6.884743E+01  8.195419E+01  9.019398E+01  9.487898E+01  2.857285E+00  2.856691E+00  2.883935E+00  2.913894E+00
  2.963163E+00  3.073401E+00  3.295256E+00  3.750037E+00  4.660267E+00  6.695503E+00  1.090612E+01  1.942754E+01  3.405822E+01  5.253345E+01
  6.973643E+01  8.247070E+01  9.047383E+01  9.502555E+01  3.089790E+00  3.088578E+00  3.122159E+00  3.155221E+00  3.212433E+00  3.344679E+00
  3.602162E+00  4.142159E+00  5.226573E+00  7.643677E+00  1.254012E+01  2.195031E+01  3.689186E+01  5.481166E+01  7.119614E+01  8.331551E+01
  9.093330E+01  9.526637E+01  3.476694E+00  3.474871E+00  3.520446E+00  3.566372E+00  3.636594E+00  3.806302E+00  4.143378E+00  4.860212E+00
  6.223471E+00  9.338750E+00  1.537447E+01  2.594375E+01  4.104184E+01  5.795410E+01  7.320164E+01  8.447829E+01  9.156555E+01  9.559606E+01
  4.115620E+00  4.114154E+00  4.174448E+00  4.239786E+00  4.357226E+00  4.603073E+00  5.099824E+00  6.146506E+00  8.402181E+00  1.235703E+01
  1.994068E+01  3.170556E+01  4.645738E+01  6.189870E+01  7.571935E+01  8.593540E+01  9.235706E+01  9.600946E+01  5.230385E+00  5.227341E+00
  5.329813E+00  5.434553E+00  5.640308E+00  6.061884E+00  6.898238E+00  8.619513E+00  1.199228E+01  1.781627E+01  2.727741E+01  3.955580E+01
  5.304275E+01  6.661824E+01  7.872580E+01  8.767491E+01  9.330357E+01  9.650379E+01  7.457530E+00  7.456228E+00  7.667518E+00  7.882690E+00
  8.299133E+00  9.137167E+00  1.076893E+01  1.390765E+01  1.916370E+01  2.767724E+01  3.828341E+01  4.936148E+01  6.077942E+01  7.209222E+01
  8.221410E+01  8.969620E+01  9.440087E+01  9.707758E+01  1.364873E+01  1.364452E+01  1.419712E+01  1.473272E+01  1.576889E+01  1.775194E+01
  2.133952E+01  2.728121E+01  3.578101E+01  4.446357E+01  5.271190E+01  6.083939E+01  6.955080E+01  7.832593E+01  8.618301E+01  9.199773E+01
  9.565073E+01  9.772987E+01  4.993378E+01  4.994897E+01  5.046765E+01  5.093353E+01  5.157804E+01  5.260973E+01  5.385986E+01  5.560717E+01
  5.835098E+01  6.128411E+01  6.541926E+01  7.060093E+01  7.689933E+01  8.354770E+01  8.951846E+01  9.392186E+01  9.669983E+01  9.827589E+01
  4.972730E+00  5.003026E+00  5.118922E+00  5.255241E+00  5.619644E+00  6.252365E+00  7.736078E+00  1.024482E+01  1.444941E+01  2.131555E+01
  3.166525E+01  4.530087E+01  6.082316E+01  7.498734E+01  8.545970E+01  9.209188E+01  9.587350E+01  9.788660E+01  4.972730E+00  4.849288E+00
  5.187251E+00  5.231129E+00  5.522332E+00  5.955560E+00  7.041162E+00  8.941545E+00  1.239268E+01  1.795153E+01  2.671237E+01  3.887036E+01
  5.397910E+01  6.908739E+01  8.131895E+01  8.959708E+01  9.447408E+01  9.714975E+01  4.972730E+00  5.060422E+00  5.150198E+00  5.228129E+00
  5.429580E+00  5.949911E+00  6.825562E+00  8.506296E+00  1.169010E+01  1.686427E+01  2.493173E+01  3.663213E+01  5.136611E+01  6.660942E+01
  7.952146E+01  8.842892E+01  9.382916E+01  9.679826E+01  4.972730E+00  4.941032E+00  5.095237E+00  5.172267E+00  5.397242E+00  5.948026E+00
  6.775753E+00  8.480083E+00  1.127982E+01  1.621800E+01  2.406547E+01  3.534268E+01  4.985918E+01  6.528378E+01  7.846634E+01  8.777399E+01
  9.342928E+01  9.659424E+01  4.972730E+00  5.015888E+00  5.142413E+00  5.214293E+00  5.363575E+00  5.771002E+00  6.636147E+00  8.262598E+00
  1.114973E+01  1.585036E+01  2.342864E+01  3.455250E+01  4.888057E+01  6.431380E+01  7.774481E+01  8.730635E+01  9.315978E+01  9.644306E+01
  4.972730E+00  5.012984E+00  5.072933E+00  5.152144E+00  5.327387E+00  5.753630E+00  6.588807E+00  8.163463E+00  1.108560E+01  1.567035E+01
  2.311056E+01  3.408151E+01  4.820114E+01  6.372791E+01  7.719359E+01  8.698724E+01  9.297598E+01  9.635077E+01  4.972730E+00  5.000973E+00
  5.167113E+00  5.185102E+00  5.298980E+00  5.813728E+00  6.575864E+00  8.157956E+00  1.093511E+01  1.553418E+01  2.280782E+01  3.370195E+01
  4.777304E+01  6.334550E+01  7.689746E+01  8.678902E+01  9.287528E+01  9.629040E+01  4.972730E+00  4.824765E+00  5.099192E+00  5.187567E+00
  5.514499E+00  5.738146E+00  6.573825E+00  8.134792E+00  1.084713E+01  1.542529E+01  2.262849E+01  3.338745E+01  4.748079E+01  6.297155E+01
  7.668020E+01  8.658221E+01  9.276704E+01  9.621884E+01  4.972730E+00  4.997568E+00  5.102674E+00  5.138095E+00  5.331300E+00  5.736543E+00
  6.558612E+00  8.099448E+00  1.082300E+01  1.537756E+01  2.230072E+01  3.299464E+01  4.722500E+01  6.264056E+01  7.644913E+01  8.643294E+01
  9.267454E+01  9.617694E+01  4.972730E+00  4.953388E+00  5.094982E+00  5.125041E+00  5.294388E+00  5.711451E+00  6.563347E+00  8.089741E+00
  1.075294E+01  1.524719E+01  2.218318E+01  3.297904E+01  4.687925E+01  6.240289E+01  7.622468E+01  8.631445E+01  9.259640E+01  9.613782E+01
  4.972730E+00  4.780406E+00  5.091336E+00  5.096084E+00  5.419142E+00  5.666806E+00  6.599954E+00  8.004629E+00  1.072722E+01  1.514976E+01
  2.218909E+01  3.277894E+01  4.677551E+01  6.219475E+01  7.609892E+01  8.621316E+01  9.254415E+01  9.611153E+01  4.972730E+00  4.841324E+00
  5.060223E+00  5.157243E+00  5.301076E+00  5.733561E+00  6.540055E+00  8.002225E+00  1.070586E+01  1.510270E+01  2.205444E+01  3.265253E+01
  4.659752E+01  6.204733E+01  7.595256E+01  8.611792E+01  9.248203E+01  9.607568E+01  4.972730E+00  5.010099E+00  5.024663E+00  5.095699E+00
  5.375413E+00  5.689710E+00  6.510836E+00  8.033416E+00  1.065356E+01  1.498153E+01  2.208038E+01  3.258189E+01  4.654589E+01  6.189265E+01
  7.587874E+01  8.605357E+01  9.244366E+01  9.606004E+01  4.972730E+00  4.846265E+00  5.108625E+00  5.217754E+00  5.325746E+00  5.744864E+00
  6.543548E+00  8.003393E+00  1.065964E+01  1.502849E+01  2.198857E+01  3.247446E+01  4.631300E+01  6.185102E+01  7.577942E+01  8.598764E+01
  9.240448E+01  9.603618E+01  4.972730E+00  4.966533E+00  5.052555E+00  5.203780E+00  5.269826E+00  5.667771E+00  6.494326E+00  8.001781E+00
  1.057128E+01  1.497776E+01  2.195741E+01  3.236417E+01  4.626691E+01  6.171699E+01  7.568884E+01  8.593134E+01  9.237783E+01  9.601920E+01
  4.972730E+00  4.996617E+00  5.096288E+00  5.119664E+00  5.275298E+00  5.662187E+00  6.473066E+00  7.991717E+00  1.062330E+01  1.496463E+01
  2.187448E+01  3.224784E+01  4.618491E+01  6.158031E+01  7.562000E+01  8.588750E+01  9.233826E+01  9.599362E+01  4.972730E+00  4.969498E+00
  5.033957E+00  5.178050E+00  5.315237E+00  5.704225E+00  6.529504E+00  7.916224E+00  1.064262E+01  1.485968E+01  2.171158E+01  3.216956E+01
  4.612195E+01  6.154315E+01  7.555270E+01  8.585612E+01  9.230389E+01  9.599120E+01  4.972730E+00  4.831250E+00  5.068160E+00  5.070937E+00
  5.291360E+00  5.731030E+00  6.455562E+00  7.951230E+00  1.061097E+01  1.487169E+01  2.182901E+01  3.224180E+01  4.604979E+01  6.147169E+01
  7.549439E+01  8.581202E+01  9.229189E+01  9.596737E+01  4.972730E+00  5.007568E+00  4.992047E+00  5.120018E+00  5.284952E+00  5.704710E+00
  6.478564E+00  7.882452E+00  1.062728E+01  1.485237E+01  2.172693E+01  3.217890E+01  4.602667E+01  6.143463E+01  7.542661E+01  8.575369E+01
  9.227006E+01  9.596362E+01  4.972730E+00  4.949707E+00  5.067261E+00  5.166525E+00  5.279205E+00  5.754515E+00  6.519615E+00  8.025835E+00
  1.054513E+01  1.483079E+01  2.173051E+01  3.204513E+01  4.586338E+01  6.134081E+01  7.536427E+01  8.571883E+01  9.224404E+01  9.594828E+01
