  6.343411E-01
          18 10.0000000
 -2.000000E+01 -1.000000E+01 -2.107210E+00 -1.806180E+00 -1.505150E+00 -1.204120E+00 -9.030900E-01 -6.020600E-01 -3.010300E-01  0.000000E+00
  3.010300E-01  6.020600E-01  9.030900E-01  1.204120E+00  1.505150E+00  1.806180E+00  2.107210E+00  2.408240E+00
          10 10.0000000
  0.000000E+00  1.000000E+01  2.000000E+01  3.000000E+01  4.000000E+01  5.000000E+01  6.000000E+01  7.000000E+01  8.000000E+01  8.900000E+01
          20  2.0000000
  1.000000E+00  3.000000E+00  5.000000E+00  7.000000E+00  9.000000E+00  1.100000E+01  1.300000E+01  1.500000E+01  1.700000E+01  1.900000E+01
  2.100000E+01  2.300000E+01  2.500000E+01  2.700000E+01  2.900000E+01  3.100000E+01  3.300000E+01  3.500000E+01  3.700000E+01  3.900000E+01
  2.613770E+00  2.621094E+00  2.671387E+00  2.719238E+00  2.838379E+00  3.055176E+00  3.541992E+00  4.461426E+00  6.412109E+00  1.027490E+01
  1.803809E+01  3.174463E+01  5.020508E+01  6.814111E+01  8.150183E+01  8.993085E+01  9.473445E+01  9.730145E+01  2.652832E+00  2.660156E+00
  2.715332E+00  2.769531E+00  2.869141E+00  3.115723E+00  3.608398E+00  4.561523E+00  6.561035E+00  1.051221E+01  1.842773E+01  3.226123E+01
  5.066260E+01  6.843713E+01  8.167639E+01  9.002655E+01  9.478427E+01  9.732718E+01  2.783203E+00  2.790039E+00  2.854004E+00  2.908691E+00
  3.020996E+00  3.270020E+00  3.806641E+00  4.834961E+00  7.019531E+00  1.127100E+01  1.966992E+01  3.384521E+01  5.202271E+01  6.934546E+01
  8.219629E+01  9.030859E+01  9.493227E+01  9.740313E+01  3.002930E+00  3.011719E+00  3.096680E+00  3.149414E+00  3.283203E+00  3.582031E+00
  4.210938E+00  5.393555E+00  7.880371E+00  1.275342E+01  2.193359E+01  3.656396E+01  5.430054E+01  7.081177E+01  8.305115E+01  9.077405E+01
  9.517538E+01  9.752769E+01  3.402344E+00  3.412109E+00  3.487305E+00  3.585938E+00  3.745117E+00  4.123047E+00  4.878906E+00  6.355469E+00
  9.425781E+00  1.524756E+01  2.551855E+01  4.051367E+01  5.743188E+01  7.282422E+01  8.422131E+01  9.140948E+01  9.550809E+01  9.769831E+01
  4.007812E+00  4.018555E+00  4.153320E+00  4.263672E+00  4.516602E+00  5.007812E+00  6.046875E+00  8.064453E+00  1.207910E+01  1.930078E+01
  3.085742E+01  4.576904E+01  6.136621E+01  7.533838E+01  8.568164E+01  9.220490E+01  9.592432E+01  9.791168E+01  5.106445E+00  5.121094E+00
  5.299805E+00  5.492188E+00  5.870117E+00  6.663086E+00  8.252930E+00  1.123828E+01  1.689062E+01  2.597949E+01  3.838086E+01  5.227734E+01
  6.605566E+01  7.832959E+01  8.742285E+01  9.315051E+01  9.641956E+01  9.816533E+01  7.308594E+00  7.333984E+00  7.679688E+00  8.041016E+00
  8.726562E+00  1.017383E+01  1.293164E+01  1.784961E+01  2.593945E+01  3.660352E+01  4.817676E+01  5.991992E+01  7.149219E+01  8.179395E+01
  8.943311E+01  9.424365E+01  9.699200E+01  9.845883E+01  1.338672E+01  1.342969E+01  1.433984E+01  1.520703E+01  1.691797E+01  2.007422E+01
  2.560156E+01  3.346094E+01  4.273047E+01  5.137500E+01  5.977148E+01  6.873438E+01  7.771289E+01  8.576270E+01  9.174121E+01  9.550146E+01
  9.764905E+01  9.879602E+01  4.965625E+01  4.978125E+01  5.062500E+01  5.132812E+01  5.223438E+01  5.348438E+01  5.535938E+01  5.767188E+01
  6.090625E+01  6.514062E+01  7.046875E+01  7.660938E+01  8.331250E+01  8.925781E+01  9.380859E+01  9.662305E+01  9.823926E+01  9.910010E+01
  2.613770E+00  2.620117E+00  2.672852E+00  2.690918E+00  2.781250E+00  2.946289E+00  3.280273E+00  3.951660E+00  5.293945E+00  8.224609E+00
  1.392432E+01  2.477148E+01  4.169385E+01  6.052417E+01  7.618945E+01  8.670886E+01  9.294897E+01  9.635883E+01  2.652832E+00  2.659668E+00
  2.699219E+00  2.736816E+00  2.832520E+00  2.983887E+00  3.341797E+00  4.014648E+00  5.417480E+00  8.413086E+00  1.425244E+01  2.525684E+01
  4.220654E+01  6.088574E+01  7.641650E+01  8.683521E+01  9.301596E+01  9.639330E+01  2.783203E+00  2.789551E+00  2.835449E+00  2.874023E+00
  2.961426E+00  3.145996E+00  3.520996E+00  4.263672E+00  5.783203E+00  9.046387E+00  1.529004E+01  2.674268E+01  4.376489E+01  6.202417E+01
  7.709143E+01  8.721313E+01  9.321704E+01  9.649686E+01  3.002930E+00  3.011719E+00  3.076172E+00  3.127930E+00  3.240234E+00  3.435547E+00
  3.878906E+00  4.741211E+00  6.485840E+00  1.022070E+01  1.722656E+01  2.938965E+01  4.634326E+01  6.389136E+01  7.820422E+01  8.783228E+01
  9.354526E+01  9.666599E+01  3.402344E+00  3.412109E+00  3.465820E+00  3.541016E+00  3.671875E+00  3.924805E+00  4.476562E+00  5.550781E+00
  7.761719E+00  1.225977E+01  2.038818E+01  3.337695E+01  4.999414E+01  6.640332E+01  7.972302E+01  8.868011E+01  9.399585E+01  9.689868E+01
  4.007812E+00  4.015625E+00  4.125000E+00  4.205078E+00  4.392578E+00  4.741211E+00  5.525391E+00  6.986328E+00  9.940430E+00  1.569238E+01
  2.528809E+01  3.891113E+01  5.462891E+01  6.955566E+01  8.162109E+01  8.973669E+01  9.455792E+01  9.718842E+01  5.106445E+00  5.118164E+00
  5.248047E+00  5.393555E+00  5.684570E+00  6.250000E+00  7.433594E+00  9.661133E+00  1.396289E+01  2.158203E+01  3.269727E+01  4.610352E+01
  6.018164E+01  7.328076E+01  8.387769E+01  9.099524E+01  9.522327E+01  9.753241E+01  7.308594E+00  7.332031E+00  7.583984E+00  7.855469E+00
  8.388672E+00  9.416016E+00  1.150586E+01  1.532422E+01  2.184766E+01  3.170703E+01  4.317773E+01  5.483008E+01  6.662012E+01  7.759570E+01
  8.647998E+01  9.244849E+01  9.599487E+01  9.793048E+01  1.338672E+01  1.341797E+01  1.409375E+01  1.472266E+01  1.597266E+01  1.835938E+01
  2.269922E+01  2.950000E+01  3.839453E+01  4.768750E+01  5.622656E+01  6.483203E+01  7.396680E+01  8.249512E+01  8.945264E+01  9.410596E+01
  9.687476E+01  9.838464E+01  4.965625E+01  4.975000E+01  5.046875E+01  5.098438E+01  5.179688E+01  5.303125E+01  5.453125E+01  5.645312E+01
  5.937500E+01  6.320312E+01  6.795312E+01  7.389062E+01  8.045312E+01  8.681250E+01  9.206641E+01  9.556055E+01  9.764844E+01  9.878369E+01
  2.613770E+00  2.621094E+00  2.666504E+00  2.685059E+00  2.759277E+00  2.908691E+00  3.173340E+00  3.755859E+00  4.931152E+00  7.385742E+00
  1.240869E+01  2.222656E+01  3.834326E+01  5.740991E+01  7.382910E+01  8.522546E+01  9.211414E+01  9.590836E+01  2.652832E+00  2.661133E+00
  2.692871E+00  2.731934E+00  2.810059E+00  2.955566E+00  3.236328E+00  3.829590E+00  5.042480E+00  7.559082E+00  1.272119E+01  2.268652E+01
  3.887158E+01  5.781055E+01  7.407629E+01  8.536542E+01  9.218948E+01  9.594661E+01  2.783203E+00  2.791016E+00  2.828613E+00  2.867188E+00
  2.937012E+00  3.096680E+00  3.401367E+00  4.051758E+00  5.379395E+00  8.133301E+00  1.370020E+01  2.416260E+01  4.047168E+01  5.901294E+01
  7.481860E+01  8.578479E+01  9.241275E+01  9.606323E+01  3.002930E+00  3.013672E+00  3.070312E+00  3.120117E+00  3.211914E+00  3.384766E+00
  3.746094E+00  4.498047E+00  6.047363E+00  9.236816E+00  1.553760E+01  2.677393E+01  4.319141E+01  6.099561E+01  7.603894E+01  8.647394E+01
  9.278076E+01  9.625403E+01  3.402344E+00  3.413086E+00  3.471680E+00  3.530273E+00  3.641602E+00  3.858398E+00  4.319336E+00  5.269531E+00
  7.228516E+00  1.114355E+01  1.857227E+01  3.076904E+01  4.700293E+01  6.371729E+01  7.771167E+01  8.741541E+01  9.328571E+01  9.651486E+01
  4.007812E+00  4.020508E+00  4.112305E+00  4.193359E+00  4.351562E+00  4.659180E+00  5.330078E+00  6.657227E+00  9.310547E+00  1.443164E+01
  2.337012E+01  3.639160E+01  5.189453E+01  6.711450E+01  7.980005E+01  8.859460E+01  9.391522E+01  9.684174E+01  5.106445E+00  5.121094E+00
  5.234375E+00  5.371094E+00  5.632812E+00  6.146484E+00  7.203125E+00  9.244141E+00  1.317871E+01  2.016309E+01  3.075488E+01  4.382617E+01
  5.779443E+01  7.116504E+01  8.228320E+01  8.999646E+01  9.466492E+01  9.723053E+01  7.308594E+00  7.330078E+00  7.566406E+00  7.824219E+00
  8.308594E+00  9.265625E+00  1.117188E+01  1.472656E+01  2.090430E+01  3.016211E+01  4.145117E+01  5.293164E+01  6.464844E+01  7.584717E+01
  8.516064E+01  9.161841E+01  9.553040E+01  9.768005E+01  1.338672E+01  1.342578E+01  1.405078E+01  1.464062E+01  1.580859E+01  1.806250E+01
  2.204688E+01  2.859375E+01  3.732031E+01  4.648828E+01  5.498047E+01  6.342188E+01  7.245117E+01  8.118945E+01  8.843555E+01  9.346729E+01
  9.651489E+01  9.819141E+01  4.965625E+01  4.978125E+01  5.035938E+01  5.095312E+01  5.162500E+01  5.271875E+01  5.426562E+01  5.618750E+01
  5.882812E+01  6.243750E+01  6.700000E+01  7.270312E+01  7.917969E+01  8.585156E+01  9.126172E+01  9.506055E+01  9.736914E+01  9.863037E+01
  2.613770E+00  2.619629E+00  2.662598E+00  2.690918E+00  2.745605E+00  2.871582E+00  3.140137E+00  3.660156E+00  4.740234E+00  6.977539E+00
  1.171680E+01  2.096680E+01  3.650977E+01  5.562500E+01  7.247888E+01  8.437427E+01  9.161719E+01  9.565123E+01  2.652832E+00  2.656250E+00
  2.687500E+00  2.718750E+00  2.798340E+00  2.919434E+00  3.198730E+00  3.731934E+00  4.833008E+00  7.139160E+00  1.201855E+01  2.142627E+01
  3.704980E+01  5.604517E+01  7.273840E+01  8.452216E+01  9.169495E+01  9.568950E+01  2.783203E+00  2.788086E+00  2.823242E+00  2.855469E+00
  2.923828E+00  3.059082E+00  3.347168E+00  3.940918E+00  5.169922E+00  7.686523E+00  1.295703E+01  2.288428E+01  3.867773E+01  5.729492E+01
  7.351318E+01  8.496503E+01  9.192889E+01  9.581448E+01  3.002930E+00  3.009766E+00  3.062500E+00  3.104492E+00  3.193359E+00  3.335938E+00
  3.688477E+00  4.375000E+00  5.793945E+00  8.746094E+00  1.474219E+01  2.547705E+01  4.146094E+01  5.935596E+01  7.479785E+01  8.569397E+01
  9.233017E+01  9.601561E+01  3.402344E+00  3.409180E+00  3.462891E+00  3.512695E+00  3.619141E+00  3.825195E+00  4.261719E+00  5.136719E+00
  6.931641E+00  1.060059E+01  1.772070E+01  2.947900E+01  4.535303E+01  6.218652E+01  7.656372E+01  8.669128E+01  9.286298E+01  9.629343E+01
  4.007812E+00  4.015625E+00  4.104492E+00  4.170898E+00  4.330078E+00  4.612305E+00  5.229492E+00  6.492188E+00  8.964844E+00  1.380469E+01
  2.247168E+01  3.513867E+01  5.035840E+01  6.573438E+01  7.876123E+01  8.794031E+01  9.353680E+01  9.664117E+01  5.106445E+00  5.114258E+00
  5.224609E+00  5.360352E+00  5.613281E+00  6.081055E+00  7.079102E+00  9.037109E+00  1.275684E+01  1.944922E+01  2.983008E+01  4.270605E+01
  5.645850E+01  6.995508E+01  8.137280E+01  8.942676E+01  9.433337E+01  9.705432E+01  7.308594E+00  7.326172E+00  7.550781E+00  7.789062E+00
  8.263672E+00  9.162109E+00  1.101562E+01  1.444727E+01  2.038281E+01  2.942969E+01  4.061523E+01  5.202539E+01  6.353320E+01  7.484766E+01
  8.440820E+01  9.114868E+01  9.525232E+01  9.753387E+01  1.338672E+01  1.342188E+01  1.401172E+01  1.458594E+01  1.573047E+01  1.786328E+01
  2.176953E+01  2.817969E+01  3.671875E+01  4.590625E+01  5.439062E+01  6.277734E+01  7.159766E+01  8.042188E+01  8.785645E+01  9.310645E+01
  9.629907E+01  9.807910E+01  4.965625E+01  4.973438E+01  5.031250E+01  5.078125E+01  5.156250E+01  5.248438E+01  5.414062E+01  5.601562E+01
  5.859375E+01  6.214062E+01  6.660938E+01  7.217188E+01  7.849219E+01  8.522656E+01  9.081250E+01  9.478711E+01  9.720117E+01  9.855127E+01
  2.613770E+00  2.619629E+00  2.663086E+00  2.682129E+00  2.738281E+00  2.855469E+00  3.094727E+00  3.589844E+00  4.641113E+00  6.704590E+00
  1.128857E+01  2.011719E+01  3.535840E+01  5.445679E+01  7.155432E+01  8.376947E+01  9.125900E+01  9.545819E+01  2.652832E+00  2.658203E+00
  2.703125E+00  2.725586E+00  2.788574E+00  2.902832E+00  3.152344E+00  3.641113E+00  4.714844E+00  6.871094E+00  1.156738E+01  2.056885E+01
  3.590576E+01  5.488721E+01  7.182239E+01  8.392194E+01  9.134064E+01  9.549954E+01  2.783203E+00  2.789551E+00  2.823242E+00  2.847656E+00
  2.928711E+00  3.055176E+00  3.314453E+00  3.857422E+00  5.052734E+00  7.389648E+00  1.249072E+01  2.201221E+01  3.755322E+01  5.617432E+01
  7.262988E+01  8.438257E+01  9.158850E+01  9.562888E+01  3.002930E+00  3.010742E+00  3.063477E+00  3.095703E+00  3.184570E+00  3.329102E+00
  3.646484E+00  4.278320E+00  5.661621E+00  8.415527E+00  1.423926E+01  2.459717E+01  4.034668E+01  5.828613E+01  7.395325E+01  8.513782E+01
  9.199567E+01  9.584064E+01  3.402344E+00  3.411133E+00  3.465820E+00  3.506836E+00  3.608398E+00  3.799805E+00  4.210938E+00  5.005859E+00
  6.783203E+00  1.023242E+01  1.717334E+01  2.858936E+01  4.431152E+01  6.118921E+01  7.577246E+01  8.617419E+01  9.255316E+01  9.613077E+01
  4.007812E+00  4.019531E+00  4.101562E+00  4.157227E+00  4.311523E+00  4.597656E+00  5.172852E+00  6.337891E+00  8.766602E+00  1.339258E+01
  2.188086E+01  3.427881E+01  4.942139E+01  6.483838E+01  7.804370E+01  8.747107E+01  9.325140E+01  9.649335E+01  5.106445E+00  5.117188E+00
  5.223633E+00  5.342773E+00  5.595703E+00  6.042969E+00  6.996094E+00  8.848633E+00  1.252344E+01  1.896973E+01  2.924121E+01  4.188867E+01
  5.563232E+01  6.917920E+01  8.075317E+01  8.901843E+01  9.408356E+01  9.692688E+01  7.308594E+00  7.335938E+00  7.556641E+00  7.771484E+00
  8.250000E+00  9.117188E+00  1.090430E+01  1.421680E+01  2.008789E+01  2.890820E+01  4.009375E+01  5.136035E+01  6.286914E+01  7.421240E+01
  8.389404E+01  9.080884E+01  9.504663E+01  9.742731E+01  1.338672E+01  1.342578E+01  1.402734E+01  1.455469E+01  1.569141E+01  1.777344E+01
  2.159766E+01  2.780469E+01  3.636328E+01  4.545703E+01  5.404492E+01  6.227734E+01  7.110938E+01  7.993848E+01  8.746484E+01  9.284766E+01
  9.614478E+01  9.799780E+01  4.965625E+01  4.975000E+01  5.032812E+01  5.071875E+01  5.154688E+01  5.245312E+01  5.404688E+01  5.579688E+01
  5.842188E+01  6.189062E+01  6.635938E+01  7.182812E+01  7.805469E+01  8.482812E+01  9.048828E+01  9.458984E+01  9.708496E+01  9.848633E+01
  2.613770E+00  2.620117E+00  2.657715E+00  2.680176E+00  2.726074E+00  2.837402E+00  3.082031E+00  3.547363E+00  4.568359E+00  6.619629E+00
  1.089453E+01  1.961084E+01  3.456274E+01  5.368457E+01  7.097461E+01  8.339954E+01  9.104443E+01  9.534166E+01  2.652832E+00  2.657715E+00
  2.697754E+00  2.724121E+00  2.776367E+00  2.884766E+00  3.123047E+00  3.619141E+00  4.658203E+00  6.778320E+00  1.117383E+01  2.005469E+01
  3.511914E+01  5.411572E+01  7.124792E+01  8.355719E+01  9.112769E+01  9.538367E+01  2.783203E+00  2.790527E+00  2.818359E+00  2.845703E+00
  2.915039E+00  3.037598E+00  3.296875E+00  3.833984E+00  4.957031E+00  7.277832E+00  1.208398E+01  2.149902E+01  3.678027E+01  5.541992E+01
  7.206946E+01  8.402765E+01  9.138110E+01  9.551591E+01  3.002930E+00  3.010742E+00  3.056641E+00  3.092773E+00  3.164062E+00  3.307617E+00
  3.610352E+00  4.247070E+00  5.578125E+00  8.314453E+00  1.380908E+01  2.407227E+01  3.959521E+01  5.756860E+01  7.342529E+01  8.479980E+01
  9.179785E+01  9.573346E+01  3.402344E+00  3.408203E+00  3.458984E+00  3.501953E+00  3.589844E+00  3.776367E+00  4.168945E+00  4.978516E+00
  6.687500E+00  1.009961E+01  1.672217E+01  2.805859E+01  4.358789E+01  6.052051E+01  7.527710E+01  8.586169E+01  9.236938E+01  9.603073E+01
  4.007812E+00  4.017578E+00  4.094727E+00  4.152344E+00  4.289062E+00  4.567383E+00  5.132812E+00  6.291992E+00  8.645508E+00  1.323242E+01
  2.139551E+01  3.377734E+01  4.875342E+01  6.422461E+01  7.759399E+01  8.718860E+01  9.308441E+01  9.640366E+01  5.106445E+00  5.117188E+00
  5.214844E+00  5.332031E+00  5.569336E+00  6.021484E+00  6.948242E+00  8.784180E+00  1.238379E+01  1.878125E+01  2.874805E+01  4.145410E+01
  5.504590E+01  6.863525E+01  8.036255E+01  8.877271E+01  9.393915E+01  9.684860E+01  7.308594E+00  7.328125E+00  7.560547E+00  7.769531E+00
  8.210938E+00  9.091797E+00  1.084766E+01  1.410938E+01  1.991016E+01  2.872070E+01  3.964844E+01  5.100488E+01  6.236133E+01  7.375684E+01
  8.356592E+01  9.060522E+01  9.492712E+01  9.736322E+01  1.338672E+01  1.342188E+01  1.399609E+01  1.452734E+01  1.561719E+01  1.771094E+01
  2.148438E+01  2.766406E+01  3.618359E+01  4.533594E+01  5.371484E+01  6.204883E+01  7.071680E+01  7.958594E+01  8.721973E+01  9.269336E+01
  9.605225E+01  9.794861E+01  4.965625E+01  4.975000E+01  5.029688E+01  5.068750E+01  5.146875E+01  5.245312E+01  5.393750E+01  5.581250E+01
  5.834375E+01  6.178125E+01  6.610938E+01  7.162500E+01  7.775781E+01  8.453125E+01  9.031641E+01  9.446875E+01  9.701270E+01  9.845215E+01
  2.613770E+00  2.622559E+00  2.653809E+00  2.676270E+00  2.737793E+00  2.849121E+00  3.081543E+00  3.542969E+00  4.495605E+00  6.507812E+00
  1.062695E+01  1.923779E+01  3.415674E+01  5.316870E+01  7.058069E+01  8.312988E+01  9.089175E+01  9.525716E+01  2.652832E+00  2.658203E+00
  2.694824E+00  2.722656E+00  2.773438E+00  2.878906E+00  3.121582E+00  3.600098E+00  4.600586E+00  6.672852E+00  1.081934E+01  1.969141E+01
  3.471582E+01  5.360962E+01  7.086304E+01  8.328955E+01  9.097571E+01  9.530048E+01  2.783203E+00  2.789551E+00  2.815430E+00  2.842773E+00
  2.908691E+00  3.031738E+00  3.277344E+00  3.808105E+00  4.893555E+00  7.170898E+00  1.177490E+01  2.112500E+01  3.637012E+01  5.492725E+01
  7.169543E+01  8.376672E+01  9.123386E+01  9.543462E+01  3.002930E+00  3.009766E+00  3.053711E+00  3.090820E+00  3.163086E+00  3.304688E+00
  3.603516E+00  4.217773E+00  5.503418E+00  8.170410E+00  1.348047E+01  2.369873E+01  3.919336E+01  5.709644E+01  7.306470E+01  8.455298E+01
  9.165875E+01  9.565656E+01  3.402344E+00  3.411133E+00  3.456055E+00  3.497070E+00  3.585938E+00  3.783203E+00  4.155273E+00  4.948242E+00
  6.589844E+00  9.946289E+00  1.640332E+01  2.769385E+01  4.321289E+01  6.007910E+01  7.494458E+01  8.562927E+01  9.224030E+01  9.595856E+01
  4.007812E+00  4.019531E+00  4.094727E+00  4.149414E+00  4.283203E+00  4.556641E+00  5.104492E+00  6.247070E+00  8.536133E+00  1.306055E+01
  2.105469E+01  3.339307E+01  4.841309E+01  6.381934E+01  7.729565E+01  8.697925E+01  9.296808E+01  9.633777E+01  5.106445E+00  5.120117E+00
  5.210938E+00  5.327148E+00  5.560547E+00  6.005859E+00  6.925781E+00  8.724609E+00  1.225195E+01  1.859473E+01  2.840234E+01  4.109570E+01
  5.475830E+01  6.829199E+01  8.010107E+01  8.859021E+01  9.383667E+01  9.679086E+01  7.308594E+00  7.328125E+00  7.548828E+00  7.767578E+00
  8.199219E+00  9.089844E+00  1.081055E+01  1.405078E+01  1.975977E+01  2.850391E+01  3.930859E+01  5.072070E+01  6.214551E+01  7.347607E+01
  8.335547E+01  9.045410E+01  9.484424E+01  9.731531E+01  1.338672E+01  1.342188E+01  1.398047E+01  1.451562E+01  1.561328E+01  1.770312E+01
  2.142578E+01  2.756250E+01  3.600781E+01  4.515234E+01  5.343359E+01  6.182812E+01  7.055859E+01  7.937109E+01  8.706152E+01  9.257520E+01
  9.598877E+01  9.791248E+01  4.965625E+01  4.978125E+01  5.023438E+01  5.070312E+01  5.145312E+01  5.246875E+01  5.389062E+01  5.578125E+01
  5.828125E+01  6.165625E+01  6.592188E+01  7.146875E+01  7.765625E+01  8.436719E+01  9.019531E+01  9.438086E+01  9.696484E+01  9.842188E+01
  2.613770E+00  2.620117E+00  2.652344E+00  2.681152E+00  2.730957E+00  2.839844E+00  3.064941E+00  3.520508E+00  4.467285E+00  6.406738E+00
  1.047949E+01  1.891553E+01  3.363428E+01  5.271265E+01  7.020728E+01  8.287128E+01  9.074731E+01  9.517429E+01  2.652832E+00  2.658691E+00
  2.691895E+00  2.724609E+00  2.781250E+00  2.887207E+00  3.120605E+00  3.591797E+00  4.565430E+00  6.548340E+00  1.075293E+01  1.935449E+01
  3.418506E+01  5.312866E+01  7.049707E+01  8.303162E+01  9.083340E+01  9.521791E+01  2.783203E+00  2.789062E+00  2.813965E+00  2.854004E+00
  2.903320E+00  3.024414E+00  3.273926E+00  3.780273E+00  4.857910E+00  7.048828E+00  1.164258E+01  2.078516E+01  3.585596E+01  5.449756E+01
  7.133679E+01  8.351611E+01  9.109497E+01  9.535449E+01  3.002930E+00  3.008789E+00  3.050781E+00  3.082031E+00  3.166016E+00  3.292969E+00
  3.598633E+00  4.202148E+00  5.462891E+00  8.058105E+00  1.333350E+01  2.333057E+01  3.869189E+01  5.668433E+01  7.272705E+01  8.431409E+01
  9.152673E+01  9.557944E+01  3.402344E+00  3.410156E+00  3.451172E+00  3.494141E+00  3.575195E+00  3.768555E+00  4.140625E+00  4.935547E+00
  6.527344E+00  9.823242E+00  1.621045E+01  2.732520E+01  4.273730E+01  5.972900E+01  7.463379E+01  8.540747E+01  9.211700E+01  9.588739E+01
  4.007812E+00  4.016602E+00  4.089844E+00  4.138672E+00  4.267578E+00  4.537109E+00  5.102539E+00  6.224609E+00  8.462891E+00  1.289844E+01
  2.084570E+01  3.303369E+01  4.797461E+01  6.350146E+01  7.701929E+01  8.677600E+01  9.285620E+01  9.627298E+01  5.106445E+00  5.113281E+00
  5.206055E+00  5.323242E+00  5.561523E+00  5.998047E+00  6.897461E+00  8.709961E+00  1.216895E+01  1.844531E+01  2.818164E+01  4.074609E+01
  5.437256E+01  6.800195E+01  7.986719E+01  8.840784E+01  9.373999E+01  9.673355E+01  7.308594E+00  7.328125E+00  7.542969E+00  7.759766E+00
  8.195312E+00  9.060547E+00  1.076758E+01  1.402734E+01  1.967578E+01  2.831641E+01  3.912109E+01  5.039844E+01  6.182031E+01  7.323438E+01
  8.316406E+01  9.030347E+01  9.476294E+01  9.726813E+01  1.338672E+01  1.342969E+01  1.397266E+01  1.453125E+01  1.559766E+01  1.767188E+01
  2.135938E+01  2.755859E+01  3.590234E+01  4.500781E+01  5.330859E+01  6.157422E+01  7.030859E+01  7.920117E+01  8.691211E+01  9.245996E+01
  9.592578E+01  9.787610E+01  4.965625E+01  4.971875E+01  5.026562E+01  5.075000E+01  5.140625E+01  5.248438E+01  5.389062E+01  5.575000E+01
  5.821875E+01  6.159375E+01  6.581250E+01  7.131250E+01  7.751562E+01  8.422656E+01  9.009375E+01  9.429688E+01  9.691992E+01  9.839062E+01
  2.613770E+00  2.621094E+00  2.653809E+00  2.672363E+00  2.721680E+00  2.833496E+00  3.050781E+00  3.503906E+00  4.432617E+00  6.351074E+00
  1.031836E+01  1.862402E+01  3.331445E+01  5.232544E+01  6.991370E+01  8.269452E+01  9.063589E+01  9.512364E+01  2.652832E+00  2.658691E+00
  2.694824E+00  2.715820E+00  2.770996E+00  2.879395E+00  3.105957E+00  3.557617E+00  4.503906E+00  6.484863E+00  1.057031E+01  1.906738E+01
  3.387012E+01  5.278296E+01  7.019458E+01  8.285779E+01  9.072244E+01  9.516733E+01  2.783203E+00  2.791016E+00  2.811523E+00  2.852539E+00
  2.895996E+00  3.010742E+00  3.265137E+00  3.772949E+00  4.820801E+00  6.988770E+00  1.144922E+01  2.049316E+01  3.554541E+01  5.411938E+01
  7.104529E+01  8.334717E+01  9.098914E+01  9.530603E+01  3.002930E+00  3.011719E+00  3.049805E+00  3.083984E+00  3.159180E+00  3.295898E+00
  3.580078E+00  4.174805E+00  5.379883E+00  7.977539E+00  1.313428E+01  2.304980E+01  3.839990E+01  5.632202E+01  7.245190E+01  8.415466E+01
  9.142438E+01  9.553317E+01  3.402344E+00  3.411133E+00  3.447266E+00  3.491211E+00  3.567383E+00  3.774414E+00  4.125977E+00  4.897461E+00
  6.460938E+00  9.726562E+00  1.599854E+01  2.702588E+01  4.244629E+01  5.936133E+01  7.437061E+01  8.525842E+01  9.202100E+01  9.584485E+01
  4.007812E+00  4.019531E+00  4.083984E+00  4.137695E+00  4.266602E+00  4.557617E+00  5.080078E+00  6.179688E+00  8.400391E+00  1.279785E+01
  2.062695E+01  3.274268E+01  4.771582E+01  6.317773E+01  7.677222E+01  8.664172E+01  9.276965E+01  9.623544E+01  5.106445E+00  5.119141E+00
  5.199219E+00  5.322266E+00  5.550781E+00  5.976562E+00  6.871094E+00  8.654297E+00  1.206445E+01  1.831055E+01  2.796094E+01  4.049219E+01
  5.414355E+01  6.772656E+01  7.965527E+01  8.829395E+01  9.366138E+01  9.670151E+01  7.308594E+00  7.339844E+00  7.535156E+00  7.773438E+00
  8.181641E+00  9.035156E+00  1.072461E+01  1.396484E+01  1.955664E+01  2.819531E+01  3.891211E+01  5.018848E+01  6.163770E+01  7.300586E+01
  8.298291E+01  9.020947E+01  9.470056E+01  9.724200E+01  1.338672E+01  1.342578E+01  1.396094E+01  1.451953E+01  1.558594E+01  1.762500E+01
  2.131250E+01  2.742969E+01  3.574219E+01  4.489062E+01  5.315625E+01  6.140820E+01  7.017773E+01  7.901367E+01  8.676855E+01  9.238770E+01
  9.587842E+01  9.785669E+01  4.965625E+01  4.978125E+01  5.020312E+01  5.070312E+01  5.150000E+01  5.243750E+01  5.382812E+01  5.578125E+01
  5.820312E+01  6.148438E+01  6.570312E+01  7.120312E+01  7.742188E+01  8.407812E+01  8.996484E+01  9.423242E+01  9.688477E+01  9.837695E+01
  2.613770E+00  2.622559E+00  2.655762E+00  2.670898E+00  2.726562E+00  2.828613E+00  3.035156E+00  3.497559E+00  4.417969E+00  6.290527E+00
  1.023242E+01  1.844336E+01  3.299463E+01  5.201367E+01  6.966772E+01  8.252490E+01  9.054181E+01  9.506316E+01  2.652832E+00  2.658691E+00
  2.695801E+00  2.715332E+00  2.776855E+00  2.874512E+00  3.090332E+00  3.566895E+00  4.514648E+00  6.439453E+00  1.050000E+01  1.889160E+01
  3.354883E+01  5.246460E+01  6.995337E+01  8.268994E+01  9.062930E+01  9.510783E+01  2.783203E+00  2.790039E+00  2.814453E+00  2.852051E+00
  2.899902E+00  3.030273E+00  3.258789E+00  3.752441E+00  4.794434E+00  6.921875E+00  1.136914E+01  2.029736E+01  3.523193E+01  5.381348E+01
  7.081238E+01  8.318518E+01  9.089709E+01  9.524783E+01  3.002930E+00  3.012695E+00  3.052734E+00  3.079102E+00  3.164062E+00  3.291016E+00
  3.558594E+00  4.150391E+00  5.389160E+00  7.890625E+00  1.303076E+01  2.284619E+01  3.808398E+01  5.603369E+01  7.222607E+01  8.399792E+01
  9.133789E+01  9.547748E+01  3.402344E+00  3.411133E+00  3.452148E+00  3.488281E+00  3.569336E+00  3.765625E+00  4.121094E+00  4.877930E+00
  6.453125E+00  9.637695E+00  1.587695E+01  2.682178E+01  4.215869E+01  5.909155E+01  7.416357E+01  8.511279E+01  9.194153E+01  9.579279E+01
  4.007812E+00  4.019531E+00  4.090820E+00  4.136719E+00  4.283203E+00  4.545898E+00  5.051758E+00  6.157227E+00  8.372070E+00  1.269141E+01
  2.051367E+01  3.255469E+01  4.743262E+01  6.292627E+01  7.658765E+01  8.650989E+01  9.269849E+01  9.618787E+01  5.106445E+00  5.120117E+00
  5.204102E+00  5.330078E+00  5.551758E+00  5.976562E+00  6.853516E+00  8.626953E+00  1.205273E+01  1.819336E+01  2.785059E+01  4.030566E+01
  5.387891E+01  6.751025E+01  7.948511E+01  8.817651E+01  9.360181E+01  9.665887E+01  7.308594E+00  7.332031E+00  7.546875E+00  7.763672E+00
  8.185547E+00  9.027344E+00  1.072266E+01  1.391016E+01  1.952539E+01  2.807617E+01  3.882031E+01  5.002246E+01  6.141406E+01  7.282617E+01
  8.284375E+01  9.011133E+01  9.465027E+01  9.720605E+01  1.338672E+01  1.343750E+01  1.397656E+01  1.450391E+01  1.557031E+01  1.762891E+01
  2.128516E+01  2.735547E+01  3.574219E+01  4.478125E+01  5.310938E+01  6.128906E+01  7.000586E+01  7.889160E+01  8.666211E+01  9.231152E+01
  9.584229E+01  9.782886E+01  4.965625E+01  4.978125E+01  5.026562E+01  5.070312E+01  5.146875E+01  5.239062E+01  5.384375E+01  5.571875E+01
  5.818750E+01  6.143750E+01  6.568750E+01  7.114062E+01  7.728906E+01  8.396875E+01  8.987891E+01  9.418359E+01  9.685547E+01  9.835645E+01
  2.613770E+00  2.622070E+00  2.654785E+00  2.677246E+00  2.723633E+00  2.840820E+00  3.042969E+00  3.480469E+00  4.388184E+00  6.241211E+00
  1.013135E+01  1.833594E+01  3.281592E+01  5.175757E+01  6.948267E+01  8.240369E+01  9.047629E+01  9.502559E+01  2.652832E+00  2.658203E+00
  2.694336E+00  2.723145E+00  2.774414E+00  2.870605E+00  3.083008E+00  3.547852E+00  4.486328E+00  6.381836E+00  1.040137E+01  1.878320E+01
  3.337256E+01  5.220947E+01  6.977319E+01  8.256995E+01  9.056482E+01  9.507112E+01  2.783203E+00  2.790527E+00  2.815918E+00  2.856934E+00
  2.895996E+00  3.020996E+00  3.253418E+00  3.744141E+00  4.761719E+00  6.870605E+00  1.127197E+01  2.019043E+01  3.506299E+01  5.356738E+01
  7.063452E+01  8.306921E+01  9.083478E+01  9.521194E+01  3.002930E+00  3.012695E+00  3.050781E+00  3.085938E+00  3.153320E+00  3.286133E+00
  3.564453E+00  4.145508E+00  5.358398E+00  7.828125E+00  1.293994E+01  2.273828E+01  3.791797E+01  5.579907E+01  7.205640E+01  8.388806E+01
  9.127850E+01  9.544397E+01  3.402344E+00  3.407227E+00  3.453125E+00  3.485352E+00  3.563477E+00  3.760742E+00  4.112305E+00  4.854492E+00
  6.421875E+00  9.557617E+00  1.576807E+01  2.670752E+01  4.200293E+01  5.887793E+01  7.400610E+01  8.500928E+01  9.188708E+01  9.576147E+01
  4.007812E+00  4.016602E+00  4.089844E+00  4.148438E+00  4.287109E+00  4.540039E+00  5.040039E+00  6.131836E+00  8.353516E+00  1.261621E+01
  2.038574E+01  3.244238E+01  4.730078E+01  6.272852E+01  7.644531E+01  8.641614E+01  9.264990E+01  9.615976E+01  5.106445E+00  5.119141E+00
  5.203125E+00  5.322266E+00  5.543945E+00  5.980469E+00  6.849609E+00  8.594727E+00  1.201367E+01  1.809570E+01  2.771191E+01  4.020312E+01
  5.377344E+01  6.733740E+01  7.936157E+01  8.809863E+01  9.356006E+01  9.663477E+01  7.308594E+00  7.333984E+00  7.539062E+00  7.753906E+00
  8.173828E+00  9.027344E+00  1.070117E+01  1.388477E+01  1.948047E+01  2.798438E+01  3.868555E+01  4.994531E+01  6.133594E+01  7.268359E+01
  8.274219E+01  9.004565E+01  9.461646E+01  9.718701E+01  1.338672E+01  1.342578E+01  1.396484E+01  1.449219E+01  1.555078E+01  1.761719E+01
  2.125000E+01  2.730469E+01  3.568359E+01  4.471094E+01  5.301562E+01  6.125000E+01  6.996289E+01  7.877148E+01  8.658496E+01  9.226318E+01
  9.581860E+01  9.781531E+01  4.965625E+01  4.975000E+01  5.028125E+01  5.064062E+01  5.146875E+01  5.246875E+01  5.384375E+01  5.571875E+01
  5.815625E+01  6.139062E+01  6.565625E+01  7.106250E+01  7.725000E+01  8.386719E+01  8.982812E+01  9.413867E+01  9.683594E+01  9.834473E+01
  2.613770E+00  2.622070E+00  2.654297E+00  2.666992E+00  2.725586E+00  2.834473E+00  3.030762E+00  3.466309E+00  4.385742E+00  6.196289E+00
  1.007275E+01  1.818115E+01  3.259033E+01  5.157520E+01  6.928503E+01  8.229614E+01  9.039871E+01  9.499042E+01  2.652832E+00  2.659668E+00
  2.694336E+00  2.709961E+00  2.774414E+00  2.882324E+00  3.084961E+00  3.536133E+00  4.467285E+00  6.348145E+00  1.034180E+01  1.863330E+01
  3.314111E+01  5.202734E+01  6.957788E+01  8.246338E+01  9.048767E+01  9.503609E+01  2.783203E+00  2.791992E+00  2.814941E+00  2.845703E+00
  2.909180E+00  3.016113E+00  3.240723E+00  3.732422E+00  4.755859E+00  6.825195E+00  1.120312E+01  2.003174E+01  3.483008E+01  5.339331E+01
  7.044482E+01  8.296558E+01  9.075989E+01  9.517827E+01  3.002930E+00  3.014648E+00  3.054688E+00  3.078125E+00  3.153320E+00  3.282227E+00
  3.549805E+00  4.142578E+00  5.315918E+00  7.803711E+00  1.286035E+01  2.257910E+01  3.769043E+01  5.563330E+01  7.187354E+01  8.379077E+01
  9.120648E+01  9.541138E+01  3.402344E+00  3.410156E+00  3.453125E+00  3.485352E+00  3.575195E+00  3.755859E+00  4.092773E+00  4.834961E+00
  6.375977E+00  9.511719E+00  1.569678E+01  2.656641E+01  4.178223E+01  5.871704E+01  7.383350E+01  8.492004E+01  9.181927E+01  9.573154E+01
  4.007812E+00  4.018555E+00  4.093750E+00  4.142578E+00  4.284180E+00  4.531250E+00  5.037109E+00  6.118164E+00  8.302734E+00  1.257324E+01
  2.031348E+01  3.230859E+01  4.709082E+01  6.258545E+01  7.628638E+01  8.633569E+01  9.258704E+01  9.613248E+01  5.106445E+00  5.121094E+00
  5.206055E+00  5.323242E+00  5.537109E+00  5.970703E+00  6.820312E+00  8.592773E+00  1.196387E+01  1.803223E+01  2.763574E+01  4.009180E+01
  5.358301E+01  6.720752E+01  7.922021E+01  8.802881E+01  9.350427E+01  9.661127E+01  7.308594E+00  7.328125E+00  7.564453E+00  7.753906E+00
  8.167969E+00  9.031250E+00  1.067188E+01  1.386914E+01  1.943164E+01  2.793164E+01  3.863477E+01  4.986914E+01  6.116895E+01  7.259082E+01
  8.262158E+01  8.999097E+01  9.456873E+01  9.716718E+01  1.338672E+01  1.342969E+01  1.397266E+01  1.448438E+01  1.553906E+01  1.759766E+01
  2.122266E+01  2.730078E+01  3.561719E+01  4.467969E+01  5.298438E+01  6.120898E+01  6.982422E+01  7.869922E+01  8.649023E+01  9.222070E+01
  9.577979E+01  9.779956E+01  4.965625E+01  4.979688E+01  5.028125E+01  5.065625E+01  5.146875E+01  5.248438E+01  5.384375E+01  5.573438E+01
  5.812500E+01  6.135938E+01  6.564062E+01  7.098438E+01  7.711719E+01  8.380469E+01  8.974219E+01  9.411328E+01  9.680859E+01  9.832910E+01
  2.613770E+00  2.620117E+00  2.651855E+00  2.673340E+00  2.723633E+00  2.828125E+00  3.033203E+00  3.451660E+00  4.352051E+00  6.151855E+00
  1.003955E+01  1.806836E+01  3.245020E+01  5.144189E+01  6.917102E+01  8.220404E+01  9.036172E+01  9.496239E+01  2.652832E+00  2.658691E+00
  2.688965E+00  2.716797E+00  2.775879E+00  2.873535E+00  3.086914E+00  3.518066E+00  4.451660E+00  6.300293E+00  1.029980E+01  1.851562E+01
  3.300684E+01  5.189966E+01  6.946204E+01  8.237207E+01  9.045123E+01  9.500861E+01  2.783203E+00  2.790039E+00  2.810059E+00  2.851562E+00
  2.912598E+00  3.009277E+00  3.240234E+00  3.727539E+00  4.722656E+00  6.777344E+00  1.116650E+01  1.991602E+01  3.469482E+01  5.326270E+01
  7.033337E+01  8.287549E+01  9.072418E+01  9.515131E+01  3.002930E+00  3.009766E+00  3.046875E+00  3.083008E+00  3.154297E+00  3.277344E+00
  3.549805E+00  4.124023E+00  5.308105E+00  7.722168E+00  1.282178E+01  2.245947E+01  3.756641E+01  5.551343E+01  7.176929E+01  8.370361E+01
  9.117267E+01  9.538571E+01  3.402344E+00  3.406250E+00  3.449219E+00  3.487305E+00  3.579102E+00  3.748047E+00  4.090820E+00  4.829102E+00
  6.369141E+00  9.450195E+00  1.562891E+01  2.643750E+01  4.166260E+01  5.860522E+01  7.373438E+01  8.483948E+01  9.178827E+01  9.570676E+01
  4.007812E+00  4.019531E+00  4.083984E+00  4.154297E+00  4.287109E+00  4.524414E+00  5.046875E+00  6.095703E+00  8.271484E+00  1.249609E+01
  2.026367E+01  3.217285E+01  4.698193E+01  6.248779E+01  7.619824E+01  8.626147E+01  9.256018E+01  9.611008E+01  5.106445E+00  5.118164E+00
  5.217773E+00  5.331055E+00  5.541016E+00  5.956055E+00  6.824219E+00  8.558594E+00  1.191699E+01  1.796289E+01  2.757812E+01  3.996582E+01
  5.349023E+01  6.712891E+01  7.914233E+01  8.796191E+01  9.348120E+01  9.659125E+01  7.308594E+00  7.328125E+00  7.548828E+00  7.759766E+00
  8.181641E+00  9.009766E+00  1.069336E+01  1.381641E+01  1.936719E+01  2.785352E+01  3.857422E+01  4.975488E+01  6.109277E+01  7.252051E+01
  8.255566E+01  8.993335E+01  9.455090E+01  9.715015E+01  1.338672E+01  1.342578E+01  1.396094E+01  1.450781E+01  1.555859E+01  1.756250E+01
  2.121484E+01  2.724609E+01  3.554297E+01  4.460938E+01  5.292188E+01  6.110547E+01  6.977930E+01  7.865332E+01  8.644336E+01  9.217578E+01
  9.576782E+01  9.778650E+01  4.965625E+01  4.976562E+01  5.021875E+01  5.070312E+01  5.146875E+01  5.237500E+01  5.387500E+01  5.568750E+01
  5.810938E+01  6.132812E+01  6.559375E+01  7.095312E+01  7.710156E+01  8.375781E+01  8.971094E+01  9.407617E+01  9.679297E+01  9.832031E+01
  2.613770E+00  2.620117E+00  2.652832E+00  2.668457E+00  2.723633E+00  2.826172E+00  3.039551E+00  3.454590E+00  4.334473E+00  6.133789E+00
  9.976074E+00  1.796094E+01  3.232031E+01  5.128979E+01  6.904907E+01  8.212488E+01  9.031534E+01  9.494281E+01  2.652832E+00  2.657715E+00
  2.693359E+00  2.711426E+00  2.772949E+00  2.873047E+00  3.080566E+00  3.503906E+00  4.425781E+00  6.233887E+00  1.023584E+01  1.841016E+01
  3.287646E+01  5.174512E+01  6.934058E+01  8.229431E+01  9.040515E+01  9.498936E+01  2.783203E+00  2.789062E+00  2.812012E+00  2.847656E+00
  2.911621E+00  3.003906E+00  3.229492E+00  3.712402E+00  4.704590E+00  6.714355E+00  1.110840E+01  1.979492E+01  3.456592E+01  5.311279E+01
  7.020984E+01  8.279810E+01  9.067969E+01  9.513347E+01  3.002930E+00  3.011719E+00  3.050781E+00  3.078125E+00  3.153320E+00  3.270508E+00
  3.541992E+00  4.110352E+00  5.282715E+00  7.705078E+00  1.275146E+01  2.234766E+01  3.744238E+01  5.536694E+01  7.165161E+01  8.363245E+01
  9.113202E+01  9.536813E+01  3.402344E+00  3.409180E+00  3.451172E+00  3.484375E+00  3.575195E+00  3.746094E+00  4.079102E+00  4.809570E+00
  6.333984E+00  9.410156E+00  1.558398E+01  2.633252E+01  4.154004E+01  5.847388E+01  7.362573E+01  8.477319E+01  9.174957E+01  9.569116E+01
  4.007812E+00  4.017578E+00  4.085938E+00  4.146484E+00  4.286133E+00  4.518555E+00  5.034180E+00  6.089844E+00  8.253906E+00  1.247266E+01
  2.017676E+01  3.207129E+01  4.686768E+01  6.237061E+01  7.610596E+01  8.619983E+01  9.252783E+01  9.609586E+01  5.106445E+00  5.118164E+00
  5.219727E+00  5.322266E+00  5.553711E+00  5.949219E+00  6.809570E+00  8.529297E+00  1.189844E+01  1.790234E+01  2.750000E+01  3.987207E+01
  5.339062E+01  6.702344E+01  7.905786E+01  8.790845E+01  9.345251E+01  9.657959E+01  7.308594E+00  7.330078E+00  7.560547E+00  7.751953E+00
  8.175781E+00  9.000000E+00  1.067383E+01  1.381250E+01  1.935547E+01  2.777344E+01  3.850977E+01  4.967188E+01  6.101074E+01  7.243164E+01
  8.248291E+01  8.989062E+01  9.452722E+01  9.714081E+01  1.338672E+01  1.341797E+01  1.396875E+01  1.448438E+01  1.556641E+01  1.757031E+01
  2.118750E+01  2.719922E+01  3.554688E+01  4.455078E+01  5.288672E+01  6.105664E+01  6.971094E+01  7.858789E+01  8.638672E+01  9.214160E+01
  9.574878E+01  9.778015E+01  4.965625E+01  4.973438E+01  5.028125E+01  5.067188E+01  5.146875E+01  5.240625E+01  5.379688E+01  5.565625E+01
  5.809375E+01  6.128125E+01  6.559375E+01  7.087500E+01  7.706250E+01  8.370312E+01  8.966406E+01  9.404688E+01  9.678320E+01  9.831348E+01
  2.613770E+00  2.621094E+00  2.651855E+00  2.667969E+00  2.720215E+00  2.824707E+00  3.026855E+00  3.456543E+00  4.330566E+00  6.115234E+00
  9.927734E+00  1.788965E+01  3.218115E+01  5.114307E+01  6.895007E+01  8.204541E+01  9.025952E+01  9.491756E+01  2.652832E+00  2.658691E+00
  2.692383E+00  2.711914E+00  2.769531E+00  2.869629E+00  3.069336E+00  3.516113E+00  4.413574E+00  6.252930E+00  1.019092E+01  1.833252E+01
  3.274023E+01  5.160229E+01  6.923462E+01  8.221802E+01  9.035022E+01  9.496381E+01  2.783203E+00  2.789062E+00  2.811523E+00  2.848633E+00
  2.907227E+00  3.004395E+00  3.237793E+00  3.715332E+00  4.719238E+00  6.736328E+00  1.103955E+01  1.973242E+01  3.443018E+01  5.296924E+01
  7.012561E+01  8.272485E+01  9.062518E+01  9.510669E+01  3.002930E+00  3.011719E+00  3.048828E+00  3.077148E+00  3.150391E+00  3.284180E+00
  3.545898E+00  4.101562E+00  5.271973E+00  7.687012E+00  1.268506E+01  2.226709E+01  3.731201E+01  5.523633E+01  7.157227E+01  8.356140E+01
  9.108038E+01  9.534412E+01  3.402344E+00  3.409180E+00  3.464844E+00  3.485352E+00  3.573242E+00  3.740234E+00  4.084961E+00  4.814453E+00
  6.307617E+00  9.391602E+00  1.550879E+01  2.624707E+01  4.142383E+01  5.834424E+01  7.354688E+01  8.470764E+01  9.170062E+01  9.566858E+01
  4.007812E+00  4.017578E+00  4.083008E+00  4.148438E+00  4.278320E+00  4.513672E+00  5.026367E+00  6.076172E+00  8.212891E+00  1.242285E+01
  2.010449E+01  3.199707E+01  4.676172E+01  6.224756E+01  7.603442E+01  8.613965E+01  9.248035E+01  9.607565E+01  5.106445E+00  5.118164E+00
  5.215820E+00  5.322266E+00  5.547852E+00  5.949219E+00  6.786133E+00  8.522461E+00  1.187988E+01  1.787695E+01  2.741797E+01  3.979590E+01
  5.331152E+01  6.692480E+01  7.899658E+01  8.785791E+01  9.341101E+01  9.656207E+01  7.308594E+00  7.328125E+00  7.550781E+00  7.757812E+00
  8.173828E+00  9.000000E+00  1.065039E+01  1.380078E+01  1.933008E+01  2.778125E+01  3.844336E+01  4.962305E+01  6.095508E+01  7.234668E+01
  8.244531E+01  8.984985E+01  9.449194E+01  9.712659E+01  1.338672E+01  1.342578E+01  1.396484E+01  1.449219E+01  1.555078E+01  1.757422E+01
  2.117578E+01  2.719531E+01  3.550000E+01  4.455078E+01  5.284375E+01  6.101953E+01  6.967383E+01  7.853516E+01  8.636523E+01  9.211084E+01
  9.571973E+01  9.776831E+01  4.965625E+01  4.975000E+01  5.026562E+01  5.075000E+01  5.146875E+01  5.240625E+01  5.382812E+01  5.568750E+01
  5.806250E+01  6.123438E+01  6.553125E+01  7.084375E+01  7.698438E+01  8.367188E+01  8.965625E+01  9.402344E+01  9.675781E+01  9.830859E+01
  2.613770E+00  2.621582E+00  2.652344E+00  2.666504E+00  2.722168E+00  2.822754E+00  3.032227E+00  3.459961E+00  4.345215E+00  6.096191E+00
  9.895508E+00  1.777734E+01  3.210938E+01  5.102319E+01  6.885291E+01  8.197534E+01  9.021466E+01  9.489461E+01  2.652832E+00  2.658203E+00
  2.691895E+00  2.710938E+00  2.771484E+00  2.866699E+00  3.089355E+00  3.524902E+00  4.409668E+00  6.241211E+00  1.015674E+01  1.821924E+01
  3.267334E+01  5.148340E+01  6.914880E+01  8.214709E+01  9.030688E+01  9.494139E+01  2.783203E+00  2.790039E+00  2.812012E+00  2.845703E+00
  2.905273E+00  2.999023E+00  3.239746E+00  3.698242E+00  4.712891E+00  6.720215E+00  1.101611E+01  1.963086E+01  3.436572E+01  5.285840E+01
  7.003149E+01  8.265564E+01  9.058429E+01  9.508525E+01  3.002930E+00  3.010742E+00  3.047852E+00  3.076172E+00  3.147461E+00  3.281250E+00
  3.549805E+00  4.105469E+00  5.279297E+00  7.649414E+00  1.265674E+01  2.217529E+01  3.724951E+01  5.512720E+01  7.147998E+01  8.349719E+01
  9.103821E+01  9.532388E+01  3.402344E+00  3.411133E+00  3.463867E+00  3.482422E+00  3.573242E+00  3.734375E+00  4.087891E+00  4.807617E+00
  6.326172E+00  9.370117E+00  1.546729E+01  2.614844E+01  4.137109E+01  5.824756E+01  7.346851E+01  8.464636E+01  9.166370E+01  9.564917E+01
  4.007812E+00  4.018555E+00  4.083008E+00  4.140625E+00  4.281250E+00  4.512695E+00  5.025391E+00  6.066406E+00  8.224609E+00  1.240137E+01
  2.006250E+01  3.188770E+01  4.672510E+01  6.216406E+01  7.595752E+01  8.608557E+01  9.244397E+01  9.605728E+01  5.106445E+00  5.123047E+00
  5.215820E+00  5.319336E+00  5.544922E+00  5.955078E+00  6.809570E+00  8.531250E+00  1.188281E+01  1.786035E+01  2.738086E+01  3.969531E+01
  5.326465E+01  6.684814E+01  7.893677E+01  8.781079E+01  9.337976E+01  9.654529E+01  7.308594E+00  7.337891E+00  7.564453E+00  7.744141E+00
  8.166016E+00  8.990234E+00  1.065234E+01  1.379492E+01  1.932422E+01  2.773828E+01  3.841406E+01  4.952344E+01  6.092773E+01  7.229004E+01
  8.238867E+01  8.980884E+01  9.446533E+01  9.711224E+01  1.338672E+01  1.342969E+01  1.396484E+01  1.448438E+01  1.553906E+01  1.756641E+01
  2.117969E+01  2.717969E+01  3.551562E+01  4.451562E+01  5.282422E+01  6.094336E+01  6.965430E+01  7.848047E+01  8.632031E+01  9.207715E+01
  9.569946E+01  9.775708E+01  4.965625E+01  4.979688E+01  5.023438E+01  5.070312E+01  5.140625E+01  5.245312E+01  5.384375E+01  5.568750E+01
  5.807812E+01  6.128125E+01  6.548438E+01  7.075000E+01  7.696875E+01  8.361719E+01  8.963281E+01  9.400586E+01  9.674414E+01  9.830078E+01
  2.613770E+00  2.618164E+00  2.649902E+00  2.667969E+00  2.707520E+00  2.819824E+00  3.022461E+00  3.456543E+00  4.323730E+00  6.080078E+00
  9.832520E+00  1.775635E+01  3.199707E+01  5.091797E+01  6.875000E+01  8.192236E+01  9.018207E+01  9.487393E+01  2.652832E+00  2.656738E+00
  2.689941E+00  2.711426E+00  2.753906E+00  2.865234E+00  3.080566E+00  3.525391E+00  4.410645E+00  6.202637E+00  1.010938E+01  1.818311E+01
  3.255908E+01  5.138135E+01  6.903442E+01  8.209424E+01  9.027435E+01  9.492149E+01  2.783203E+00  2.787598E+00  2.810547E+00  2.845703E+00
  2.883789E+00  2.998047E+00  3.229492E+00  3.699707E+00  4.687988E+00  6.689941E+00  1.095752E+01  1.959619E+01  3.425342E+01  5.276196E+01
  6.993298E+01  8.260632E+01  9.055084E+01  9.506636E+01  3.002930E+00  3.009766E+00  3.047852E+00  3.076172E+00  3.148438E+00  3.277344E+00
  3.538086E+00  4.106445E+00  5.263672E+00  7.629395E+00  1.258691E+01  2.214014E+01  3.713574E+01  5.502637E+01  7.142700E+01  8.344592E+01
  9.100690E+01  9.530447E+01  3.402344E+00  3.406250E+00  3.462891E+00  3.482422E+00  3.561523E+00  3.733398E+00  4.072266E+00  4.806641E+00
  6.318359E+00  9.342773E+00  1.540186E+01  2.612598E+01  4.125293E+01  5.814526E+01  7.340161E+01  8.459875E+01  9.163330E+01  9.563190E+01
  4.007812E+00  4.014648E+00  4.083008E+00  4.146484E+00  4.275391E+00  4.504883E+00  5.011719E+00  6.075195E+00  8.202148E+00  1.238770E+01
  2.000684E+01  3.188965E+01  4.660986E+01  6.206836E+01  7.591748E+01  8.604431E+01  9.241907E+01  9.604169E+01  5.106445E+00  5.115234E+00
  5.214844E+00  5.318359E+00  5.552734E+00  5.952148E+00  6.791992E+00  8.528320E+00  1.185352E+01  1.781055E+01  2.731543E+01  3.968457E+01
  5.316406E+01  6.676123E+01  7.889648E+01  8.777173E+01  9.335620E+01  9.653186E+01  7.308594E+00  7.322266E+00  7.552734E+00  7.755859E+00
  8.162109E+00  8.986328E+00  1.062695E+01  1.379102E+01  1.929297E+01  2.768164E+01  3.835352E+01  4.954785E+01  6.083105E+01  7.222461E+01
  8.234131E+01  8.977661E+01  9.444617E+01  9.710059E+01  1.338672E+01  1.341797E+01  1.396094E+01  1.448828E+01  1.553906E+01  1.755469E+01
  2.114453E+01  2.717969E+01  3.547266E+01  4.447266E+01  5.277344E+01  6.098633E+01  6.957031E+01  7.842578E+01  8.627539E+01  9.205371E+01
  9.568604E+01  9.774768E+01  4.965625E+01  4.971875E+01  5.026562E+01  5.068750E+01  5.142188E+01  5.240625E+01  5.381250E+01  5.567188E+01
  5.809375E+01  6.123438E+01  6.548438E+01  7.081250E+01  7.690625E+01  8.358594E+01  8.958594E+01  9.399219E+01  9.673242E+01  9.829590E+01
  2.613770E+00  2.620605E+00  2.651367E+00  2.669922E+00  2.718262E+00  2.823242E+00  3.023438E+00  3.424316E+00  4.319336E+00  6.069824E+00
  9.803711E+00  1.766455E+01  3.191357E+01  5.085034E+01  6.869873E+01  8.188208E+01  9.015680E+01  9.486003E+01  2.652832E+00  2.658203E+00
  2.689453E+00  2.713379E+00  2.769531E+00  2.868164E+00  3.081055E+00  3.497070E+00  4.411133E+00  6.227539E+00  1.006348E+01  1.810059E+01
  3.245996E+01  5.131226E+01  6.899719E+01  8.205334E+01  9.024939E+01  9.490686E+01  2.783203E+00  2.788574E+00  2.811523E+00  2.845703E+00
  2.906250E+00  3.001465E+00  3.227051E+00  3.689941E+00  4.684570E+00  6.687500E+00  1.091797E+01  1.950439E+01  3.415674E+01  5.269043E+01
  6.987988E+01  8.256567E+01  9.052856E+01  9.505281E+01  3.002930E+00  3.010742E+00  3.046875E+00  3.076172E+00  3.149414E+00  3.279297E+00
  3.540039E+00  4.078125E+00  5.262207E+00  7.621582E+00  1.255664E+01  2.203760E+01  3.707178E+01  5.496753E+01  7.133813E+01  8.340674E+01
  9.098572E+01  9.529202E+01  3.402344E+00  3.407227E+00  3.462891E+00  3.483398E+00  3.570312E+00  3.736328E+00  4.071289E+00  4.769531E+00
  6.307617E+00  9.323242E+00  1.535791E+01  2.601367E+01  4.117285E+01  5.809839E+01  7.333716E+01  8.456335E+01  9.161414E+01  9.561972E+01
  4.007812E+00  4.014648E+00  4.083008E+00  4.158203E+00  4.281250E+00  4.508789E+00  5.008789E+00  6.036133E+00  8.214844E+00  1.235547E+01
  1.996680E+01  3.176074E+01  4.653760E+01  6.202783E+01  7.583789E+01  8.601306E+01  9.240155E+01  9.603180E+01  5.106445E+00  5.117188E+00
  5.214844E+00  5.323242E+00  5.544922E+00  5.958984E+00  6.791016E+00  8.486328E+00  1.185156E+01  1.779590E+01  2.729395E+01  3.957129E+01
  5.311133E+01  6.672607E+01  7.883154E+01  8.774438E+01  9.334241E+01  9.652264E+01  7.308594E+00  7.330078E+00  7.546875E+00  7.750000E+00
  8.169922E+00  9.013672E+00  1.062109E+01  1.375586E+01  1.930078E+01  2.766016E+01  3.828711E+01  4.942480E+01  6.077734E+01  7.219043E+01
  8.230127E+01  8.975537E+01  9.443530E+01  9.709381E+01  1.338672E+01  1.342188E+01  1.396484E+01  1.449219E+01  1.555078E+01  1.756641E+01
  2.114062E+01  2.711719E+01  3.551172E+01  4.444531E+01  5.276562E+01  6.087500E+01  6.951953E+01  7.840234E+01  8.625391E+01  9.203857E+01
  9.567920E+01  9.774377E+01  4.965625E+01  4.973438E+01  5.026562E+01  5.071875E+01  5.150000E+01  5.248438E+01  5.381250E+01  5.568750E+01
  5.812500E+01  6.123438E+01  6.546875E+01  7.075000E+01  7.688281E+01  8.357031E+01  8.958984E+01  9.397266E+01  9.672656E+01  9.829199E+01
  2.613770E+00  2.624512E+00  2.650391E+00  2.666992E+00  2.714844E+00  2.820312E+00  3.015625E+00  3.429688E+00  4.299805E+00  6.022461E+00
  9.755859E+00  1.762305E+01  3.189258E+01  5.075952E+01  6.861353E+01  8.182861E+01  9.013525E+01  9.484631E+01  2.652832E+00  2.660645E+00
  2.687500E+00  2.709961E+00  2.764160E+00  2.863281E+00  3.071777E+00  3.491699E+00  4.395020E+00  6.174316E+00  1.001172E+01  1.805176E+01
  3.242773E+01  5.121948E+01  6.891016E+01  8.200122E+01  9.022809E+01  9.489375E+01  2.783203E+00  2.791992E+00  2.812012E+00  2.846191E+00
  2.900879E+00  3.012207E+00  3.222656E+00  3.683105E+00  4.665039E+00  6.632812E+00  1.087158E+01  1.945703E+01  3.413965E+01  5.260132E+01
  6.979602E+01  8.251453E+01  9.050781E+01  9.504019E+01  3.002930E+00  3.013672E+00  3.046875E+00  3.071289E+00  3.144531E+00  3.275391E+00
  3.528320E+00  4.072266E+00  5.243652E+00  7.571289E+00  1.250439E+01  2.200098E+01  3.703906E+01  5.488550E+01  7.125757E+01  8.335938E+01
  9.096692E+01  9.528055E+01  3.402344E+00  3.413086E+00  3.465820E+00  3.479492E+00  3.564453E+00  3.727539E+00  4.062500E+00  4.781250E+00
  6.290039E+00  9.275391E+00  1.530176E+01  2.597852E+01  4.115283E+01  5.801611E+01  7.326025E+01  8.451807E+01  9.159595E+01  9.560922E+01
  4.007812E+00  4.021484E+00  4.081055E+00  4.156250E+00  4.272461E+00  4.500977E+00  5.000977E+00  6.029297E+00  8.186523E+00  1.229492E+01
  1.990039E+01  3.173535E+01  4.652441E+01  6.194873E+01  7.576904E+01  8.597070E+01  9.238599E+01  9.602206E+01  5.106445E+00  5.123047E+00
  5.217773E+00  5.316406E+00  5.535156E+00  5.948242E+00  6.776367E+00  8.476562E+00  1.182129E+01  1.773730E+01  2.722266E+01  3.955762E+01
  5.310547E+01  6.666504E+01  7.877002E+01  8.770874E+01  9.332837E+01  9.651447E+01  7.308594E+00  7.335938E+00  7.552734E+00  7.748047E+00
  8.162109E+00  8.998047E+00  1.061133E+01  1.373047E+01  1.926758E+01  2.760938E+01  3.824805E+01  4.943066E+01  6.078906E+01  7.213867E+01
  8.225049E+01  8.972485E+01  9.442566E+01  9.708679E+01  1.338672E+01  1.342969E+01  1.393750E+01  1.450000E+01  1.553516E+01  1.753906E+01
  2.112500E+01  2.709766E+01  3.543750E+01  4.442188E+01  5.271484E+01  6.089062E+01  6.953516E+01  7.837695E+01  8.621094E+01  9.201611E+01
  9.567090E+01  9.773804E+01  4.965625E+01  4.978125E+01  5.020312E+01  5.068750E+01  5.145312E+01  5.239062E+01  5.378125E+01  5.560938E+01
  5.809375E+01  6.123438E+01  6.540625E+01  7.073438E+01  7.686719E+01  8.354688E+01  8.955469E+01  9.394531E+01  9.671875E+01  9.828516E+01
  2.613770E+00  2.623047E+00  2.656250E+00  2.668457E+00  2.712402E+00  2.816406E+00  3.008789E+00  3.429199E+00  4.286133E+00  5.951172E+00
  9.765625E+00  1.756006E+01  3.178418E+01  5.069556E+01  6.855994E+01  8.176868E+01  9.011078E+01  9.482341E+01  2.652832E+00  2.660156E+00
  2.694824E+00  2.708984E+00  2.762207E+00  2.862305E+00  3.063477E+00  3.491699E+00  4.381836E+00  6.046875E+00  1.002637E+01  1.799805E+01
  3.234570E+01  5.116235E+01  6.885645E+01  8.194092E+01  9.020306E+01  9.487157E+01  2.783203E+00  2.791504E+00  2.815430E+00  2.847168E+00
  2.900391E+00  3.005859E+00  3.217285E+00  3.683594E+00  4.650391E+00  6.578125E+00  1.085645E+01  1.938916E+01  3.403906E+01  5.254492E+01
  6.974658E+01  8.245581E+01  9.048425E+01  9.501820E+01  3.002930E+00  3.012695E+00  3.054688E+00  3.068359E+00  3.142578E+00  3.275391E+00
  3.521484E+00  4.083984E+00  5.222656E+00  7.564941E+00  1.248926E+01  2.193604E+01  3.693604E+01  5.482886E+01  7.120972E+01  8.330249E+01
  9.094324E+01  9.525854E+01  3.402344E+00  3.411133E+00  3.465820E+00  3.477539E+00  3.563477E+00  3.721680E+00  4.053711E+00  4.775391E+00
  6.272461E+00  9.330078E+00  1.529980E+01  2.593457E+01  4.107080E+01  5.796729E+01  7.321729E+01  8.446545E+01  9.157703E+01  9.558902E+01
  4.007812E+00  4.020508E+00  4.082031E+00  4.154297E+00  4.265625E+00  4.499023E+00  4.989258E+00  6.041016E+00  8.163086E+00  1.233691E+01
  1.988379E+01  3.167676E+01  4.644238E+01  6.192041E+01  7.573096E+01  8.592346E+01  9.236700E+01  9.600320E+01  5.106445E+00  5.122070E+00
  5.216797E+00  5.323242E+00  5.537109E+00  5.944336E+00  6.778320E+00  8.479492E+00  1.179102E+01  1.787598E+01  2.719238E+01  3.952051E+01
  5.301953E+01  6.663818E+01  7.874146E+01  8.766699E+01  9.331335E+01  9.649860E+01  7.308594E+00  7.332031E+00  7.556641E+00  7.750000E+00
  8.154297E+00  8.990234E+00  1.061133E+01  1.372461E+01  1.924219E+01  2.762305E+01  3.822461E+01  4.933984E+01  6.073242E+01  7.212598E+01
  8.223047E+01  8.969043E+01  9.441174E+01  9.707367E+01  1.338672E+01  1.342578E+01  1.396484E+01  1.450781E+01  1.551953E+01  1.751562E+01
  2.111719E+01  2.708984E+01  3.541406E+01  4.444922E+01  5.270312E+01  6.083984E+01  6.948438E+01  7.836035E+01  8.619922E+01  9.198828E+01
  9.566357E+01  9.772778E+01  4.965625E+01  4.976562E+01  5.026562E+01  5.076562E+01  5.142188E+01  5.239062E+01  5.375000E+01  5.565625E+01
  5.804688E+01  6.115625E+01  6.540625E+01  7.070312E+01  7.682812E+01  8.353125E+01  8.955469E+01  9.392969E+01  9.671094E+01  9.827930E+01
  4.624604E+00  4.855368E+00  4.921818E+00  5.089081E+00  5.286870E+00  6.118937E+00  7.783549E+00  1.017967E+01  1.447908E+01  2.123087E+01
  3.161439E+01  4.531724E+01  6.083274E+01  7.488543E+01  8.544737E+01  9.208558E+01  9.586250E+01  9.788232E+01  4.624604E+00  4.865806E+00
  4.944458E+00  5.029099E+00  5.265343E+00  5.848727E+00  7.006314E+00  8.875732E+00  1.216839E+01  1.792603E+01  2.658778E+01  3.886985E+01
  5.406493E+01  6.903040E+01  8.133824E+01  8.957470E+01  9.447090E+01  9.714444E+01  4.624604E+00  4.876175E+00  4.917185E+00  5.098075E+00
  5.240480E+00  5.728577E+00  6.726275E+00  8.509683E+00  1.154743E+01  1.670568E+01  2.480196E+01  3.652027E+01  5.120876E+01  6.665504E+01
  7.947912E+01  8.842177E+01  9.381078E+01  9.678963E+01  4.624604E+00  4.788240E+00  4.910082E+00  4.983859E+00  5.219306E+00  5.506769E+00
  6.611824E+00  8.410577E+00  1.124977E+01  1.616277E+01  2.401678E+01  3.535251E+01  4.969384E+01  6.527309E+01  7.842874E+01  8.774226E+01
  9.342314E+01  9.658816E+01  4.624604E+00  4.831742E+00  4.959267E+00  4.923931E+00  5.235321E+00  5.529147E+00  6.478962E+00  8.102258E+00
  1.109920E+01  1.577018E+01  2.347164E+01  3.454669E+01  4.873175E+01  6.433130E+01  7.771584E+01  8.727968E+01  9.314652E+01  9.644009E+01
  4.624604E+00  4.800541E+00  4.869845E+00  4.918381E+00  5.133422E+00  5.499257E+00  6.441372E+00  8.091777E+00  1.097049E+01  1.559078E+01
  2.300461E+01  3.408858E+01  4.808475E+01  6.370815E+01  7.726098E+01  8.698669E+01  9.297591E+01  9.635115E+01  4.624604E+00  4.838988E+00
  4.872390E+00  4.915007E+00  5.121465E+00  5.541774E+00  6.418263E+00  8.065125E+00  1.085116E+01  1.543451E+01  2.268938E+01  3.375574E+01
  4.775438E+01  6.330033E+01  7.696106E+01  8.677325E+01  9.286054E+01  9.628481E+01  4.624604E+00  4.778307E+00  4.855123E+00  4.998537E+00
  5.072653E+00  5.566100E+00  6.416116E+00  8.081874E+00  1.076977E+01  1.525155E+01  2.250941E+01  3.340763E+01  4.733795E+01  6.293287E+01
  7.669385E+01  8.656884E+01  9.274653E+01  9.621887E+01  4.624604E+00  4.849614E+00  4.808460E+00  4.903330E+00  5.188612E+00  5.511485E+00
  6.380759E+00  8.016279E+00  1.073353E+01  1.518022E+01  2.235649E+01  3.316018E+01  4.706197E+01  6.261987E+01  7.640853E+01  8.643304E+01
  9.266489E+01  9.617957E+01  4.624604E+00  4.859342E+00  4.906367E+00  4.949104E+00  5.151145E+00  5.498765E+00  6.345672E+00  7.977526E+00
  1.072171E+01  1.507009E+01  2.225605E+01  3.295835E+01  4.680745E+01  6.238855E+01  7.622112E+01  8.630827E+01  9.259418E+01  9.613183E+01
  4.624604E+00  4.826704E+00  4.877129E+00  4.901850E+00  5.125921E+00  5.543070E+00  6.345193E+00  7.977876E+00  1.067986E+01  1.500613E+01
  2.211575E+01  3.287297E+01  4.669757E+01  6.217664E+01  7.607549E+01  8.621247E+01  9.254451E+01  9.610359E+01  4.624604E+00  4.859430E+00
  4.889346E+00  4.875052E+00  5.096045E+00  5.541180E+00  6.348266E+00  7.970435E+00  1.064384E+01  1.497792E+01  2.206800E+01  3.273319E+01
  4.647075E+01  6.204213E+01  7.591619E+01  8.613055E+01  9.248430E+01  9.607692E+01  4.624604E+00  4.800715E+00  4.854328E+00  4.974296E+00
  5.142405E+00  5.489736E+00  6.370643E+00  7.938189E+00  1.057242E+01  1.493401E+01  2.199217E+01  3.259569E+01  4.637026E+01  6.193039E+01
  7.582700E+01  8.605780E+01  9.245309E+01  9.605495E+01  4.624604E+00  4.811143E+00  4.923377E+00  4.900350E+00  5.111934E+00  5.462508E+00
  6.283379E+00  7.904422E+00  1.055154E+01  1.493531E+01  2.194629E+01  3.246910E+01  4.626041E+01  6.183113E+01  7.572575E+01  8.598701E+01
  9.242205E+01  9.603962E+01  4.624604E+00  4.834730E+00  4.870344E+00  4.978417E+00  5.124553E+00  5.485517E+00  6.287593E+00  7.976969E+00
  1.055110E+01  1.483612E+01  2.185660E+01  3.240718E+01  4.613113E+01  6.171243E+01  7.567505E+01  8.593717E+01  9.237109E+01  9.602032E+01
  4.624604E+00  4.888931E+00  4.901412E+00  4.916456E+00  5.087136E+00  5.513216E+00  6.349128E+00  7.950979E+00  1.055739E+01  1.486325E+01
  2.180494E+01  3.230716E+01  4.606294E+01  6.161264E+01  7.558133E+01  8.588270E+01  9.233626E+01  9.600166E+01  4.624604E+00  4.808239E+00
  4.871783E+00  4.915698E+00  5.101664E+00  5.452927E+00  6.296247E+00  7.990306E+00  1.056622E+01  1.479517E+01  2.174307E+01  3.230371E+01
  4.596036E+01  6.152916E+01  7.552438E+01  8.584389E+01  9.231361E+01  9.598681E+01  4.624604E+00  4.829904E+00  4.902752E+00  4.951956E+00
  5.149518E+00  5.542030E+00  6.290657E+00  7.908674E+00  1.057178E+01  1.479995E+01  2.171033E+01  3.222969E+01  4.589067E+01  6.146436E+01
  7.547273E+01  8.580965E+01  9.229153E+01  9.597683E+01  4.624604E+00  4.859320E+00  4.902452E+00  4.932462E+00  5.134083E+00  5.461706E+00
  6.264228E+00  7.897074E+00  1.053927E+01  1.475672E+01  2.163468E+01  3.219858E+01  4.587025E+01  6.139867E+01  7.539675E+01  8.575956E+01
  9.227252E+01  9.596582E+01  4.624604E+00  4.855910E+00  4.899406E+00  4.976350E+00  5.063280E+00  5.465149E+00  6.226187E+00  7.902730E+00
  1.049970E+01  1.472824E+01  2.159872E+01  3.215647E+01  4.576181E+01  6.134032E+01  7.536947E+01  8.571049E+01  9.225900E+01  9.594813E+01
