  6.468409E-01
          18 10.0000000
 -2.000000E+01 -1.000000E+01 -2.107210E+00 -1.806180E+00 -1.505150E+00 -1.204120E+00 -9.030900E-01 -6.020600E-01 -3.010300E-01  0.000000E+00
  3.010300E-01  6.020600E-01  9.030900E-01  1.204120E+00  1.505150E+00  1.806180E+00  2.107210E+00  2.408240E+00
          10  9.0000000
  0.000000E+00  9.000000E+00  1.800000E+01  2.700000E+01  3.600000E+01  4.500000E+01  5.400000E+01  6.300000E+01  7.200000E+01  8.100000E+01
          23  4.0000000
  4.000000E+00  8.000000E+00  1.200000E+01  1.600000E+01  2.000000E+01  2.400000E+01  2.800000E+01  3.200000E+01  3.600000E+01  4.000000E+01
  4.400000E+01  4.800000E+01  5.200000E+01  5.600000E+01  6.000000E+01  6.400000E+01  6.800000E+01  7.200000E+01  7.600000E+01  8.000000E+01
  8.400000E+01  8.800000E+01  9.200000E+01
  2.442511E+00  2.439145E+00  2.522147E+00  2.603045E+00  2.765241E+00  3.094127E+00  3.752068E+00  5.084034E+00  7.731769E+00  1.295240E+01
  2.251440E+01  3.773277E+01  5.637635E+01  7.300150E+01  8.469495E+01  9.178870E+01  9.572098E+01  9.778059E+01  2.472779E+00  2.469926E+00
  2.554736E+00  2.636172E+00  2.803125E+00  3.136752E+00  3.806938E+00  5.165617E+00  7.860195E+00  1.315883E+01  2.283117E+01  3.811917E+01
  5.669824E+01  7.320529E+01  8.481041E+01  9.185083E+01  9.575324E+01  9.779736E+01  2.566195E+00  2.561208E+00  2.651381E+00  2.739853E+00
  2.915998E+00  3.269792E+00  3.982347E+00  5.419384E+00  8.259005E+00  1.380998E+01  2.381086E+01  3.928156E+01  5.766076E+01  7.381286E+01
  8.515500E+01  9.203561E+01  9.584955E+01  9.784730E+01  2.733284E+00  2.728887E+00  2.828814E+00  2.925121E+00  3.120258E+00  3.514311E+00
  4.299147E+00  5.880315E+00  8.985027E+00  1.498730E+01  2.554541E+01  4.126701E+01  5.925504E+01  7.481284E+01  8.572192E+01  9.233949E+01
  9.600792E+01  9.792939E+01  3.001388E+00  2.995785E+00  3.114211E+00  3.226560E+00  3.450279E+00  3.899939E+00  4.806240E+00  6.627090E+00
  1.016436E+01  1.686593E+01  2.819917E+01  4.413165E+01  6.145568E+01  7.618385E+01  8.649900E+01  9.275637E+01  9.622503E+01  9.804203E+01
  3.421295E+00  3.414904E+00  3.555366E+00  3.692779E+00  3.966339E+00  4.520024E+00  5.621903E+00  7.820662E+00  1.203788E+01  1.975012E+01
  3.201728E+01  4.791556E+01  6.423043E+01  7.790191E+01  8.747337E+01  9.327917E+01  9.649734E+01  9.818319E+01  4.084230E+00  4.076774E+00
  4.263541E+00  4.445915E+00  4.810731E+00  5.537081E+00  6.985814E+00  9.821701E+00  1.508987E+01  2.416906E+01  3.729204E+01  5.262112E+01
  6.753629E+01  7.994495E+01  8.863132E+01  9.390009E+01  9.682100E+01  9.835101E+01  5.218829E+00  5.209785E+00  5.485596E+00  5.756382E+00
  6.293388E+00  7.359547E+00  9.434671E+00  1.336729E+01  2.025320E+01  3.091233E+01  4.427030E+01  5.818335E+01  7.134713E+01  8.229723E+01
  8.996457E+01  9.461514E+01  9.719356E+01  9.854428E+01  7.480878E+00  7.467300E+00  7.947962E+00  8.413134E+00  9.329258E+00  1.110649E+01
  1.442347E+01  2.028292E+01  2.932644E+01  4.092968E+01  5.289717E+01  6.454066E+01  7.567130E+01  8.496697E+01  9.147806E+01  9.542719E+01
  9.761666E+01  9.876370E+01  1.373407E+01  1.371068E+01  1.476357E+01  1.575960E+01  1.768012E+01  2.114069E+01  2.699849E+01  3.547826E+01
  4.511395E+01  5.418130E+01  6.279885E+01  7.179327E+01  8.062459E+01  8.802347E+01  9.321118E+01  9.635668E+01  9.810118E+01  9.901484E+01
  2.442511E+00  2.438126E+00  2.521215E+00  2.600273E+00  2.759798E+00  3.083338E+00  3.728420E+00  5.029950E+00  7.615264E+00  1.269152E+01
  2.200288E+01  3.690779E+01  5.544791E+01  7.226876E+01  8.421523E+01  9.150244E+01  9.554714E+01  9.764481E+01  2.472779E+00  2.468672E+00
  2.554398E+00  2.633820E+00  2.797605E+00  3.126531E+00  3.782851E+00  5.110066E+00  7.738081E+00  1.289183E+01  2.231033E+01  3.728646E+01
  5.577447E+01  7.247819E+01  8.433442E+01  9.156663E+01  9.558080E+01  9.766257E+01  2.566195E+00  2.561829E+00  2.650377E+00  2.737584E+00
  2.909941E+00  3.258249E+00  3.953892E+00  5.356464E+00  8.124260E+00  1.352168E+01  2.325830E+01  3.843548E+01  5.675192E+01  7.310229E+01
  8.468958E+01  9.175777E+01  9.568089E+01  9.771548E+01  2.733284E+00  2.727756E+00  2.827572E+00  2.921431E+00  3.111749E+00  3.499365E+00
  4.264168E+00  5.803443E+00  8.826228E+00  1.465504E+01  2.494371E+01  4.041002E+01  5.837177E+01  7.412805E+01  8.527374E+01  9.207206E+01
  9.584557E+01  9.780247E+01  3.001388E+00  2.995176E+00  3.111796E+00  3.222020E+00  3.440059E+00  3.880647E+00  4.760501E+00  6.528401E+00
  9.964520E+00  1.646705E+01  2.752941E+01  4.326491E+01  6.061142E+01  7.553558E+01  8.607477E+01  9.250320E+01  9.607137E+01  9.792181E+01
  3.421295E+00  3.415784E+00  3.552738E+00  3.685539E+00  3.950882E+00  4.491134E+00  5.559584E+00  7.687202E+00  1.176846E+01  1.925150E+01
  3.126807E+01  4.705793E+01  6.344026E+01  7.729935E+01  8.707883E+01  9.304347E+01  9.635452E+01  9.807143E+01  4.084230E+00  4.077025E+00
  4.257694E+00  4.433658E+00  4.787411E+00  5.489623E+00  6.883870E+00  9.612916E+00  1.471019E+01  2.353375E+01  3.648164E+01  5.180566E+01
  6.681458E+01  7.939607E+01  8.827193E+01  9.368575E+01  9.669086E+01  9.824926E+01  5.218829E+00  5.207565E+00  5.475373E+00  5.734581E+00
  6.248254E+00  7.275103E+00  9.257865E+00  1.303333E+01  1.969341E+01  3.013252E+01  4.345541E+01  5.745534E+01  7.070256E+01  8.180769E+01
  8.964462E+01  9.442446E+01  9.707801E+01  9.845396E+01  7.480878E+00  7.471358E+00  7.924348E+00  8.363294E+00  9.230904E+00  1.092789E+01
  1.408976E+01  1.972276E+01  2.855334E+01  4.009381E+01  5.219122E+01  6.391169E+01  7.511153E+01  8.454264E+01  9.120186E+01  9.526270E+01
  9.751727E+01  9.868619E+01  1.373407E+01  1.372061E+01  1.470135E+01  1.564281E+01  1.745175E+01  2.076787E+01  2.637518E+01  3.466241E+01
  4.436122E+01  5.357806E+01  6.225512E+01  7.127385E+01  8.015800E+01  8.767599E+01  9.298434E+01  9.622254E+01  9.801996E+01  9.895219E+01
  2.442511E+00  2.429166E+00  2.521340E+00  2.599449E+00  2.757431E+00  3.079379E+00  3.718964E+00  5.011406E+00  7.568693E+00  1.257450E+01
  2.177674E+01  3.655589E+01  5.505153E+01  7.196406E+01  8.401010E+01  9.137617E+01  9.545752E+01  9.755906E+01  2.472779E+00  2.458954E+00
  2.553898E+00  2.632674E+00  2.794687E+00  3.121891E+00  3.773173E+00  5.090864E+00  7.691489E+00  1.277080E+01  2.207933E+01  3.693294E+01
  5.538074E+01  7.217555E+01  8.413086E+01  9.144129E+01  9.549181E+01  9.757746E+01  2.566195E+00  2.549037E+00  2.649713E+00  2.735894E+00
  2.907022E+00  3.252665E+00  3.942732E+00  5.334333E+00  8.072582E+00  1.338820E+01  2.301677E+01  3.807607E+01  5.636359E+01  7.280636E+01
  8.449075E+01  9.163536E+01  9.559388E+01  9.763221E+01  2.733284E+00  2.716105E+00  2.827458E+00  2.919805E+00  3.108055E+00  3.492002E+00
  4.250457E+00  5.777277E+00  8.766051E+00  1.450755E+01  2.467958E+01  4.004186E+01  5.799424E+01  7.384366E+01  8.508212E+01  9.195415E+01
  9.576170E+01  9.772229E+01  3.001388E+00  2.986291E+00  3.110618E+00  3.219346E+00  3.435043E+00  3.872290E+00  4.743993E+00  6.491259E+00
  9.886632E+00  1.629103E+01  2.723697E+01  4.289197E+01  6.025145E+01  7.526692E+01  8.589358E+01  9.239165E+01  9.599194E+01  9.784586E+01
  3.421295E+00  3.400696E+00  3.551820E+00  3.681592E+00  3.944106E+00  4.477899E+00  5.534296E+00  7.637717E+00  1.166327E+01  1.903469E+01
  3.094110E+01  4.668850E+01  6.310312E+01  7.705011E+01  8.691050E+01  9.293985E+01  9.628055E+01  9.800076E+01  4.084230E+00  4.056055E+00
  4.256355E+00  4.428175E+00  4.777405E+00  5.469746E+00  6.845428E+00  9.537431E+00  1.456066E+01  2.325953E+01  3.612670E+01  5.145468E+01
  6.650562E+01  7.916953E+01  8.811852E+01  9.359135E+01  9.662347E+01  9.818488E+01  5.218829E+00  5.190236E+00  5.471319E+00  5.725455E+00
  6.229431E+00  7.240150E+00  9.188889E+00  1.290650E+01  1.947230E+01  2.979661E+01  4.309630E+01  5.714344E+01  7.042832E+01  8.160674E+01
  8.950834E+01  9.434062E+01  9.701807E+01  9.839684E+01  7.480878E+00  7.440083E+00  7.915552E+00  8.343954E+00  9.190022E+00  1.085744E+01
  1.396066E+01  1.951010E+01  2.824205E+01  3.972849E+01  5.187820E+01  6.364017E+01  7.487176E+01  8.436984E+01  9.108364E+01  9.519049E+01
  9.746562E+01  9.863720E+01  1.373407E+01  1.363688E+01  1.467981E+01  1.559729E+01  1.736478E+01  2.061588E+01  2.613302E+01  3.436183E+01
  4.404974E+01  5.329747E+01  6.201710E+01  7.104745E+01  7.995597E+01  8.753258E+01  9.288739E+01  9.616358E+01  9.797797E+01  9.891268E+01
  2.442511E+00  2.444312E+00  2.520813E+00  2.598084E+00  2.755867E+00  3.075562E+00  3.712011E+00  4.991157E+00  7.536062E+00  1.250994E+01
  2.165831E+01  3.632351E+01  5.478143E+01  7.174918E+01  8.386576E+01  9.128339E+01  9.538773E+01  9.748342E+01  2.472779E+00  2.474433E+00
  2.553542E+00  2.631660E+00  2.792226E+00  3.118732E+00  3.767116E+00  5.070410E+00  7.656941E+00  1.270690E+01  2.195740E+01  3.669911E+01
  5.511197E+01  7.196243E+01  8.398764E+01  9.134924E+01  9.542246E+01  9.750233E+01  2.566195E+00  2.569617E+00  2.649560E+00  2.734734E+00
  2.905121E+00  3.248479E+00  3.936231E+00  5.312469E+00  8.033983E+00  1.331757E+01  2.288786E+01  3.783907E+01  5.609849E+01  7.259790E+01
  8.435062E+01  9.154518E+01  9.552608E+01  9.755876E+01  2.733284E+00  2.735607E+00  2.827002E+00  2.917988E+00  3.105479E+00  3.486882E+00
  4.241977E+00  5.751968E+00  8.721492E+00  1.442516E+01  2.453672E+01  3.979757E+01  5.773637E+01  7.364258E+01  8.494725E+01  9.186745E+01
  9.569639E+01  9.765152E+01  3.001388E+00  3.003192E+00  3.110315E+00  3.217908E+00  3.431788E+00  3.866071E+00  4.731864E+00  6.459802E+00
  9.829810E+00  1.619115E+01  2.707537E+01  4.264407E+01  6.000469E+01  7.507668E+01  8.576586E+01  9.230943E+01  9.593006E+01  9.777884E+01
  3.421295E+00  3.422474E+00  3.550719E+00  3.680076E+00  3.939667E+00  4.469046E+00  5.518801E+00  7.594536E+00  1.159051E+01  1.890842E+01
  3.075876E+01  4.644203E+01  6.287061E+01  7.687331E+01  8.679181E+01  9.286348E+01  9.622295E+01  9.793842E+01  4.084230E+00  4.088830E+00
  4.254431E+00  4.424986E+00  4.769357E+00  5.455234E+00  6.818285E+00  9.476566E+00  1.445595E+01  2.309949E+01  3.592368E+01  5.121974E+01
  6.629319E+01  7.900775E+01  8.801013E+01  9.352170E+01  9.657101E+01  9.812813E+01  5.218829E+00  5.221555E+00  5.468055E+00  5.718609E+00
  6.216587E+00  7.213747E+00  9.143408E+00  1.280994E+01  1.931762E+01  2.959417E+01  4.289016E+01  5.693177E+01  7.023746E+01  8.146288E+01
  8.941158E+01  9.427864E+01  9.697134E+01  9.834650E+01  7.480878E+00  7.486641E+00  7.908947E+00  8.328607E+00  9.165457E+00  1.080730E+01
  1.387344E+01  1.935058E+01  2.802897E+01  3.950728E+01  5.170356E+01  6.345958E+01  7.470673E+01  8.424469E+01  9.100011E+01  9.513680E+01
  9.742545E+01  9.859423E+01  1.373407E+01  1.375459E+01  1.466358E+01  1.556454E+01  1.730288E+01  2.051323E+01  2.597492E+01  3.412543E+01
  4.383436E+01  5.314240E+01  6.188690E+01  7.089760E+01  7.981924E+01  8.742889E+01  9.281812E+01  9.611923E+01  9.794555E+01  9.887815E+01
  2.442511E+00  2.427631E+00  2.519609E+00  2.597268E+00  2.754564E+00  3.073346E+00  3.706255E+00  4.980036E+00  7.507197E+00  1.244069E+01
  2.153165E+01  3.613747E+01  5.456033E+01  7.156372E+01  8.374236E+01  9.119955E+01  9.532368E+01  9.741023E+01  2.472779E+00  2.458160E+00
  2.551983E+00  2.630951E+00  2.790976E+00  3.116161E+00  3.761125E+00  5.058357E+00  7.626399E+00  1.263557E+01  2.182967E+01  3.651213E+01
  5.489180E+01  7.177837E+01  8.386521E+01  9.126592E+01  9.535889E+01  9.742969E+01  2.566195E+00  2.549684E+00  2.647968E+00  2.733841E+00
  2.903528E+00  3.246384E+00  3.929767E+00  5.299138E+00  8.001982E+00  1.324088E+01  2.275256E+01  3.764835E+01  5.588158E+01  7.241773E+01
  8.423082E+01  9.146373E+01  9.546387E+01  9.748769E+01  2.733284E+00  2.717565E+00  2.825313E+00  2.916806E+00  3.103836E+00  3.484308E+00
  4.233854E+00  5.736103E+00  8.683253E+00  1.433892E+01  2.438773E+01  3.960331E+01  5.752538E+01  7.346954E+01  8.483201E+01  9.178880E+01
  9.563644E+01  9.758305E+01  3.001388E+00  2.983582E+00  3.107562E+00  3.215969E+00  3.429468E+00  3.861637E+00  4.722865E+00  6.439632E+00
  9.782108E+00  1.608714E+01  2.691028E+01  4.244537E+01  5.980311E+01  7.491254E+01  8.565662E+01  9.223493E+01  9.587325E+01  9.771394E+01
  3.421295E+00  3.395351E+00  3.548804E+00  3.678632E+00  3.935893E+00  4.462286E+00  5.504251E+00  7.565993E+00  1.152793E+01  1.878018E+01
  3.057273E+01  4.624383E+01  6.268193E+01  7.672046E+01  8.669027E+01  9.279395E+01  9.617007E+01  9.787801E+01  4.084230E+00  4.054196E+00
  4.252139E+00  4.421884E+00  4.764087E+00  5.445917E+00  6.796517E+00  9.432092E+00  1.436618E+01  2.293881E+01  3.572153E+01  5.102964E+01
  6.612143E+01  7.886837E+01  8.791770E+01  9.345802E+01  9.652277E+01  9.807306E+01  5.218829E+00  5.180858E+00  5.463547E+00  5.713991E+00
  6.206799E+00  7.195642E+00  9.105371E+00  1.273831E+01  1.918729E+01  2.939644E+01  4.268408E+01  5.676210E+01  7.008475E+01  8.133929E+01
  8.932925E+01  9.422183E+01  9.692850E+01  9.829766E+01  7.480878E+00  7.432872E+00  7.901644E+00  8.319790E+00  9.144851E+00  1.076877E+01
  1.380573E+01  1.922762E+01  2.784298E+01  3.928518E+01  5.151699E+01  6.331367E+01  7.457423E+01  8.413759E+01  9.092897E+01  9.508768E+01
  9.738859E+01  9.855231E+01  1.373407E+01  1.362237E+01  1.464568E+01  1.554169E+01  1.725354E+01  2.042827E+01  2.583997E+01  3.394878E+01
  4.364745E+01  5.297080E+01  6.174587E+01  7.077750E+01  7.970950E+01  8.734174E+01  9.276048E+01  9.607884E+01  9.791554E+01  9.884425E+01
  2.442511E+00  2.438867E+00  2.520259E+00  2.596527E+00  2.753327E+00  3.069062E+00  3.700691E+00  4.964044E+00  7.470773E+00  1.236873E+01
  2.135619E+01  3.587331E+01  5.426788E+01  7.132771E+01  8.358822E+01  9.110071E+01  9.525201E+01  9.733337E+01  2.472779E+00  2.468775E+00
  2.552759E+00  2.630149E+00  2.789535E+00  3.111348E+00  3.754620E+00  5.042341E+00  7.589087E+00  1.256185E+01  2.165098E+01  3.624500E+01
  5.460098E+01  7.154388E+01  8.371210E+01  9.116781E+01  9.528777E+01  9.735339E+01  2.566195E+00  2.561450E+00  2.648530E+00  2.732304E+00
  2.901405E+00  3.241910E+00  3.921974E+00  5.281314E+00  7.960826E+00  1.315941E+01  2.256334E+01  3.737840E+01  5.559392E+01  7.218831E+01
  8.408112E+01  9.136773E+01  9.539431E+01  9.741305E+01  2.733284E+00  2.729418E+00  2.825937E+00  2.915037E+00  3.100631E+00  3.477751E+00
  4.225535E+00  5.713663E+00  8.634464E+00  1.424574E+01  2.418532E+01  3.932516E+01  5.724471E+01  7.324856E+01  8.468794E+01  9.169633E+01
  9.556939E+01  9.751116E+01  3.001388E+00  2.994975E+00  3.107784E+00  3.214466E+00  3.426598E+00  3.854939E+00  4.710826E+00  6.411695E+00
  9.722383E+00  1.597476E+01  2.668435E+01  4.216253E+01  5.953357E+01  7.470216E+01  8.552028E+01  9.214729E+01  9.580975E+01  9.764582E+01
  3.421295E+00  3.414229E+00  3.549159E+00  3.676508E+00  3.931714E+00  4.453354E+00  5.487864E+00  7.527255E+00  1.144848E+01  1.863984E+01
  3.032082E+01  4.595956E+01  6.242960E+01  7.652467E+01  8.656321E+01  9.271244E+01  9.611098E+01  9.781464E+01  4.084230E+00  4.076174E+00
  4.251666E+00  4.419221E+00  4.756412E+00  5.430142E+00  6.768642E+00  9.374037E+00  1.425613E+01  2.275931E+01  3.544085E+01  5.075572E+01
  6.588967E+01  7.868951E+01  8.780193E+01  9.338361E+01  9.646886E+01  9.801532E+01  5.218829E+00  5.206052E+00  5.461665E+00  5.706575E+00
  6.194529E+00  7.167676E+00  9.058539E+00  1.264394E+01  1.902452E+01  2.917054E+01  4.239705E+01  5.651265E+01  6.987730E+01  8.117844E+01
  8.922662E+01  9.415561E+01  9.688065E+01  9.824636E+01  7.480878E+00  7.467346E+00  7.897212E+00  8.306618E+00  9.116814E+00  1.071895E+01
  1.371261E+01  1.906935E+01  2.760887E+01  3.903499E+01  5.125644E+01  6.310131E+01  7.439343E+01  8.399755E+01  9.083997E+01  9.503052E+01
  9.734736E+01  9.850836E+01  1.373407E+01  1.371037E+01  1.463342E+01  1.550819E+01  1.719102E+01  2.031898E+01  2.566781E+01  3.370689E+01
  4.340969E+01  5.278760E+01  6.154643E+01  7.059566E+01  7.956069E+01  8.722270E+01  9.268662E+01  9.603185E+01  9.788199E+01  9.880899E+01
  2.442511E+00  2.441557E+00  2.519615E+00  2.594015E+00  2.751934E+00  3.064688E+00  3.689242E+00  4.944738E+00  7.429915E+00  1.226835E+01
  2.118208E+01  3.558001E+01  5.392982E+01  7.104317E+01  8.339623E+01  9.098221E+01  9.516452E+01  9.725045E+01  2.472779E+00  2.471749E+00
  2.552094E+00  2.627576E+00  2.788074E+00  3.106245E+00  3.743472E+00  5.021680E+00  7.546252E+00  1.245723E+01  2.147282E+01  3.594949E+01
  5.426358E+01  7.126134E+01  8.352142E+01  9.105010E+01  9.520088E+01  9.727106E+01  2.566195E+00  2.564496E+00  2.647990E+00  2.729996E+00
  2.899866E+00  3.235754E+00  3.909510E+00  5.257671E+00  7.914330E+00  1.304867E+01  2.237322E+01  3.707604E+01  5.526214E+01  7.191223E+01
  8.389467E+01  9.125266E+01  9.530929E+01  9.733250E+01  2.733284E+00  2.733211E+00  2.824906E+00  2.912912E+00  3.098354E+00  3.471380E+00
  4.210275E+00  5.686194E+00  8.578946E+00  1.411934E+01  2.397730E+01  3.901407E+01  5.692091E+01  7.298251E+01  8.450852E+01  9.158581E+01
  9.548752E+01  9.743356E+01  3.001388E+00  2.999277E+00  3.106898E+00  3.211442E+00  3.422724E+00  3.845845E+00  4.692316E+00  6.375863E+00
  9.653558E+00  1.582423E+01  2.645162E+01  4.184290E+01  5.922369E+01  7.445043E+01  8.535034E+01  9.204266E+01  9.573206E+01  9.757228E+01
  3.421295E+00  3.419754E+00  3.547739E+00  3.672626E+00  3.926964E+00  4.442051E+00  5.462693E+00  7.478949E+00  1.135526E+01  1.845286E+01
  3.005519E+01  4.563934E+01  6.214006E+01  7.629047E+01  8.640534E+01  9.261515E+01  9.603864E+01  9.774619E+01  4.084230E+00  4.081013E+00
  4.249165E+00  4.412000E+00  4.748289E+00  5.411119E+00  6.728775E+00  9.302023E+00  1.412209E+01  2.251986E+01  3.514472E+01  5.044884E+01
  6.562592E+01  7.847582E+01  8.765789E+01  9.329531E+01  9.640292E+01  9.795295E+01  5.218829E+00  5.213393E+00  5.457477E+00  5.695510E+00
  6.179380E+00  7.135446E+00  8.993629E+00  1.252900E+01  1.882798E+01  2.886850E+01  4.209147E+01  5.623446E+01  6.964246E+01  8.098783E+01
  8.909791E+01  9.407724E+01  9.682186E+01  9.819095E+01  7.480878E+00  7.480827E+00  7.889552E+00  8.286501E+00  9.085115E+00  1.065438E+01
  1.359055E+01  1.887080E+01  2.733086E+01  3.869842E+01  5.098650E+01  6.286454E+01  7.419059E+01  8.383282E+01  9.072944E+01  9.496310E+01
  9.729662E+01  9.846079E+01  1.373407E+01  1.373470E+01  1.461017E+01  1.546264E+01  1.711617E+01  2.018476E+01  2.544018E+01  3.341475E+01
  4.311870E+01  5.252662E+01  6.134615E+01  7.040079E+01  7.939269E+01  8.708764E+01  9.259544E+01  9.597723E+01  9.784061E+01  9.877021E+01
  2.442511E+00  2.440106E+00  2.518687E+00  2.593657E+00  2.748687E+00  3.059011E+00  3.680652E+00  4.923790E+00  7.384810E+00  1.218340E+01
  2.101075E+01  3.527075E+01  5.355133E+01  7.074187E+01  8.319052E+01  9.085500E+01  9.507714E+01  9.716833E+01  2.472779E+00  2.470862E+00
  2.551453E+00  2.627659E+00  2.784156E+00  3.100475E+00  3.734325E+00  4.999929E+00  7.500696E+00  1.237101E+01  2.129677E+01  3.563692E+01
  5.388609E+01  7.096236E+01  8.331723E+01  9.092402E+01  9.511416E+01  9.718956E+01  2.566195E+00  2.563982E+00  2.646722E+00  2.729772E+00
  2.896165E+00  3.229419E+00  3.899300E+00  5.234107E+00  7.863680E+00  1.295513E+01  2.218768E+01  3.675777E+01  5.488974E+01  7.161990E+01
  8.369493E+01  9.112933E+01  9.522442E+01  9.725279E+01  2.733284E+00  2.730883E+00  2.824059E+00  2.912563E+00  3.094391E+00  3.464022E+00
  4.199183E+00  5.657259E+00  8.521966E+00  1.401024E+01  2.377353E+01  3.868704E+01  5.655719E+01  7.270129E+01  8.431618E+01  9.146693E+01
  9.540579E+01  9.735677E+01  3.001388E+00  2.996821E+00  3.104896E+00  3.210774E+00  3.417549E+00  3.835716E+00  4.676667E+00  6.340473E+00
  9.581258E+00  1.569225E+01  2.622166E+01  4.150733E+01  5.887421E+01  7.418442E+01  8.516811E+01  9.193015E+01  9.565469E+01  9.749953E+01
  3.421295E+00  3.417524E+00  3.545733E+00  3.671494E+00  3.920324E+00  4.429483E+00  5.440914E+00  7.430180E+00  1.125965E+01  1.828642E+01
  2.979201E+01  4.530208E+01  6.181069E+01  7.604357E+01  8.623562E+01  9.251050E+01  9.596664E+01  9.767849E+01  4.084230E+00  4.080608E+00
  4.246605E+00  4.409243E+00  4.738065E+00  5.392787E+00  6.694880E+00  9.229752E+00  1.398651E+01  2.230282E+01  3.485174E+01  5.012472E+01
  6.532465E+01  7.825134E+01  8.750325E+01  9.319997E+01  9.633723E+01  9.789126E+01  5.218829E+00  5.213240E+00  5.453483E+00  5.689358E+00
  6.161628E+00  7.101625E+00  8.933855E+00  1.241203E+01  1.862643E+01  2.859298E+01  4.179022E+01  5.594197E+01  6.937360E+01  8.078803E+01
  8.895971E+01  9.399241E+01  9.676344E+01  9.813615E+01  7.480878E+00  7.474405E+00  7.879785E+00  8.272751E+00  9.049851E+00  1.059075E+01
  1.347919E+01  1.867494E+01  2.704268E+01  3.839012E+01  5.072472E+01  6.261594E+01  7.395589E+01  8.366103E+01  9.060978E+01  9.488971E+01
  9.724650E+01  9.841366E+01  1.373407E+01  1.372538E+01  1.458860E+01  1.542802E+01  1.703265E+01  2.004692E+01  2.522617E+01  3.311701E+01
  4.281574E+01  5.229952E+01  6.115596E+01  7.019867E+01  7.919469E+01  8.694810E+01  9.249788E+01  9.591745E+01  9.779976E+01  9.873212E+01
  2.442511E+00  2.440946E+00  2.515881E+00  2.588201E+00  2.737726E+00  3.035591E+00  3.632879E+00  4.816175E+00  7.163485E+00  1.173082E+01
  2.008441E+01  3.376403E+01  5.174710E+01  6.922794E+01  8.218611E+01  9.025606E+01  9.473356E+01  9.695235E+01  2.472779E+00  2.471351E+00
  2.548486E+00  2.622034E+00  2.773764E+00  3.076762E+00  3.683632E+00  4.885641E+00  7.273142E+00  1.190635E+01  2.035490E+01  3.411873E+01
  5.208657E+01  6.945908E+01  8.232023E+01  9.032944E+01  9.477309E+01  9.697514E+01  2.566195E+00  2.564350E+00  2.643188E+00  2.723499E+00
  2.881642E+00  3.201493E+00  3.842443E+00  5.109099E+00  7.613428E+00  1.245356E+01  2.119231E+01  3.520283E+01  5.310631E+01  7.014934E+01
  8.272037E+01  9.054800E+01  9.489091E+01  9.704307E+01  2.733284E+00  2.732251E+00  2.820806E+00  2.905472E+00  3.080264E+00  3.431329E+00
  4.131580E+00  5.512310E+00  8.231190E+00  1.343715E+01  2.268638E+01  3.707776E+01  5.480926E+01  7.128474E+01  8.337772E+01  9.090730E+01
  9.508474E+01  9.715479E+01  3.001388E+00  2.999990E+00  3.099751E+00  3.200221E+00  3.396653E+00  3.795822E+00  4.592023E+00  6.159725E+00
  9.222305E+00  1.500708E+01  2.499793E+01  3.984266E+01  5.719052E+01  7.284219E+01  8.428022E+01  9.140038E+01  9.535062E+01  9.730816E+01
  3.421295E+00  3.420578E+00  3.538182E+00  3.656384E+00  3.893521E+00  4.373944E+00  5.322812E+00  7.188451E+00  1.079137E+01  1.742982E+01
  2.839944E+01  4.361122E+01  6.022501E+01  7.479546E+01  8.541035E+01  9.201773E+01  9.568378E+01  9.750043E+01  4.084230E+00  4.080390E+00
  4.235312E+00  4.388381E+00  4.693216E+00  5.306702E+00  6.519792E+00  8.873052E+00  1.332326E+01  2.119545E+01  3.327994E+01  4.848038E+01
  6.387354E+01  7.711298E+01  8.675134E+01  9.275057E+01  9.607935E+01  9.772890E+01  5.218829E+00  5.215857E+00  5.434662E+00  5.651143E+00
  6.085695E+00  6.950634E+00  8.634832E+00  1.183454E+01  1.764657E+01  2.716518E+01  4.013124E+01  5.443683E+01  6.807955E+01  7.977248E+01
  8.829049E+01  9.359207E+01  9.653380E+01  9.799149E+01  7.480878E+00  7.475713E+00  7.840462E+00  8.194176E+00  8.900312E+00  1.029052E+01
  1.292641E+01  1.769912E+01  2.561075E+01  3.675013E+01  4.921517E+01  6.133405E+01  7.282874E+01  8.277667E+01  9.002929E+01  9.454286E+01
  9.704776E+01  9.828857E+01  1.373407E+01  1.372551E+01  1.448970E+01  1.523463E+01  1.668438E+01  1.939490E+01  2.416068E+01  3.160886E+01
  4.123015E+01  5.104415E+01  6.003387E+01  6.915102E+01  7.825749E+01  8.621218E+01  9.201805E+01  9.563135E+01  9.763652E+01  9.862926E+01
  2.442511E+00  2.441284E+00  2.515004E+00  2.586076E+00  2.733712E+00  3.028204E+00  3.614894E+00  4.782580E+00  7.092696E+00  1.157171E+01
  1.978314E+01  3.325661E+01  5.111473E+01  6.868882E+01  8.181665E+01  9.002948E+01  9.458891E+01  9.683729E+01  2.472779E+00  2.471047E+00
  2.547695E+00  2.619723E+00  2.769831E+00  3.069892E+00  3.665771E+00  4.851358E+00  7.199373E+00  1.174397E+01  2.004715E+01  3.360563E+01
  5.145446E+01  6.892387E+01  8.195378E+01  9.010448E+01  9.462952E+01  9.686091E+01  2.566195E+00  2.563856E+00  2.642282E+00  2.720408E+00
  2.877428E+00  3.192952E+00  3.822846E+00  5.072234E+00  7.532254E+00  1.227832E+01  2.086549E+01  3.467555E+01  5.248027E+01  6.962552E+01
  8.236142E+01  9.032791E+01  9.475048E+01  9.693130E+01  2.733284E+00  2.733530E+00  2.819625E+00  2.902382E+00  3.075758E+00  3.421181E+00
  4.108562E+00  5.468349E+00  8.137124E+00  1.323909E+01  2.232872E+01  3.652988E+01  5.419273E+01  7.078027E+01  8.303268E+01  9.069546E+01
  9.494940E+01  9.704711E+01  3.001388E+00  2.998199E+00  3.097618E+00  3.195986E+00  3.390982E+00  3.783459E+00  4.562682E+00  6.102966E+00
  9.108682E+00  1.477126E+01  2.459278E+01  3.927244E+01  5.659378E+01  7.236419E+01  8.395370E+01  9.119976E+01  9.522241E+01  9.720609E+01
  3.421295E+00  3.419302E+00  3.535843E+00  3.651733E+00  3.884809E+00  4.356383E+00  5.282919E+00  7.112276E+00  1.063636E+01  1.713441E+01
  2.793185E+01  4.302644E+01  5.966059E+01  7.435168E+01  8.510676E+01  9.183128E+01  9.556448E+01  9.740540E+01  4.084230E+00  4.079991E+00
  4.231936E+00  4.381719E+00  4.679085E+00  5.278811E+00  6.459834E+00  8.762768E+00  1.310783E+01  2.081342E+01  3.274528E+01  4.790348E+01
  6.335637E+01  7.670847E+01  8.647490E+01  9.258080E+01  9.597058E+01  9.764217E+01  5.218829E+00  5.214755E+00  5.428499E+00  5.636865E+00
  6.060987E+00  6.901699E+00  8.535074E+00  1.165268E+01  1.732552E+01  2.666680E+01  3.955391E+01  5.390685E+01  6.761819E+01  7.941138E+01
  8.804388E+01  9.344070E+01  9.643681E+01  9.791428E+01  7.480878E+00  7.477227E+00  7.827566E+00  8.168422E+00  8.851874E+00  1.019299E+01
  1.274564E+01  1.738371E+01  2.513082E+01  3.615393E+01  4.867864E+01  6.088490E+01  7.243226E+01  8.246398E+01  8.981558E+01  9.441208E+01
  9.696362E+01  9.822198E+01  1.373407E+01  1.372992E+01  1.446003E+01  1.517610E+01  1.657174E+01  1.918960E+01  2.381015E+01  3.111514E+01
  4.068021E+01  5.057468E+01  5.963052E+01  6.878604E+01  7.792255E+01  8.595425E+01  9.184196E+01  9.552399E+01  9.756742E+01  9.857500E+01
  2.442511E+00  2.440669E+00  2.513887E+00  2.584772E+00  2.727659E+00  3.018622E+00  3.596680E+00  4.745809E+00  7.012128E+00  1.139505E+01
  1.945712E+01  3.269276E+01  5.042299E+01  6.808784E+01  8.141077E+01  8.977786E+01  9.443559E+01  9.672101E+01  2.472779E+00  2.471796E+00
  2.546381E+00  2.618082E+00  2.763818E+00  3.059347E+00  3.646242E+00  4.814041E+00  7.116858E+00  1.156266E+01  1.971549E+01  3.303706E+01
  5.076470E+01  6.832758E+01  8.155090E+01  8.985468E+01  9.447728E+01  9.674547E+01  2.566195E+00  2.564209E+00  2.640761E+00  2.718424E+00
  2.870517E+00  3.181821E+00  3.802060E+00  5.032257E+00  7.444420E+00  1.208315E+01  2.051714E+01  3.409256E+01  5.179255E+01  6.904160E+01
  8.196747E+01  9.008374E+01  9.460154E+01  9.681839E+01  2.733284E+00  2.733791E+00  2.817530E+00  2.899745E+00  3.068231E+00  3.407323E+00
  4.084742E+00  5.419475E+00  8.036439E+00  1.302234E+01  2.194656E+01  3.592636E+01  5.351648E+01  7.021590E+01  8.265367E+01  9.046007E+01
  9.480598E+01  9.693834E+01  3.001388E+00  2.999161E+00  3.094975E+00  3.193332E+00  3.382208E+00  3.768284E+00  4.531240E+00  6.045730E+00
  8.983828E+00  1.451373E+01  2.416341E+01  3.864267E+01  5.593792E+01  7.183045E+01  8.359503E+01  9.097684E+01  9.508652E+01  9.710299E+01
  3.421295E+00  3.419953E+00  3.532984E+00  3.647039E+00  3.872805E+00  4.333534E+00  5.241629E+00  7.035140E+00  1.047529E+01  1.681724E+01
  2.744039E+01  4.238033E+01  5.903817E+01  7.385528E+01  8.477319E+01  9.162395E+01  9.543805E+01  9.730942E+01  4.084230E+00  4.080765E+00
  4.228331E+00  4.374311E+00  4.661178E+00  5.246894E+00  6.399451E+00  8.647717E+00  1.288625E+01  2.040419E+01  3.218217E+01  4.726384E+01
  6.278575E+01  7.625578E+01  8.617113E+01  9.239171E+01  9.585525E+01  9.755464E+01  5.218829E+00  5.214772E+00  5.421450E+00  5.624449E+00
  6.032138E+00  6.848308E+00  8.435731E+00  1.146735E+01  1.699156E+01  2.613964E+01  3.894218E+01  5.331616E+01  6.711093E+01  7.900611E+01
  8.777392E+01  9.327215E+01  9.633418E+01  9.783631E+01  7.480878E+00  7.477572E+00  7.814713E+00  8.143347E+00  8.795259E+00  1.009263E+01
  1.256304E+01  1.706633E+01  2.463998E+01  3.552070E+01  4.811037E+01  6.038205E+01  7.198719E+01  8.211120E+01  8.958098E+01  9.426550E+01
  9.687481E+01  9.815475E+01  1.373407E+01  1.372626E+01  1.442849E+01  1.511742E+01  1.645000E+01  1.897136E+01  2.345179E+01  3.060380E+01
  4.011599E+01  5.005433E+01  5.922022E+01  6.837666E+01  7.755872E+01  8.566226E+01  9.164908E+01  9.540335E+01  9.749406E+01  9.851981E+01
  2.442511E+00  2.440744E+00  2.513587E+00  2.583809E+00  2.726858E+00  3.013494E+00  3.587154E+00  4.729031E+00  6.978649E+00  1.132014E+01
  1.931568E+01  3.246629E+01  5.015701E+01  6.785413E+01  8.124201E+01  8.967303E+01  9.435954E+01  9.664723E+01  2.472779E+00  2.471194E+00
  2.545955E+00  2.617004E+00  2.762499E+00  3.053235E+00  3.636572E+00  4.797435E+00  7.083115E+00  1.148663E+01  1.957188E+01  3.280832E+01
  5.049954E+01  6.809564E+01  8.138319E+01  8.975063E+01  9.440176E+01  9.667223E+01  2.566195E+00  2.564596E+00  2.640517E+00  2.716992E+00
  2.869437E+00  3.176337E+00  3.791111E+00  5.013988E+00  7.408293E+00  1.200159E+01  2.036730E+01  3.385991E+01  5.152958E+01  6.881428E+01
  8.180338E+01  8.998196E+01  9.452769E+01  9.674670E+01  2.733284E+00  2.732915E+00  2.817452E+00  2.898496E+00  3.067133E+00  3.401083E+00
  4.073233E+00  5.398541E+00  7.995571E+00  1.293206E+01  2.178347E+01  3.568321E+01  5.325669E+01  6.999689E+01  8.249538E+01  9.036211E+01
  9.473479E+01  9.686922E+01  3.001388E+00  2.999396E+00  3.094849E+00  3.191232E+00  3.380474E+00  3.760212E+00  4.516181E+00  6.020531E+00
  8.933493E+00  1.440885E+01  2.398136E+01  3.838945E+01  5.568527E+01  7.162305E+01  8.344477E+01  9.088400E+01  9.501899E+01  9.703747E+01
  3.421295E+00  3.419879E+00  3.532751E+00  3.644709E+00  3.870382E+00  4.323609E+00  5.223436E+00  7.000713E+00  1.041076E+01  1.668909E+01
  2.723374E+01  4.211950E+01  5.879978E+01  7.366227E+01  8.463326E+01  9.153751E+01  9.537508E+01  9.724839E+01  4.084230E+00  4.081792E+00
  4.227628E+00  4.370485E+00  4.656580E+00  5.232943E+00  6.373024E+00  8.599686E+00  1.279804E+01  2.024254E+01  3.194930E+01  4.700434E+01
  6.256723E+01  7.607990E+01  8.604263E+01  9.231293E+01  9.579783E+01  9.749899E+01  5.218829E+00  5.215496E+00  5.420133E+00  5.619221E+00
  6.023909E+00  6.825662E+00  8.394663E+00  1.139445E+01  1.686524E+01  2.593077E+01  3.868734E+01  5.307264E+01  6.691632E+01  7.884956E+01
  8.765871E+01  9.320197E+01  9.628291E+01  9.778677E+01  7.480878E+00  7.478987E+00  7.810268E+00  8.134485E+00  8.780447E+00  1.005301E+01
  1.248843E+01  1.694480E+01  2.444932E+01  3.527129E+01  4.787184E+01  6.017455E+01  7.181821E+01  8.197537E+01  8.948103E+01  9.420520E+01
  9.683040E+01  9.811198E+01  1.373407E+01  1.373113E+01  1.441981E+01  1.509600E+01  1.641289E+01  1.888916E+01  2.331265E+01  3.040752E+01
  3.989018E+01  4.984561E+01  5.904247E+01  6.820707E+01  7.741856E+01  8.554905E+01  9.156521E+01  9.535359E+01  9.745802E+01  9.848512E+01
  2.442511E+00  2.440120E+00  2.513978E+00  2.583850E+00  2.728433E+00  3.017740E+00  3.594108E+00  4.743643E+00  7.006607E+00  1.138846E+01
  1.944321E+01  3.267099E+01  5.040061E+01  6.806586E+01  8.138827E+01  8.974440E+01  9.438124E+01  9.662737E+01  2.472779E+00  2.470641E+00
  2.546568E+00  2.617448E+00  2.764503E+00  3.057981E+00  3.643341E+00  4.811889E+00  7.111240E+00  1.155575E+01  1.970177E+01  3.301471E+01
  5.074227E+01  6.830591E+01  8.152847E+01  8.982140E+01  9.442328E+01  9.665249E+01  2.566195E+00  2.563395E+00  2.640812E+00  2.717744E+00
  2.871365E+00  3.180787E+00  3.799345E+00  5.030061E+00  7.438486E+00  1.207635E+01  2.050313E+01  3.407090E+01  5.177082E+01  6.902032E+01
  8.194557E+01  9.005108E+01  9.454865E+01  9.672736E+01  2.733284E+00  2.732676E+00  2.818008E+00  2.899156E+00  3.069563E+00  3.405729E+00
  4.081336E+00  5.417210E+00  8.029955E+00  1.301446E+01  2.193120E+01  3.590317E+01  5.349517E+01  7.019550E+01  8.263250E+01  9.042841E+01
  9.475487E+01  9.685057E+01  3.001388E+00  2.997283E+00  3.095009E+00  3.192211E+00  3.382851E+00  3.767357E+00  4.527196E+00  6.042982E+00
  8.976971E+00  1.450508E+01  2.414637E+01  3.861858E+01  5.591665E+01  7.181161E+01  8.357494E+01  9.094650E+01  9.503791E+01  9.701969E+01
  3.421295E+00  3.418746E+00  3.533149E+00  3.646157E+00  3.874264E+00  4.332095E+00  5.237840E+00  7.030907E+00  1.046626E+01  1.680579E+01
  2.742141E+01  4.235600E+01  5.901893E+01  7.383765E+01  8.475455E+01  9.159544E+01  9.539255E+01  9.723180E+01  4.084230E+00  4.079909E+00
  4.228352E+00  4.372386E+00  4.662389E+00  5.245418E+00  6.393708E+00  8.641885E+00  1.287491E+01  2.039011E+01  3.216126E+01  4.723960E+01
  6.276771E+01  7.623994E+01  8.615399E+01  9.236542E+01  9.581360E+01  9.748383E+01  5.218829E+00  5.213367E+00  5.421720E+00  5.623085E+00
  6.033645E+00  6.845495E+00  8.428576E+00  1.146014E+01  1.697587E+01  2.612148E+01  3.891846E+01  5.329267E+01  6.709573E+01  7.899232E+01
  8.775864E+01  9.324839E+01  9.629693E+01  9.777336E+01  7.480878E+00  7.475982E+00  7.815196E+00  8.140436E+00  8.796939E+00  1.008876E+01
  1.255020E+01  1.705566E+01  2.461832E+01  3.549866E+01  4.808776E+01  6.036291E+01  7.197457E+01  8.209969E+01  8.956815E+01  9.424482E+01
  9.684264E+01  9.810070E+01  1.373407E+01  1.372932E+01  1.442815E+01  1.511321E+01  1.645194E+01  1.896202E+01  2.343299E+01  3.058633E+01
  4.008884E+01  5.003482E+01  5.920187E+01  6.836219E+01  7.754902E+01  8.565298E+01  9.163851E+01  9.538630E+01  9.746828E+01  9.847642E+01
  2.442511E+00  2.442242E+00  2.513960E+00  2.585082E+00  2.729133E+00  3.020750E+00  3.601732E+00  4.757385E+00  7.034953E+00  1.145066E+01
  1.956294E+01  3.287383E+01  5.063606E+01  6.826584E+01  8.151308E+01  8.981673E+01  9.440111E+01  9.660352E+01  2.472779E+00  2.472699E+00
  2.546627E+00  2.618519E+00  2.765234E+00  3.061362E+00  3.651766E+00  4.826596E+00  7.140829E+00  1.162005E+01  1.982343E+01  3.321942E+01
  5.097708E+01  6.850410E+01  8.165247E+01  8.989317E+01  9.444302E+01  9.662881E+01  2.566195E+00  2.566085E+00  2.641027E+00  2.719192E+00
  2.872210E+00  3.184457E+00  3.808126E+00  5.045380E+00  7.468802E+00  1.214521E+01  2.063151E+01  3.428060E+01  5.200481E+01  6.921442E+01
  8.206633E+01  9.012121E+01  9.456791E+01  9.670417E+01  2.733284E+00  2.734356E+00  2.818367E+00  2.900802E+00  3.070165E+00  3.409951E+00
  4.092675E+00  5.435221E+00  8.065254E+00  1.309090E+01  2.207080E+01  3.611998E+01  5.372552E+01  7.038251E+01  8.274837E+01  9.049594E+01
  9.477330E+01  9.682817E+01  3.001388E+00  3.001254E+00  3.095648E+00  3.193839E+00  3.385302E+00  3.772138E+00  4.540297E+00  6.063910E+00
  9.019924E+00  1.459529E+01  2.430208E+01  3.884500E+01  5.614095E+01  7.198845E+01  8.368417E+01  9.101057E+01  9.505528E+01  9.699843E+01
  3.421295E+00  3.421809E+00  3.534105E+00  3.649310E+00  3.876004E+00  4.339762E+00  5.252868E+00  7.059700E+00  1.052087E+01  1.691688E+01
  2.759824E+01  4.258776E+01  5.923204E+01  7.400155E+01  8.485529E+01  9.165501E+01  9.540861E+01  9.721197E+01  4.084230E+00  4.084050E+00
  4.229283E+00  4.376005E+00  4.666279E+00  5.255294E+00  6.416874E+00  8.686023E+00  1.294901E+01  2.053267E+01  3.236311E+01  4.746984E+01
  6.296286E+01  7.638964E+01  8.624497E+01  9.241975E+01  9.582814E+01  9.746574E+01  5.218829E+00  5.217785E+00  5.422987E+00  5.628713E+00
  6.039936E+00  6.862788E+00  8.465904E+00  1.152429E+01  1.708971E+01  2.630667E+01  3.913875E+01  5.350635E+01  6.726971E+01  7.912560E+01
  8.783830E+01  9.329701E+01  9.630990E+01  9.775742E+01  7.480878E+00  7.483215E+00  7.818782E+00  8.151936E+00  8.810469E+00  1.012124E+01
  1.261590E+01  1.716504E+01  2.478492E+01  3.572433E+01  4.829317E+01  6.054465E+01  7.212670E+01  8.221566E+01  8.963637E+01  9.428739E+01
  9.685401E+01  9.808727E+01  1.373407E+01  1.374203E+01  1.443603E+01  1.513562E+01  1.648615E+01  1.903465E+01  2.356278E+01  3.076526E+01
  4.028129E+01  5.022589E+01  5.935107E+01  6.850954E+01  7.767615E+01  8.574953E+01  9.169398E+01  9.542201E+01  9.747767E+01  9.846604E+01
  2.442511E+00  2.441170E+00  2.514581E+00  2.585776E+00  2.731167E+00  3.023413E+00  3.607515E+00  4.770309E+00  7.064279E+00  1.150467E+01
  1.967015E+01  3.305711E+01  5.086632E+01  6.846200E+01  8.164648E+01  8.988272E+01  9.441797E+01  9.657899E+01  2.472779E+00  2.471943E+00
  2.547198E+00  2.619460E+00  2.767660E+00  3.064376E+00  3.657304E+00  4.839418E+00  7.170233E+00  1.167515E+01  1.993214E+01  3.340458E+01
  5.120717E+01  6.869907E+01  8.178477E+01  8.995870E+01  9.445969E+01  9.660445E+01  2.566195E+00  2.565167E+00  2.641794E+00  2.719893E+00
  2.874893E+00  3.187509E+00  3.814588E+00  5.059431E+00  7.500895E+00  1.220504E+01  2.074503E+01  3.447014E+01  5.223328E+01  6.940506E+01
  8.219587E+01  9.018530E+01  9.458411E+01  9.668031E+01  2.733284E+00  2.733387E+00  2.819202E+00  2.901661E+00  3.072775E+00  3.414496E+00
  4.099925E+00  5.452096E+00  8.101028E+00  1.315757E+01  2.219663E+01  3.631731E+01  5.395069E+01  7.056642E+01  8.287303E+01  9.055747E+01
  9.478882E+01  9.680514E+01  3.001388E+00  2.999845E+00  3.097004E+00  3.195506E+00  3.387849E+00  3.776604E+00  4.549726E+00  6.083578E+00
  9.064139E+00  1.467477E+01  2.444333E+01  3.905040E+01  5.635917E+01  7.216222E+01  8.380221E+01  9.106875E+01  9.506977E+01  9.697655E+01
  3.421295E+00  3.419529E+00  3.535144E+00  3.650593E+00  3.880098E+00  4.346424E+00  5.265490E+00  7.086511E+00  1.057795E+01  1.701631E+01
  2.776194E+01  4.279973E+01  5.943906E+01  7.416320E+01  8.496531E+01  9.170882E+01  9.542194E+01  9.719157E+01  4.084230E+00  4.082799E+00
  4.230998E+00  4.379157E+00  4.672925E+00  5.265538E+00  6.436858E+00  8.724140E+00  1.302689E+01  2.066300E+01  3.255058E+01  4.767880E+01
  6.315239E+01  7.653668E+01  8.634560E+01  9.246857E+01  9.584013E+01  9.744711E+01  5.218829E+00  5.216693E+00  5.426558E+00  5.632738E+00
  6.050198E+00  6.879886E+00  8.498092E+00  1.158779E+01  1.720548E+01  2.647490E+01  3.934303E+01  5.369921E+01  6.743715E+01  7.925710E+01
  8.792838E+01  9.334046E+01  9.632043E+01  9.774095E+01  7.480878E+00  7.479229E+00  7.824000E+00  8.161307E+00  8.830731E+00  1.015355E+01
  1.267744E+01  1.727433E+01  2.495453E+01  3.592626E+01  4.848439E+01  6.070876E+01  7.227495E+01  8.232980E+01  8.971546E+01  9.432509E+01
  9.686327E+01  9.807346E+01  1.373407E+01  1.373450E+01  1.444845E+01  1.515629E+01  1.652639E+01  1.910392E+01  2.367888E+01  3.093614E+01
  4.047659E+01  5.038756E+01  5.949144E+01  6.864227E+01  7.779469E+01  8.584354E+01  9.176071E+01  9.545305E+01  9.748559E+01  9.845512E+01
  2.442511E+00  2.443799E+00  2.514919E+00  2.587469E+00  2.733073E+00  3.027306E+00  3.613817E+00  4.778680E+00  7.087062E+00  1.155833E+01
  1.976913E+01  3.322370E+01  5.108209E+01  6.865291E+01  8.176508E+01  8.994695E+01  9.443403E+01  9.655291E+01  2.472779E+00  2.473215E+00
  2.547715E+00  2.621180E+00  2.769013E+00  3.068641E+00  3.664817E+00  4.847751E+00  7.193370E+00  1.173018E+01  2.003294E+01  3.357283E+01
  5.142242E+01  6.888827E+01  8.190242E+01  9.002248E+01  9.447564E+01  9.657854E+01  2.566195E+00  2.566935E+00  2.642201E+00  2.721798E+00
  2.876675E+00  3.192036E+00  3.821887E+00  5.068218E+00  7.526330E+00  1.226407E+01  2.085027E+01  3.464254E+01  5.244743E+01  6.959042E+01
  8.231077E+01  9.024746E+01  9.459965E+01  9.665492E+01  2.733284E+00  2.734497E+00  2.819395E+00  2.903867E+00  3.074954E+00  3.420152E+00
  4.107437E+00  5.464283E+00  8.130388E+00  1.322408E+01  2.231289E+01  3.649655E+01  5.416123E+01  7.074499E+01  8.298331E+01  9.061733E+01
  9.480369E+01  9.678062E+01  3.001388E+00  3.002447E+00  3.097715E+00  3.197571E+00  3.390202E+00  3.782564E+00  4.561236E+00  6.098097E+00
  9.100876E+00  1.475467E+01  2.457600E+01  3.923814E+01  5.656291E+01  7.233131E+01  8.390618E+01  9.112527E+01  9.508376E+01  9.695325E+01
  3.421295E+00  3.422846E+00  3.536145E+00  3.653564E+00  3.883943E+00  4.355239E+00  5.280393E+00  7.106231E+00  1.062751E+01  1.711534E+01
  2.791387E+01  4.299177E+01  5.963121E+01  7.432047E+01  8.506170E+01  9.176133E+01  9.543484E+01  9.716982E+01  4.084230E+00  4.085225E+00
  4.231972E+00  4.383293E+00  4.677816E+00  5.277372E+00  6.457456E+00  8.755393E+00  1.309685E+01  2.079171E+01  3.272555E+01  4.786901E+01
  6.332882E+01  7.667945E+01  8.643283E+01  9.251634E+01  9.585184E+01  9.742725E+01  5.218829E+00  5.219722E+00  5.427916E+00  5.639402E+00
  6.058738E+00  6.899292E+00  8.531650E+00  1.164254E+01  1.731082E+01  2.664083E+01  3.953300E+01  5.387387E+01  6.759315E+01  7.938505E+01
  8.800536E+01  9.338291E+01  9.633090E+01  9.772330E+01  7.480878E+00  7.485587E+00  7.827736E+00  8.171434E+00  8.848248E+00  1.018909E+01
  1.274115E+01  1.736979E+01  2.511151E+01  3.612467E+01  4.866092E+01  6.085450E+01  7.241053E+01  8.244103E+01  8.978174E+01  9.436192E+01
  9.687251E+01  9.805847E+01  1.373407E+01  1.373999E+01  1.446082E+01  1.518296E+01  1.656685E+01  1.918141E+01  2.380050E+01  3.109435E+01
  4.065636E+01  5.054519E+01  5.961678E+01  6.876098E+01  7.790520E+01  8.593645E+01  9.181504E+01  9.548330E+01  9.749352E+01  9.844341E+01
  2.442511E+00  2.440400E+00  2.514850E+00  2.587119E+00  2.734620E+00  3.029203E+00  3.619024E+00  4.792293E+00  7.113267E+00  1.161997E+01
  1.988038E+01  3.341611E+01  5.129686E+01  6.883185E+01  8.188953E+01  9.000694E+01  9.444790E+01  9.652571E+01  2.472779E+00  2.470769E+00
  2.547474E+00  2.620606E+00  2.770221E+00  3.070939E+00  3.670134E+00  4.860995E+00  7.220066E+00  1.179278E+01  2.014688E+01  3.376723E+01
  5.163680E+01  6.906593E+01  8.202582E+01  9.008199E+01  9.448940E+01  9.655153E+01  2.566195E+00  2.563818E+00  2.641871E+00  2.721454E+00
  2.878302E+00  3.194539E+00  3.828172E+00  5.082487E+00  7.556026E+00  1.233152E+01  2.097152E+01  3.484177E+01  5.266008E+01  6.976411E+01
  8.243226E+01  9.030555E+01  9.461303E+01  9.662850E+01  2.733284E+00  2.732420E+00  2.819280E+00  2.903454E+00  3.076124E+00  3.423662E+00
  4.114761E+00  5.480381E+00  8.164492E+00  1.329878E+01  2.244451E+01  3.670247E+01  5.437072E+01  7.091312E+01  8.309985E+01  9.067322E+01
  9.481651E+01  9.675513E+01  3.001388E+00  2.999335E+00  3.097517E+00  3.197124E+00  3.392177E+00  3.785864E+00  4.570610E+00  6.118986E+00
  9.141739E+00  1.484303E+01  2.472428E+01  3.945111E+01  5.676591E+01  7.248951E+01  8.401668E+01  9.117791E+01  9.509579E+01  9.692907E+01
  3.421295E+00  3.418545E+00  3.535939E+00  3.653556E+00  3.886781E+00  4.360348E+00  5.293794E+00  7.134343E+00  1.068116E+01  1.722446E+01
  2.808344E+01  4.321075E+01  5.982288E+01  7.446724E+01  8.516449E+01  9.181005E+01  9.544595E+01  9.714727E+01  4.084230E+00  4.080479E+00
  4.232352E+00  4.384091E+00  4.682300E+00  5.286044E+00  6.476701E+00  8.795638E+00  1.317301E+01  2.093127E+01  3.291918E+01  4.808492E+01
  6.350529E+01  7.681287E+01  8.652713E+01  9.256055E+01  9.586185E+01  9.740673E+01  5.218829E+00  5.215678E+00  5.429137E+00  5.641475E+00
  6.067407E+00  6.915778E+00  8.564146E+00  1.170722E+01  1.742281E+01  2.682149E+01  3.974340E+01  5.407263E+01  6.775030E+01  7.950422E+01
  8.809019E+01  9.342211E+01  9.633987E+01  9.770522E+01  7.480878E+00  7.476038E+00  7.829743E+00  8.176469E+00  8.865383E+00  1.021998E+01
  1.279834E+01  1.747880E+01  2.527850E+01  3.634108E+01  4.885683E+01  6.102528E+01  7.254564E+01  8.254430E+01  8.985586E+01  9.439611E+01
  9.688042E+01  9.804325E+01  1.373407E+01  1.372826E+01  1.446692E+01  1.519477E+01  1.660104E+01  1.924879E+01  2.391507E+01  3.126807E+01
  4.085419E+01  5.072972E+01  5.977061E+01  6.889859E+01  7.801897E+01  8.602123E+01  9.187595E+01  9.551185E+01  9.750034E+01  9.843150E+01
  2.442511E+00  2.443421E+00  2.515342E+00  2.587912E+00  2.735771E+00  3.032986E+00  3.625212E+00  4.801928E+00  7.134705E+00  1.167100E+01
  1.997970E+01  3.358093E+01  5.149868E+01  6.900995E+01  8.199648E+01  9.006369E+01  9.445982E+01  9.649631E+01  2.472779E+00  2.473647E+00
  2.548189E+00  2.621622E+00  2.771438E+00  3.074213E+00  3.675716E+00  4.870627E+00  7.242290E+00  1.184545E+01  2.024780E+01  3.393359E+01
  5.183777E+01  6.924286E+01  8.213187E+01  9.013831E+01  9.450123E+01  9.652233E+01  2.566195E+00  2.567632E+00  2.642793E+00  2.722479E+00
  2.879857E+00  3.198273E+00  3.834707E+00  5.092782E+00  7.580645E+00  1.238773E+01  2.107917E+01  3.501309E+01  5.286049E+01  6.993720E+01
  8.253568E+01  9.036053E+01  9.462455E+01  9.659989E+01  2.733284E+00  2.735047E+00  2.820149E+00  2.904445E+00  3.078122E+00  3.427729E+00
  4.122146E+00  5.493540E+00  8.193659E+00  1.336440E+01  2.256164E+01  3.688040E+01  5.456713E+01  7.107988E+01  8.319907E+01  9.072607E+01
  9.482751E+01  9.672754E+01  3.001388E+00  3.002452E+00  3.098762E+00  3.198439E+00  3.394168E+00  3.791072E+00  4.580261E+00  6.136786E+00
  9.176685E+00  1.492012E+01  2.485734E+01  3.963786E+01  5.695602E+01  7.264748E+01  8.411015E+01  9.122770E+01  9.510615E+01  9.690286E+01
  3.421295E+00  3.423130E+00  3.537009E+00  3.655469E+00  3.889796E+00  4.368193E+00  5.306283E+00  7.157304E+00  1.072930E+01  1.732204E+01
  2.823714E+01  4.340168E+01  6.000197E+01  7.461404E+01  8.525066E+01  9.185606E+01  9.545547E+01  9.712285E+01  4.084230E+00  4.087233E+00
  4.234473E+00  4.386019E+00  4.687082E+00  5.296846E+00  6.495234E+00  8.830129E+00  1.324167E+01  2.105637E+01  3.309546E+01  4.827379E+01
  6.366904E+01  7.694683E+01  8.660472E+01  9.260239E+01  9.587045E+01  9.738448E+01  5.218829E+00  5.221250E+00  5.432090E+00  5.646785E+00
  6.076164E+00  6.933570E+00  8.596892E+00  1.176529E+01  1.752560E+01  2.698515E+01  3.993370E+01  5.424871E+01  6.789555E+01  7.962359E+01
  8.815854E+01  9.345924E+01  9.634763E+01  9.768549E+01  7.480878E+00  7.487049E+00  7.835342E+00  8.186842E+00  8.880894E+00  1.025446E+01
  1.285839E+01  1.758034E+01  2.543401E+01  3.653891E+01  4.903569E+01  6.117339E+01  7.266959E+01  8.264800E+01  8.991461E+01  9.442822E+01
  9.688737E+01  9.802655E+01  1.373407E+01  1.374451E+01  1.447974E+01  1.521575E+01  1.664091E+01  1.932070E+01  2.403260E+01  3.142910E+01
  4.102945E+01  5.088178E+01  5.989560E+01  6.901861E+01  7.812222E+01  8.610577E+01  9.192451E+01  9.553845E+01  9.750645E+01  9.841837E+01
  2.442511E+00  2.440785E+00  2.516079E+00  2.588481E+00  2.737602E+00  3.035128E+00  3.630878E+00  4.812212E+00  7.159312E+00  1.171883E+01
  2.006576E+01  3.373005E+01  5.171257E+01  6.918098E+01  8.210928E+01  9.011979E+01  9.446893E+01  9.646405E+01  2.472779E+00  2.470848E+00
  2.548845E+00  2.622090E+00  2.773867E+00  3.076532E+00  3.681389E+00  4.881842E+00  7.269022E+00  1.189398E+01  2.033579E+01  3.408486E+01
  5.205161E+01  6.941247E+01  8.224388E+01  9.019398E+01  9.451025E+01  9.649030E+01  2.566195E+00  2.563708E+00  2.643435E+00  2.723505E+00
  2.881862E+00  3.201010E+00  3.840667E+00  5.105063E+00  7.608929E+00  1.244036E+01  2.117238E+01  3.516856E+01  5.307258E+01  7.010332E+01
  8.264514E+01  9.041493E+01  9.463332E+01  9.656854E+01  2.733284E+00  2.731572E+00  2.820716E+00  2.905234E+00  3.080241E+00  3.431091E+00
  4.129263E+00  5.508127E+00  8.226274E+00  1.342380E+01  2.266608E+01  3.704413E+01  5.477602E+01  7.123997E+01  8.330438E+01  9.077837E+01
  9.483590E+01  9.669730E+01  3.001388E+00  2.998118E+00  3.100349E+00  3.200156E+00  3.396826E+00  3.795556E+00  4.589404E+00  6.154419E+00
  9.217531E+00  1.499263E+01  2.497720E+01  3.980840E+01  5.715855E+01  7.279878E+01  8.420977E+01  9.127721E+01  9.511396E+01  9.687417E+01
  3.421295E+00  3.418337E+00  3.538482E+00  3.657170E+00  3.893542E+00  4.373636E+00  5.320102E+00  7.182795E+00  1.078523E+01  1.741335E+01
  2.837719E+01  4.357725E+01  6.019417E+01  7.475452E+01  8.534350E+01  9.190207E+01  9.546270E+01  9.709609E+01  4.084230E+00  4.079005E+00
  4.235899E+00  4.389246E+00  4.692990E+00  5.305217E+00  6.515605E+00  8.866990E+00  1.331661E+01  2.117686E+01  3.325591E+01  4.844735E+01
  6.384557E+01  7.707513E+01  8.668915E+01  9.264416E+01  9.587695E+01  9.736008E+01  5.218829E+00  5.209526E+00  5.434480E+00  5.651362E+00
  6.085825E+00  6.948885E+00  8.629562E+00  1.182595E+01  1.763852E+01  2.714375E+01  4.010747E+01  5.440755E+01  6.805447E+01  7.973799E+01
  8.823398E+01  9.349670E+01  9.635353E+01  9.766399E+01  7.480878E+00  7.476863E+00  7.840702E+00  8.194633E+00  8.899027E+00  1.028876E+01
  1.291992E+01  1.768777E+01  2.559960E+01  3.672785E+01  4.919385E+01  6.130739E+01  7.280795E+01  8.274685E+01  8.998005E+01  9.446079E+01
  9.689268E+01  9.800834E+01  1.373407E+01  1.372911E+01  1.449203E+01  1.523610E+01  1.668365E+01  1.939086E+01  2.414838E+01  3.159348E+01
  4.122197E+01  5.102465E+01  6.001715E+01  6.913004E+01  7.824066E+01  8.618778E+01  9.197887E+01  9.556509E+01  9.751122E+01  9.840414E+01
  2.442511E+00  2.441667E+00  2.515237E+00  2.588248E+00  2.736586E+00  3.034027E+00  3.627762E+00  4.808034E+00  7.146378E+00  1.169729E+01
  2.002770E+01  3.365419E+01  5.161342E+01  6.909924E+01  8.205141E+01  9.007295E+01  9.442441E+01  9.640611E+01  2.472779E+00  2.471922E+00
  2.547797E+00  2.621491E+00  2.772757E+00  3.075236E+00  3.678142E+00  4.877659E+00  7.255150E+00  1.187260E+01  2.029653E+01  3.400828E+01
  5.195257E+01  6.933143E+01  8.218636E+01  9.014745E+01  9.446601E+01  9.643277E+01  2.566195E+00  2.565759E+00  2.642509E+00  2.723061E+00
  2.880498E+00  3.199626E+00  3.837246E+00  5.100088E+00  7.594397E+00  1.241702E+01  2.113120E+01  3.509021E+01  5.297464E+01  7.002389E+01
  8.258893E+01  9.036934E+01  9.459000E+01  9.651223E+01  2.733284E+00  2.734236E+00  2.820106E+00  2.905096E+00  3.078956E+00  3.429257E+00
  4.125690E+00  5.501736E+00  8.209315E+00  1.339728E+01  2.261960E+01  3.696128E+01  5.467920E+01  7.116328E+01  8.325027E+01  9.073436E+01
  9.479409E+01  9.664299E+01  3.001388E+00  2.999817E+00  3.098811E+00  3.199350E+00  3.395339E+00  3.793199E+00  4.584611E+00  6.147489E+00
  9.196931E+00  1.496060E+01  2.492394E+01  3.972280E+01  5.706490E+01  7.272602E+01  8.415861E+01  9.123530E+01  9.507425E+01  9.682265E+01
  3.421295E+00  3.421366E+00  3.537416E+00  3.656388E+00  3.891618E+00  4.371009E+00  5.313570E+00  7.172503E+00  1.075902E+01  1.737302E+01
  2.831452E+01  4.348974E+01  6.010514E+01  7.468709E+01  8.529582E+01  9.186288E+01  9.542555E+01  9.704809E+01  4.084230E+00  4.084290E+00
  4.233886E+00  4.388566E+00  4.690390E+00  5.301285E+00  6.505649E+00  8.851399E+00  1.328190E+01  2.112428E+01  3.318463E+01  4.836126E+01
  6.376366E+01  7.701344E+01  8.664592E+01  9.260834E+01  9.584305E+01  9.731626E+01  5.218829E+00  5.217345E+00  5.432219E+00  5.649892E+00
  6.080315E+00  6.941554E+00  8.614134E+00  1.180193E+01  1.758483E+01  2.707365E+01  4.003185E+01  5.432793E+01  6.798075E+01  7.968274E+01
  8.819563E+01  9.346442E+01  9.632312E+01  9.762496E+01  7.480878E+00  7.480026E+00  7.836843E+00  8.191660E+00  8.890968E+00  1.027323E+01
  1.289066E+01  1.764352E+01  2.552226E+01  3.664663E+01  4.912571E+01  6.123991E+01  7.274368E+01  8.269987E+01  8.994695E+01  9.443272E+01
  9.686647E+01  9.797496E+01  1.373407E+01  1.373198E+01  1.448357E+01  1.522911E+01  1.666269E+01  1.936082E+01  2.409688E+01  3.152602E+01
  4.113303E+01  5.096201E+01  5.995700E+01  6.907465E+01  7.818501E+01  8.614835E+01  9.195183E+01  9.554221E+01  9.749001E+01  9.837700E+01
  2.442511E+00  2.438059E+00  2.515131E+00  2.587384E+00  2.735167E+00  3.030272E+00  3.619365E+00  4.795700E+00  7.119698E+00  1.162679E+01
  1.989703E+01  3.346360E+01  5.135313E+01  6.887850E+01  8.189817E+01  8.997179E+01  9.434911E+01  9.633127E+01  2.472779E+00  2.469031E+00
  2.547788E+00  2.620879E+00  2.770749E+00  3.071820E+00  3.670515E+00  4.864371E+00  7.226377E+00  1.180016E+01  2.016270E+01  3.381567E+01
  5.169259E+01  6.911225E+01  8.203433E+01  9.004700E+01  9.439120E+01  9.635845E+01  2.566195E+00  2.561458E+00  2.642531E+00  2.721839E+00
  2.878823E+00  3.195766E+00  3.828680E+00  5.085905E+00  7.563618E+00  1.233943E+01  2.098998E+01  3.489098E+01  5.271583E+01  6.980954E+01
  8.244022E+01  9.027107E+01  9.451685E+01  9.643948E+01  2.733284E+00  2.728902E+00  2.820031E+00  2.903787E+00  3.077395E+00  3.424667E+00
  4.115499E+00  5.484776E+00  8.173317E+00  1.330902E+01  2.246579E+01  3.675473E+01  5.442533E+01  7.095675E+01  8.310718E+01  9.063956E+01
  9.472353E+01  9.657286E+01  3.001388E+00  2.995740E+00  3.098382E+00  3.197650E+00  3.393422E+00  3.787913E+00  4.572204E+00  6.125134E+00
  9.153425E+00  1.485690E+01  2.475021E+01  3.950665E+01  5.681894E+01  7.253095E+01  8.402303E+01  9.114558E+01  9.500733E+01  9.675611E+01
  3.421295E+00  3.417176E+00  3.536862E+00  3.654413E+00  3.887985E+00  4.362715E+00  5.295474E+00  7.142039E+00  1.069686E+01  1.724442E+01
  2.811512E+01  4.326830E+01  5.987278E+01  7.450559E+01  8.516976E+01  9.177938E+01  9.536314E+01  9.698605E+01  4.084230E+00  4.076813E+00
  4.233412E+00  4.385088E+00  4.684639E+00  5.289463E+00  6.480281E+00  8.807937E+00  1.319566E+01  2.095999E+01  3.295814E+01  4.814266E+01
  6.355134E+01  7.684802E+01  8.653126E+01  9.253207E+01  9.578604E+01  9.725967E+01  5.218829E+00  5.209496E+00  5.430837E+00  5.642761E+00
  6.070807E+00  6.921637E+00  8.572257E+00  1.172723E+01  1.745568E+01  2.686279E+01  3.978583E+01  5.412882E+01  6.779105E+01  7.953541E+01
  8.809336E+01  9.339629E+01  9.627225E+01  9.757458E+01  7.480878E+00  7.466686E+00  7.832463E+00  8.180041E+00  8.871436E+00  1.023047E+01
  1.281460E+01  1.751368E+01  2.532897E+01  3.639396E+01  4.889547E+01  6.107265E+01  7.258080E+01  8.257177E+01  8.985849E+01  9.437376E+01
  9.682232E+01  9.793150E+01  1.373407E+01  1.371473E+01  1.447173E+01  1.520154E+01  1.661794E+01  1.927218E+01  2.394681E+01  3.132506E+01
  4.091332E+01  5.076566E+01  5.979244E+01  6.893896E+01  7.804813E+01  8.604449E+01  9.187830E+01  9.549366E+01  9.745392E+01  9.834186E+01
  2.442511E+00  2.440988E+00  2.514550E+00  2.586523E+00  2.732428E+00  3.026577E+00  3.613424E+00  4.778786E+00  7.087122E+00  1.155725E+01
  1.976600E+01  3.322599E+01  5.107996E+01  6.864031E+01  8.173289E+01  8.986709E+01  9.427626E+01  9.625992E+01  2.472779E+00  2.471731E+00
  2.546929E+00  2.620231E+00  2.768160E+00  3.068387E+00  3.664400E+00  4.847390E+00  7.193270E+00  1.172933E+01  2.002990E+01  3.357500E+01
  5.142023E+01  6.887582E+01  8.187038E+01  8.994303E+01  9.431896E+01  9.628762E+01  2.566195E+00  2.564386E+00  2.641540E+00  2.720981E+00
  2.876022E+00  3.191318E+00  3.821298E+00  5.068283E+00  7.526545E+00  1.226385E+01  2.084906E+01  3.464494E+01  5.244545E+01  6.957792E+01
  8.227905E+01  9.016946E+01  9.444613E+01  9.637017E+01  2.733284E+00  2.733717E+00  2.818878E+00  2.903030E+00  3.073920E+00  3.419396E+00
  4.107091E+00  5.464193E+00  8.130469E+00  1.322396E+01  2.231148E+01  3.650008E+01  5.415944E+01  7.073242E+01  8.295232E+01  9.054153E+01
  9.465539E+01  9.650606E+01  3.001388E+00  2.999017E+00  3.097029E+00  3.196417E+00  3.389615E+00  3.781621E+00  4.560896E+00  6.098399E+00
  9.102110E+00  1.475619E+01  2.457571E+01  3.924221E+01  5.656084E+01  7.231893E+01  8.387621E+01  9.105264E+01  9.494267E+01  9.669274E+01
  3.421295E+00  3.420035E+00  3.535316E+00  3.652404E+00  3.883108E+00  4.354552E+00  5.281084E+00  7.107175E+00  1.062967E+01  1.711914E+01
  2.791623E+01  4.299785E+01  5.962885E+01  7.430812E+01  8.503322E+01  9.169284E+01  9.530301E+01  9.692700E+01  4.084230E+00  4.080618E+00
  4.231158E+00  4.381870E+00  4.676785E+00  5.277044E+00  6.458318E+00  8.758312E+00  1.310152E+01  2.079805E+01  3.272992E+01  4.787560E+01
  6.332635E+01  7.666772E+01  8.640625E+01  9.245294E+01  9.573112E+01  9.720573E+01  5.218829E+00  5.217867E+00  5.427225E+00  5.638163E+00
  6.058127E+00  6.899103E+00  8.533594E+00  1.164793E+01  1.732012E+01  2.665242E+01  3.953949E+01  5.388114E+01  6.759052E+01  7.937380E+01
  8.798149E+01  9.332574E+01  9.622323E+01  9.752657E+01  7.480878E+00  7.480672E+00  7.826359E+00  8.170417E+00  8.849251E+00  1.018998E+01
  1.274486E+01  1.737897E+01  2.512735E+01  3.614100E+01  4.866695E+01  6.086112E+01  7.240733E+01  8.243088E+01  8.976073E+01  9.431228E+01
  9.678008E+01  9.789005E+01  1.373407E+01  1.372813E+01  1.445894E+01  1.518187E+01  1.656599E+01  1.918391E+01  2.380865E+01  3.111136E+01
  4.067721E+01  5.056453E+01  5.962048E+01  6.876615E+01  7.790239E+01  8.592801E+01  9.179799E+01  9.544308E+01  9.741887E+01  9.830798E+01
  2.442511E+00  2.441741E+00  2.514218E+00  2.585848E+00  2.730732E+00  3.022317E+00  3.606125E+00  4.764667E+00  7.057350E+00  1.148634E+01
  1.964289E+01  3.300585E+01  5.079834E+01  6.839281E+01  8.156750E+01  8.976214E+01  9.419917E+01  9.619019E+01  2.472779E+00  2.471102E+00
  2.546767E+00  2.619440E+00  2.767148E+00  3.063191E+00  3.656391E+00  4.833606E+00  7.162904E+00  1.165636E+01  1.990476E+01  3.335265E+01
  5.113938E+01  6.862988E+01  8.170628E+01  8.983884E+01  9.424245E+01  9.621838E+01  2.566195E+00  2.564849E+00  2.641399E+00  2.719924E+00
  2.874694E+00  3.186390E+00  3.813360E+00  5.053505E+00  7.492815E+00  1.218615E+01  2.071732E+01  3.441809E+01  5.216606E+01  6.933705E+01
  8.211855E+01  9.006759E+01  9.437121E+01  9.630240E+01  2.733284E+00  2.732384E+00  2.818278E+00  2.901668E+00  3.072325E+00  3.413231E+00
  4.098854E+00  5.445127E+00  8.093180E+00  1.313678E+01  2.216689E+01  3.626468E+01  5.388465E+01  7.050002E+01  8.279795E+01  9.044347E+01
  9.458317E+01  9.644069E+01  3.001388E+00  2.999554E+00  3.096631E+00  3.194996E+00  3.387914E+00  3.775535E+00  4.548091E+00  6.076512E+00
  9.055182E+00  1.465168E+01  2.441141E+01  3.899688E+01  5.629460E+01  7.209856E+01  8.373009E+01  9.095972E+01  9.487421E+01  9.663075E+01
  3.421295E+00  3.421358E+00  3.534716E+00  3.650403E+00  3.879595E+00  4.344685E+00  5.263217E+00  7.077615E+00  1.056702E+01  1.699051E+01
  2.772761E+01  4.274583E+01  5.937701E+01  7.410258E+01  8.489718E+01  9.160651E+01  9.523907E+01  9.686923E+01  4.084230E+00  4.082499E+00
  4.230138E+00  4.378945E+00  4.671694E+00  5.263514E+00  6.434468E+00  8.713827E+00  1.301361E+01  2.063267E+01  3.251358E+01  4.762737E+01
  6.309478E+01  7.648032E+01  8.628265E+01  9.237444E+01  9.567271E+01  9.715301E+01  5.218829E+00  5.216279E+00  5.425656E+00  5.632516E+00
  6.048856E+00  6.876738E+00  8.494649E+00  1.157390E+01  1.718822E+01  2.643966E+01  3.930462E+01  5.365152E+01  6.738444E+01  7.920535E+01
  8.787134E+01  9.325600E+01  9.617117E+01  9.747955E+01  7.480878E+00  7.480303E+00  7.821273E+00  8.160016E+00  8.828101E+00  1.014937E+01
  1.267025E+01  1.725327E+01  2.493113E+01  3.588619E+01  4.844890E+01  6.066705E+01  7.222702E+01  8.228443E+01  8.966535E+01  9.425189E+01
  9.673483E+01  9.784940E+01  1.373407E+01  1.373591E+01  1.444623E+01  1.515324E+01  1.652307E+01  1.909305E+01  2.366547E+01  3.090520E+01
  4.045101E+01  5.035491E+01  5.946548E+01  6.860688E+01  7.775647E+01  8.580584E+01  9.171938E+01  9.539384E+01  9.738181E+01  9.827478E+01
  4.485456E+00  4.474904E+00  4.773964E+00  4.909794E+00  5.343405E+00  6.256805E+00  7.882504E+00  1.083492E+01  1.574307E+01  2.371618E+01
  3.539277E+01  5.001981E+01  6.555082E+01  7.866617E+01  8.790781E+01  9.350721E+01  9.661847E+01  9.824570E+01  4.485456E+00  4.366042E+00
  4.760791E+00  4.920387E+00  5.299734E+00  6.222183E+00  7.729030E+00  1.055081E+01  1.531874E+01  2.318510E+01  3.473899E+01  4.923196E+01
  6.479247E+01  7.808929E+01  8.752454E+01  9.328282E+01  9.648089E+01  9.813911E+01  4.485456E+00  4.458241E+00  4.767386E+00  4.920410E+00
  5.286540E+00  6.226290E+00  7.721296E+00  1.052812E+01  1.522768E+01  2.293130E+01  3.440469E+01  4.887865E+01  6.444371E+01  7.785267E+01
  8.735871E+01  9.318369E+01  9.641051E+01  9.807223E+01  4.485456E+00  4.491966E+00  4.762452E+00  4.890216E+00  5.286941E+00  6.209766E+00
  7.684127E+00  1.044918E+01  1.517129E+01  2.280267E+01  3.426247E+01  4.866641E+01  6.422798E+01  7.767830E+01  8.724580E+01  9.310814E+01
  9.635559E+01  9.801257E+01  4.485456E+00  4.455268E+00  4.736001E+00  4.912238E+00  5.278890E+00  6.232183E+00  7.667552E+00  1.043262E+01
  1.509658E+01  2.269038E+01  3.406966E+01  4.847855E+01  6.402615E+01  7.753561E+01  8.714998E+01  9.304263E+01  9.630562E+01  9.795558E+01
  4.485456E+00  4.469826E+00  4.738853E+00  4.910459E+00  5.268985E+00  6.213356E+00  7.662800E+00  1.038486E+01  1.500850E+01  2.256971E+01
  3.383677E+01  4.819369E+01  6.379810E+01  7.733997E+01  8.702520E+01  9.296485E+01  9.624801E+01  9.789545E+01  4.485456E+00  4.492202E+00
  4.759659E+00  4.850542E+00  5.257792E+00  6.169881E+00  7.584907E+00  1.031072E+01  1.491080E+01  2.232226E+01  3.359525E+01  4.792652E+01
  6.352805E+01  7.712293E+01  8.687418E+01  9.287208E+01  9.618111E+01  9.782813E+01  4.485456E+00  4.520639E+00  4.734541E+00  4.872335E+00
  5.223738E+00  6.146538E+00  7.587898E+00  1.024141E+01  1.473612E+01  2.217146E+01  3.337046E+01  4.760882E+01  6.318111E+01  7.688747E+01
  8.671049E+01  9.277271E+01  9.611122E+01  9.776257E+01  4.485456E+00  4.499590E+00  4.694719E+00  4.832003E+00  5.222569E+00  5.982190E+00
  7.370007E+00  9.794459E+00  1.408710E+01  2.124242E+01  3.199676E+01  4.607588E+01  6.167636E+01  7.568105E+01  8.591547E+01  9.230387E+01
  9.584309E+01  9.758968E+01  4.485456E+00  4.490146E+00  4.685586E+00  4.845560E+00  5.208835E+00  5.953500E+00  7.282287E+00  9.606105E+00
  1.390652E+01  2.094454E+01  3.151525E+01  4.551711E+01  6.115775E+01  7.524864E+01  8.562917E+01  9.212366E+01  9.572857E+01  9.749921E+01
  4.485456E+00  4.475298E+00  4.679780E+00  4.837850E+00  5.132424E+00  5.903293E+00  7.221209E+00  9.508932E+00  1.369444E+01  2.046960E+01
  3.105457E+01  4.491116E+01  6.057597E+01  7.477077E+01  8.531288E+01  9.192899E+01  9.560180E+01  9.740593E+01  4.485456E+00  4.500504E+00
  4.680553E+00  4.836617E+00  5.155761E+00  5.856130E+00  7.162446E+00  9.454049E+00  1.354995E+01  2.035364E+01  3.087484E+01  4.472039E+01
  6.033022E+01  7.458804E+01  8.517478E+01  9.184750E+01  9.554162E+01  9.734685E+01  4.485456E+00  4.468092E+00  4.682072E+00  4.816401E+00
  5.162045E+00  5.897388E+00  7.183888E+00  9.481400E+00  1.363782E+01  2.048699E+01  3.103399E+01  4.490284E+01  6.055612E+01  7.475101E+01
  8.529526E+01  9.190198E+01  9.555808E+01  9.733091E+01  4.485456E+00  4.496880E+00  4.680174E+00  4.840618E+00  5.181968E+00  5.910542E+00
  7.255794E+00  9.531748E+00  1.375142E+01  2.064757E+01  3.117427E+01  4.512461E+01  6.075329E+01  7.491596E+01  8.538779E+01  9.195843E+01
  9.557367E+01  9.731213E+01  4.485456E+00  4.511651E+00  4.686689E+00  4.846724E+00  5.190808E+00  5.920043E+00  7.244676E+00  9.581523E+00
  1.382437E+01  2.077680E+01  3.134113E+01  4.532086E+01  6.094710E+01  7.506804E+01  8.549428E+01  9.200957E+01  9.558675E+01  9.729267E+01
  4.485456E+00  4.481624E+00  4.686337E+00  4.876364E+00  5.198194E+00  5.954017E+00  7.278558E+00  9.602268E+00  1.390139E+01  2.093119E+01
  3.147948E+01  4.547822E+01  6.113404E+01  7.521820E+01  8.558892E+01  9.205999E+01  9.560043E+01  9.727225E+01  4.485456E+00  4.472075E+00
  4.671109E+00  4.850170E+00  5.185999E+00  5.939428E+00  7.331521E+00  9.671416E+00  1.395526E+01  2.100120E+01  3.169398E+01  4.566579E+01
  6.131744E+01  7.536940E+01  8.568609E+01  9.210735E+01  9.561205E+01  9.725101E+01  4.485456E+00  4.494669E+00  4.694382E+00  4.857970E+00
  5.202902E+00  5.953719E+00  7.322036E+00  9.713261E+00  1.399313E+01  2.111114E+01  3.185517E+01  4.582536E+01  6.147120E+01  7.551463E+01
  8.577293E+01  9.215227E+01  9.562071E+01  9.722743E+01  4.485456E+00  4.474967E+00  4.722207E+00  4.848722E+00  5.230384E+00  5.983977E+00
  7.345133E+00  9.761468E+00  1.408417E+01  2.121080E+01  3.196239E+01  4.605093E+01  6.165884E+01  7.564581E+01  8.585997E+01  9.219527E+01
  9.562760E+01  9.720059E+01  4.485456E+00  4.487259E+00  4.671950E+00  4.855705E+00  5.223807E+00  5.961759E+00  7.332377E+00  9.774165E+00
  1.404025E+01  2.116670E+01  3.194505E+01  4.594603E+01  6.156221E+01  7.558121E+01  8.581551E+01  9.215829E+01  9.559223E+01  9.715535E+01
  4.485456E+00  4.475203E+00  4.694140E+00  4.850340E+00  5.217629E+00  5.945870E+00  7.335775E+00  9.703671E+00  1.394676E+01  2.101654E+01
  3.174402E+01  4.573154E+01  6.136087E+01  7.540329E+01  8.569167E+01  9.208231E+01  9.553317E+01  9.709495E+01  4.485456E+00  4.484918E+00
  4.666527E+00  4.869520E+00  5.175880E+00  5.950702E+00  7.282002E+00  9.602407E+00  1.390462E+01  2.093562E+01  3.149623E+01  4.549269E+01
  6.113331E+01  7.520677E+01  8.556032E+01  9.199649E+01  9.547320E+01  9.703797E+01  4.485456E+00  4.474112E+00  4.660472E+00  4.844064E+00
  5.187719E+00  5.895760E+00  7.271287E+00  9.570349E+00  1.381404E+01  2.073979E+01  3.130941E+01  4.527317E+01  6.089690E+01  7.501229E+01
  8.542940E+01  9.191566E+01  9.540656E+01  9.698158E+01
