  6.387063E-01
          18 10.0000000
 -2.000000E+01 -1.000000E+01 -2.107210E+00 -1.806180E+00 -1.505150E+00 -1.204120E+00 -9.030900E-01 -6.020600E-01 -3.010300E-01  0.000000E+00
  3.010300E-01  6.020600E-01  9.030900E-01  1.204120E+00  1.505150E+00  1.806180E+00  2.107210E+00  2.408240E+00
          10 10.0000000
  0.000000E+00  1.000000E+01  2.000000E+01  3.000000E+01  4.000000E+01  5.000000E+01  6.000000E+01  7.000000E+01  8.000000E+01  8.900000E+01
          20  2.0000000
  1.000000E+00  3.000000E+00  5.000000E+00  7.000000E+00  9.000000E+00  1.100000E+01  1.300000E+01  1.500000E+01  1.700000E+01  1.900000E+01
  2.100000E+01  2.300000E+01  2.500000E+01  2.700000E+01  2.900000E+01  3.100000E+01  3.300000E+01  3.500000E+01  3.700000E+01  3.900000E+01
  2.575501E+00  2.575269E+00  2.636202E+00  2.688564E+00  2.804426E+00  3.057910E+00  3.496507E+00  4.409114E+00  6.363710E+00  1.023344E+01
  1.804714E+01  3.166999E+01  5.019749E+01  6.812429E+01  8.153686E+01  8.993532E+01  9.474199E+01  9.730953E+01  2.614648E+00  2.615693E+00
  2.676149E+00  2.730018E+00  2.846176E+00  3.109502E+00  3.562539E+00  4.497992E+00  6.504384E+00  1.047040E+01  1.843803E+01  3.218114E+01
  5.065371E+01  6.842461E+01  8.171355E+01  9.003005E+01  9.479144E+01  9.733492E+01  2.736601E+00  2.736961E+00  2.803221E+00  2.861681E+00
  2.988022E+00  3.268677E+00  3.759929E+00  4.782399E+00  6.955925E+00  1.124133E+01  1.970570E+01  3.377076E+01  5.203190E+01  6.931969E+01
  8.223299E+01  9.031328E+01  9.494010E+01  9.741071E+01  2.959868E+00  2.961054E+00  3.039943E+00  3.107971E+00  3.254309E+00  3.560781E+00
  4.142844E+00  5.338490E+00  7.827236E+00  1.269479E+01  2.199039E+01  3.649801E+01  5.429677E+01  7.078980E+01  8.308776E+01  9.077764E+01
  9.518268E+01  9.753503E+01  3.331367E+00  3.332596E+00  3.424840E+00  3.512185E+00  3.693180E+00  4.065986E+00  4.810189E+00  6.283197E+00
  9.363145E+00  1.516860E+01  2.553799E+01  4.046085E+01  5.742789E+01  7.280376E+01  8.425687E+01  9.141315E+01  9.551517E+01  9.770525E+01
  3.945428E+00  3.946476E+00  4.076045E+00  4.194108E+00  4.439887E+00  4.952519E+00  5.968865E+00  7.973345E+00  1.202005E+01  1.925293E+01
  3.091137E+01  4.571003E+01  6.136325E+01  7.532696E+01  8.572034E+01  9.220899E+01  9.593179E+01  9.791833E+01  5.008664E+00  5.011732E+00
  5.213445E+00  5.404129E+00  5.792875E+00  6.612366E+00  8.152834E+00  1.114930E+01  1.681425E+01  2.593404E+01  3.844274E+01  5.224767E+01
  6.605452E+01  7.832212E+01  8.745763E+01  9.315585E+01  9.642609E+01  9.817133E+01  7.150743E+00  7.153325E+00  7.529573E+00  7.885222E+00
  8.609565E+00  1.006779E+01  1.280368E+01  1.771468E+01  2.587204E+01  3.655712E+01  4.823418E+01  5.990051E+01  7.148125E+01  8.178423E+01
  8.946878E+01  9.424889E+01  9.699797E+01  9.846400E+01  1.313676E+01  1.314160E+01  1.407394E+01  1.496753E+01  1.669229E+01  1.999976E+01
  2.544062E+01  3.335979E+01  4.272200E+01  5.137791E+01  5.987391E+01  6.869780E+01  7.772801E+01  8.577444E+01  9.178691E+01  9.550755E+01
  9.765630E+01  9.880103E+01  4.948968E+01  4.950599E+01  5.053322E+01  5.125756E+01  5.224663E+01  5.343657E+01  5.533204E+01  5.760833E+01
  6.099265E+01  6.510207E+01  7.023356E+01  7.667530E+01  8.334535E+01  8.935686E+01  9.385086E+01  9.664095E+01  9.824545E+01  9.910258E+01
  2.575501E+00  2.578450E+00  2.618678E+00  2.658049E+00  2.738639E+00  2.911855E+00  3.241820E+00  3.910873E+00  5.271761E+00  8.220151E+00
  1.395790E+01  2.476064E+01  4.165302E+01  6.060826E+01  7.620399E+01  8.672855E+01  9.296521E+01  9.636744E+01  2.614648E+00  2.617199E+00
  2.658208E+00  2.699228E+00  2.778615E+00  2.962436E+00  3.293717E+00  3.985019E+00  5.382178E+00  8.409489E+00  1.426869E+01  2.524250E+01
  4.215895E+01  6.098183E+01  7.643160E+01  8.685554E+01  9.303123E+01  9.640241E+01  2.736601E+00  2.739422E+00  2.782952E+00  2.827322E+00
  2.915131E+00  3.115069E+00  3.469108E+00  4.227190E+00  5.756191E+00  9.025094E+00  1.529593E+01  2.673942E+01  4.370766E+01  6.210332E+01
  7.710823E+01  8.723269E+01  9.323083E+01  9.650581E+01  2.959868E+00  2.964108E+00  3.018252E+00  3.069861E+00  3.172330E+00  3.386733E+00
  3.815667E+00  4.692452E+00  6.463397E+00  1.020823E+01  1.722632E+01  2.937757E+01  4.631903E+01  6.393526E+01  7.821667E+01  8.785070E+01
  9.355942E+01  9.667490E+01  3.331367E+00  3.336605E+00  3.398937E+00  3.466599E+00  3.596334E+00  3.871989E+00  4.402548E+00  5.503645E+00
  7.712288E+00  1.224270E+01  2.037828E+01  3.336458E+01  4.992934E+01  6.644457E+01  7.973355E+01  8.869724E+01  9.400930E+01  9.690657E+01
  3.945428E+00  3.948618E+00  4.041508E+00  4.132622E+00  4.309481E+00  4.692356E+00  5.427797E+00  6.938367E+00  9.888993E+00  1.568211E+01
  2.526187E+01  3.890900E+01  5.455790E+01  6.959086E+01  8.163068E+01  8.975600E+01  9.457098E+01  9.719630E+01  5.008664E+00  5.016796E+00
  5.157611E+00  5.305185E+00  5.592549E+00  6.179756E+00  7.322799E+00  9.613002E+00  1.390509E+01  2.156213E+01  3.267004E+01  4.610522E+01
  6.012998E+01  7.332174E+01  8.388466E+01  9.101311E+01  9.523710E+01  9.754009E+01  7.150743E+00  7.162979E+00  7.432351E+00  7.696183E+00
  8.237741E+00  9.326175E+00  1.136249E+01  1.522441E+01  2.179752E+01  3.168100E+01  4.314643E+01  5.482078E+01  6.655187E+01  7.763322E+01
  8.648631E+01  9.246435E+01  9.600699E+01  9.793743E+01  1.313676E+01  1.315563E+01  1.380749E+01  1.446721E+01  1.573090E+01  1.815416E+01
  2.245455E+01  2.937467E+01  3.834639E+01  4.769917E+01  5.621624E+01  6.484925E+01  7.390424E+01  8.256009E+01  8.945601E+01  9.412244E+01
  9.688555E+01  9.839117E+01  4.948968E+01  4.955562E+01  5.027461E+01  5.086752E+01  5.170715E+01  5.277877E+01  5.437941E+01  5.654044E+01
  5.931382E+01  6.317867E+01  6.784283E+01  7.383355E+01  8.038685E+01  8.692426E+01  9.209274E+01  9.558878E+01  9.765613E+01  9.879308E+01
  2.575501E+00  2.576016E+00  2.610286E+00  2.647748E+00  2.715122E+00  2.846965E+00  3.128835E+00  3.708433E+00  4.898188E+00  7.303395E+00
  1.236473E+01  2.213415E+01  3.823484E+01  5.732660E+01  7.378025E+01  8.520971E+01  9.209317E+01  9.590234E+01  2.614648E+00  2.616966E+00
  2.649490E+00  2.686930E+00  2.755417E+00  2.895083E+00  3.178285E+00  3.779047E+00  4.991724E+00  7.472889E+00  1.266675E+01  2.260716E+01
  3.876237E+01  5.773026E+01  7.403256E+01  8.535004E+01  9.216779E+01  9.594033E+01  2.736601E+00  2.739072E+00  2.772000E+00  2.815422E+00
  2.887369E+00  3.039652E+00  3.352346E+00  3.992852E+00  5.354173E+00  8.046347E+00  1.363937E+01  2.407284E+01  4.036897E+01  5.893802E+01
  7.477811E+01  8.576848E+01  9.239253E+01  9.605679E+01  2.959868E+00  2.961368E+00  3.008498E+00  3.054736E+00  3.141232E+00  3.316652E+00
  3.677640E+00  4.434009E+00  6.016474E+00  9.146686E+00  1.547430E+01  2.669424E+01  4.306870E+01  6.091970E+01  7.599886E+01  8.645835E+01
  9.276104E+01  9.624761E+01  3.331367E+00  3.332854E+00  3.387062E+00  3.447502E+00  3.560340E+00  3.780081E+00  4.246412E+00  5.202137E+00
  7.160046E+00  1.107936E+01  1.851082E+01  3.068531E+01  4.689512E+01  6.363961E+01  7.767254E+01  8.740371E+01  9.326595E+01  9.650887E+01
  3.945428E+00  3.946789E+00  4.028574E+00  4.110495E+00  4.264534E+00  4.581180E+00  5.237481E+00  6.572575E+00  9.258751E+00  1.438101E+01
  2.333064E+01  3.633300E+01  5.178932E+01  6.704792E+01  7.976434E+01  8.858440E+01  9.389787E+01  9.683614E+01  5.008664E+00  5.010617E+00
  5.141165E+00  5.272575E+00  5.533805E+00  6.036950E+00  7.077311E+00  9.145219E+00  1.310332E+01  2.005067E+01  3.071219E+01  4.377147E+01
  5.770657E+01  7.110287E+01  8.225996E+01  8.999106E+01  9.464967E+01  9.722531E+01  7.150743E+00  7.154679E+00  7.409876E+00  7.650515E+00
  8.154582E+00  9.113317E+00  1.101862E+01  1.458836E+01  2.080364E+01  3.009709E+01  4.141667E+01  5.290215E+01  6.457949E+01  7.579326E+01
  8.513651E+01  9.161563E+01  9.551863E+01  9.767556E+01  1.313676E+01  1.314655E+01  1.375887E+01  1.436921E+01  1.556255E+01  1.776985E+01
  2.183489E+01  2.839720E+01  3.722964E+01  4.644927E+01  5.497424E+01  6.342330E+01  7.240813E+01  8.114535E+01  8.842456E+01  9.347022E+01
  9.651062E+01  9.818908E+01  4.948968E+01  4.953022E+01  5.022519E+01  5.070378E+01  5.154329E+01  5.258078E+01  5.408486E+01  5.606939E+01
  5.882075E+01  6.244952E+01  6.703871E+01  7.274439E+01  7.925979E+01  8.581336E+01  9.127698E+01  9.508264E+01  9.737132E+01  9.863749E+01
  2.575501E+00  2.574202E+00  2.611622E+00  2.637362E+00  2.710299E+00  2.827098E+00  3.099212E+00  3.617602E+00  4.732565E+00  6.924334E+00
  1.169264E+01  2.097480E+01  3.646652E+01  5.557616E+01  7.246868E+01  8.436787E+01  9.161075E+01  9.564401E+01  2.614648E+00  2.614705E+00
  2.650755E+00  2.678145E+00  2.749437E+00  2.874696E+00  3.148340E+00  3.691960E+00  4.832982E+00  7.090606E+00  1.198257E+01  2.144026E+01
  3.700018E+01  5.599568E+01  7.273081E+01  8.451535E+01  9.168827E+01  9.568362E+01  2.736601E+00  2.736243E+00  2.773295E+00  2.805235E+00
  2.880497E+00  3.015843E+00  3.325149E+00  3.901953E+00  5.156800E+00  7.625049E+00  1.292517E+01  2.287845E+01  3.863436E+01  5.725117E+01
  7.351109E+01  8.495811E+01  9.192649E+01  9.580711E+01  2.959868E+00  2.960115E+00  3.007684E+00  3.043156E+00  3.130675E+00  3.283426E+00
  3.647027E+00  4.327469E+00  5.809858E+00  8.691085E+00  1.470642E+01  2.547445E+01  4.139669E+01  5.931322E+01  7.479395E+01  8.568788E+01
  9.231791E+01  9.601007E+01  3.331367E+00  3.329756E+00  3.386829E+00  3.436440E+00  3.549044E+00  3.745034E+00  4.182842E+00  5.070436E+00
  6.907219E+00  1.054093E+01  1.767885E+01  2.947469E+01  4.529564E+01  6.214447E+01  7.655074E+01  8.668605E+01  9.285362E+01  9.628808E+01
  3.945428E+00  3.942139E+00  4.026583E+00  4.095269E+00  4.249834E+00  4.536701E+00  5.162730E+00  6.418231E+00  8.956611E+00  1.374619E+01
  2.244608E+01  3.515329E+01  5.032782E+01  6.569377E+01  7.875396E+01  8.793559E+01  9.352371E+01  9.663645E+01  5.008664E+00  5.007592E+00
  5.137279E+00  5.257213E+00  5.512097E+00  5.981952E+00  6.985961E+00  8.919462E+00  1.274187E+01  1.938259E+01  2.981791E+01  4.269515E+01
  5.642142E+01  6.992385E+01  8.137427E+01  8.942562E+01  9.432230E+01  9.705123E+01  7.150743E+00  7.147840E+00  7.405236E+00  7.630312E+00
  8.123154E+00  9.035041E+00  1.090727E+01  1.431156E+01  2.033750E+01  2.935220E+01  4.062267E+01  5.203391E+01  6.351672E+01  7.481483E+01
  8.440734E+01  9.114803E+01  9.524770E+01  9.753121E+01  1.313676E+01  1.312921E+01  1.374826E+01  1.433005E+01  1.549133E+01  1.763159E+01
  2.162128E+01  2.798938E+01  3.668212E+01  4.586021E+01  5.444981E+01  6.279805E+01  7.161609E+01  8.040005E+01  8.786575E+01  9.311411E+01
  9.630275E+01  9.807851E+01  4.948968E+01  4.949241E+01  5.018182E+01  5.065437E+01  5.152399E+01  5.254216E+01  5.395839E+01  5.594594E+01
  5.860357E+01  6.208671E+01  6.666901E+01  7.223743E+01  7.860928E+01  8.521895E+01  9.084437E+01  9.480289E+01  9.721311E+01  9.855197E+01
  2.575501E+00  2.580307E+00  2.608444E+00  2.636488E+00  2.699430E+00  2.810550E+00  3.058492E+00  3.549801E+00  4.600994E+00  6.675627E+00
  1.122635E+01  2.008805E+01  3.529869E+01  5.443299E+01  7.154366E+01  8.377792E+01  9.127087E+01  9.546366E+01  2.614648E+00  2.619149E+00
  2.647494E+00  2.677113E+00  2.739296E+00  2.858007E+00  3.103580E+00  3.618137E+00  4.701444E+00  6.842999E+00  1.150762E+01  2.054264E+01
  3.584676E+01  5.486243E+01  7.181445E+01  8.392993E+01  9.135253E+01  9.550419E+01  2.736601E+00  2.741058E+00  2.770345E+00  2.802790E+00
  2.872185E+00  2.998086E+00  3.274763E+00  3.825444E+00  5.017560E+00  7.363057E+00  1.241850E+01  2.197650E+01  3.749907E+01  5.614895E+01
  7.261769E+01  8.439059E+01  9.160072E+01  9.563374E+01  2.959868E+00  2.965432E+00  3.005638E+00  3.041450E+00  3.118397E+00  3.264530E+00
  3.578386E+00  4.236057E+00  5.639093E+00  8.390957E+00  1.417101E+01  2.456431E+01  4.028709E+01  5.825989E+01  7.394643E+01  8.514676E+01
  9.200884E+01  9.584476E+01  3.331367E+00  3.336262E+00  3.382068E+00  3.433365E+00  3.535021E+00  3.723688E+00  4.129664E+00  4.968686E+00
  6.723116E+00  1.019822E+01  1.709668E+01  2.853977E+01  4.425133E+01  6.116338E+01  7.575629E+01  8.618162E+01  9.256458E+01  9.613422E+01
  3.945428E+00  3.950879E+00  4.022077E+00  4.091686E+00  4.234217E+00  4.505225E+00  5.083401E+00  6.283179E+00  8.726405E+00  1.334486E+01
  2.182719E+01  3.423764E+01  4.936168E+01  6.481025E+01  7.803770E+01  8.747930E+01  9.326175E+01  9.649707E+01  5.008664E+00  5.019012E+00
  5.131728E+00  5.251257E+00  5.491743E+00  5.942864E+00  6.891353E+00  8.783844E+00  1.246287E+01  1.891579E+01  2.918687E+01  4.184392E+01
  5.558457E+01  6.915231E+01  8.074941E+01  8.902552E+01  9.409540E+01  9.692965E+01  7.150743E+00  7.164617E+00  7.396459E+00  7.619699E+00
  8.090032E+00  8.977394E+00  1.075803E+01  1.410953E+01  1.999261E+01  2.886028E+01  4.001525E+01  5.128646E+01  6.282762E+01  7.418360E+01
  8.387788E+01  9.081535E+01  9.505811E+01  9.743021E+01  1.313676E+01  1.315949E+01  1.373564E+01  1.430483E+01  1.544220E+01  1.752302E+01
  2.139041E+01  2.767699E+01  3.626397E+01  4.543922E+01  5.400866E+01  6.224684E+01  7.109865E+01  7.992214E+01  8.745514E+01  9.285822E+01
  9.615829E+01  9.800136E+01  4.948968E+01  4.957051E+01  5.016380E+01  5.064600E+01  5.146881E+01  5.248026E+01  5.386201E+01  5.580665E+01
  5.844680E+01  6.187335E+01  6.635922E+01  7.175459E+01  7.820622E+01  8.484322E+01  9.051773E+01  9.460393E+01  9.709382E+01  9.848871E+01
  2.575501E+00  2.582745E+00  2.613183E+00  2.638358E+00  2.692488E+00  2.802872E+00  3.030890E+00  3.522074E+00  4.514317E+00  6.550113E+00
  1.082258E+01  1.958393E+01  3.460652E+01  5.373372E+01  7.095470E+01  8.340855E+01  9.105001E+01  9.534917E+01  2.614648E+00  2.622398E+00
  2.653545E+00  2.678700E+00  2.730912E+00  2.849292E+00  3.080700E+00  3.584873E+00  4.585458E+00  6.719983E+00  1.108784E+01  2.004296E+01
  3.515274E+01  5.416923E+01  7.122995E+01  8.356410E+01  9.113237E+01  9.539066E+01  2.736601E+00  2.744519E+00  2.775269E+00  2.804993E+00
  2.863025E+00  2.986520E+00  3.241061E+00  3.792288E+00  4.875999E+00  7.262003E+00  1.198982E+01  2.145486E+01  3.681425E+01  5.547777E+01
  7.205225E+01  8.403465E+01  9.138618E+01  9.552303E+01  2.959868E+00  2.968159E+00  3.009745E+00  3.041436E+00  3.109511E+00  3.251960E+00
  3.550969E+00  4.197512E+00  5.502548E+00  8.260309E+00  1.371819E+01  2.403939E+01  3.962606E+01  5.761499E+01  7.340305E+01  8.480675E+01
  9.180254E+01  9.573913E+01  3.331367E+00  3.339726E+00  3.387107E+00  3.433356E+00  3.523411E+00  3.707590E+00  4.093283E+00  4.919304E+00
  6.630888E+00  1.005114E+01  1.663811E+01  2.800945E+01  4.361891E+01  6.056945E+01  7.526247E+01  8.586612E+01  9.237398E+01  9.603662E+01
  3.945428E+00  3.956092E+00  4.026384E+00  4.091386E+00  4.219706E+00  4.490537E+00  5.049389E+00  6.220195E+00  8.623060E+00  1.317186E+01
  2.133203E+01  3.373244E+01  4.879060E+01  6.427188E+01  7.757518E+01  8.719379E+01  9.308984E+01  9.640881E+01  5.008664E+00  5.024104E+00
  5.136016E+00  5.251205E+00  5.473149E+00  5.926888E+00  6.836303E+00  8.701406E+00  1.232824E+01  1.873359E+01  2.864286E+01  4.139007E+01
  5.507980E+01  6.869341E+01  8.034038E+01  8.877800E+01  9.394355E+01  9.685289E+01  7.150743E+00  7.169937E+00  7.400568E+00  7.619223E+00
  8.063998E+00  8.957094E+00  1.069014E+01  1.401224E+01  1.979084E+01  2.863913E+01  3.954293E+01  5.094790E+01  6.241282E+01  7.381446E+01
  8.353859E+01  9.061080E+01  9.493247E+01  9.736714E+01  1.313676E+01  1.317239E+01  1.373506E+01  1.428825E+01  1.539014E+01  1.748765E+01
  2.125653E+01  2.750878E+01  3.597875E+01  4.527583E+01  5.364495E+01  6.199814E+01  7.078633E+01  7.964894E+01  8.719378E+01  9.270187E+01
  9.606028E+01  9.795321E+01  4.948968E+01  4.963630E+01  5.019019E+01  5.067143E+01  5.138420E+01  5.247079E+01  5.381635E+01  5.572537E+01
  5.807195E+01  6.171177E+01  6.610062E+01  7.161223E+01  7.797964E+01  8.462883E+01  9.031445E+01  9.449207E+01  9.702458E+01  9.845378E+01
  2.575501E+00  2.573047E+00  2.611084E+00  2.635836E+00  2.693228E+00  2.800865E+00  3.020360E+00  3.494452E+00  4.465459E+00  6.474491E+00
  1.060672E+01  1.920391E+01  3.407441E+01  5.312598E+01  7.057542E+01  8.311597E+01  9.088560E+01  9.526271E+01  2.614648E+00  2.615149E+00
  2.651158E+00  2.676441E+00  2.733832E+00  2.847508E+00  3.072264E+00  3.559153E+00  4.542669E+00  6.624424E+00  1.086174E+01  1.966798E+01
  3.462177E+01  5.357376E+01  7.085329E+01  8.327428E+01  9.097087E+01  9.530479E+01  2.736601E+00  2.735773E+00  2.773063E+00  2.800460E+00
  2.866327E+00  2.981508E+00  3.227326E+00  3.764978E+00  4.845368E+00  7.141365E+00  1.176947E+01  2.108326E+01  3.629270E+01  5.489514E+01
  7.168898E+01  8.375292E+01  9.122818E+01  9.543899E+01  2.959868E+00  2.959633E+00  3.006449E+00  3.038251E+00  3.109599E+00  3.248994E+00
  3.540590E+00  4.163839E+00  5.437088E+00  8.127572E+00  1.347982E+01  2.365377E+01  3.911951E+01  5.706206E+01  7.305699E+01  8.453880E+01
  9.165220E+01  9.566010E+01  3.331367E+00  3.330868E+00  3.384986E+00  3.429508E+00  3.522974E+00  3.704110E+00  4.076613E+00  4.880070E+00
  6.509117E+00  9.912322E+00  1.638055E+01  2.762906E+01  4.314726E+01  6.004443E+01  7.493546E+01  8.561536E+01  9.223373E+01  9.596248E+01
  3.945428E+00  3.943841E+00  4.023329E+00  4.086914E+00  4.218303E+00  4.484951E+00  5.031163E+00  6.172205E+00  8.458824E+00  1.302217E+01
  2.105000E+01  3.335622E+01  4.835454E+01  6.378944E+01  7.728856E+01  8.696617E+01  9.296119E+01  9.634183E+01  5.008664E+00  5.009892E+00
  5.130857E+00  5.243696E+00  5.471975E+00  5.916759E+00  6.807372E+00  8.626597E+00  1.214891E+01  1.854868E+01  2.836018E+01  4.105449E+01
  5.469975E+01  6.826393E+01  8.010001E+01  8.857564E+01  9.383107E+01  9.679436E+01  7.150743E+00  7.150216E+00  7.393998E+00  7.609119E+00
  8.058303E+00  8.933261E+00  1.064529E+01  1.392548E+01  1.962713E+01  2.845386E+01  3.926528E+01  5.066159E+01  6.210606E+01  7.344090E+01
  8.335556E+01  9.044323E+01  9.483842E+01  9.731895E+01  1.313676E+01  1.313377E+01  1.372685E+01  1.426920E+01  1.536880E+01  1.745841E+01
  2.118411E+01  2.739347E+01  3.587347E+01  4.521303E+01  5.344460E+01  6.179097E+01  7.055940E+01  7.935432E+01  8.706544E+01  9.257198E+01
  9.598784E+01  9.791676E+01  4.948968E+01  4.948440E+01  5.014959E+01  5.061492E+01  5.138065E+01  5.244499E+01  5.377457E+01  5.571498E+01
  5.825109E+01  6.172088E+01  6.598976E+01  7.147894E+01  7.780703E+01  8.440520E+01  9.021760E+01  9.438564E+01  9.696470E+01  9.842510E+01
  2.575501E+00  2.579926E+00  2.601101E+00  2.632577E+00  2.688058E+00  2.793256E+00  2.999954E+00  3.494912E+00  4.421612E+00  6.381211E+00
  1.044931E+01  1.885253E+01  3.360199E+01  5.270676E+01  7.019676E+01  8.287966E+01  9.074405E+01  9.517907E+01  2.614648E+00  2.619003E+00
  2.641441E+00  2.673983E+00  2.729159E+00  2.839109E+00  3.049756E+00  3.546231E+00  4.511647E+00  6.534065E+00  1.072553E+01  1.932211E+01
  3.416032E+01  5.314980E+01  7.048088E+01  8.304025E+01  9.082963E+01  9.522242E+01  2.736601E+00  2.742481E+00  2.763612E+00  2.797717E+00
  2.860316E+00  2.975338E+00  3.207092E+00  3.748628E+00  4.806204E+00  7.044095E+00  1.160182E+01  2.073936E+01  3.582665E+01  5.447979E+01
  7.132401E+01  8.352512E+01  9.109167E+01  9.535873E+01  2.959868E+00  2.965103E+00  2.996508E+00  3.035890E+00  3.103614E+00  3.238722E+00
  3.511024E+00  4.150355E+00  5.390755E+00  8.022317E+00  1.330130E+01  2.329459E+01  3.865495E+01  5.667332E+01  7.271051E+01  8.432188E+01
  9.152193E+01  9.558373E+01  3.331367E+00  3.335969E+00  3.375548E+00  3.425313E+00  3.517387E+00  3.692662E+00  4.043919E+00  4.878891E+00
  6.460728E+00  9.820642E+00  1.615863E+01  2.727496E+01  4.269321E+01  5.968967E+01  7.461112E+01  8.541471E+01  9.211268E+01  9.589125E+01
  3.945428E+00  3.951535E+00  4.013092E+00  4.082716E+00  4.213110E+00  4.471085E+00  4.986666E+00  6.147550E+00  8.401559E+00  1.285724E+01
  2.081340E+01  3.300754E+01  4.797442E+01  6.347343E+01  7.699923E+01  8.678653E+01  9.285381E+01  9.627711E+01  5.008664E+00  5.017153E+00
  5.119992E+00  5.240325E+00  5.459165E+00  5.899698E+00  6.760245E+00  8.612184E+00  1.208013E+01  1.842261E+01  2.815378E+01  4.073318E+01
  5.435893E+01  6.799370E+01  7.984384E+01  8.842290E+01  9.373764E+01  9.673827E+01  7.150743E+00  7.163606E+00  7.383373E+00  7.607291E+00
  8.051536E+00  8.910918E+00  1.057951E+01  1.388393E+01  1.953248E+01  2.831081E+01  3.909327E+01  5.039358E+01  6.181679E+01  7.323574E+01
  8.314378E+01  9.031900E+01  9.476134E+01  9.727168E+01  1.313676E+01  1.315882E+01  1.371342E+01  1.426596E+01  1.535861E+01  1.740960E+01
  2.109162E+01  2.737945E+01  3.577271E+01  4.501860E+01  5.332304E+01  6.155777E+01  7.032013E+01  7.921164E+01  8.690585E+01  9.247857E+01
  9.592905E+01  9.787976E+01  4.948968E+01  4.962781E+01  5.014376E+01  5.063253E+01  5.141739E+01  5.241069E+01  5.369014E+01  5.574861E+01
  5.820201E+01  6.163668E+01  6.591757E+01  7.125350E+01  7.757156E+01  8.429030E+01  9.009874E+01  9.431352E+01  9.692300E+01  9.839622E+01
  2.575501E+00  2.582577E+00  2.525365E+00  2.629240E+00  2.683673E+00  2.787831E+00  3.010465E+00  3.449876E+00  4.396116E+00  6.348201E+00
  1.031173E+01  1.863850E+01  3.330527E+01  5.232707E+01  6.990279E+01  8.269901E+01  9.063928E+01  9.512353E+01  2.614648E+00  2.621350E+00
  2.567815E+00  2.670251E+00  2.724498E+00  2.833612E+00  3.052445E+00  3.504394E+00  4.473487E+00  6.465827E+00  1.057388E+01  1.908050E+01
  3.386124E+01  5.277452E+01  7.018372E+01  8.286128E+01  9.072595E+01  9.516813E+01  2.736601E+00  2.743215E+00  2.687165E+00  2.794364E+00
  2.855051E+00  2.968019E+00  3.214671E+00  3.709669E+00  4.778039E+00  6.983283E+00  1.146152E+01  2.049092E+01  3.554807E+01  5.411505E+01
  7.104146E+01  8.335186E+01  9.099173E+01  9.530651E+01  2.959868E+00  2.967835E+00  2.920981E+00  3.032335E+00  3.098720E+00  3.232092E+00
  3.514846E+00  4.111463E+00  5.350275E+00  7.951616E+00  1.314214E+01  2.304241E+01  3.839300E+01  5.632224E+01  7.243727E+01  8.415781E+01
  9.142658E+01  9.553445E+01  3.331367E+00  3.338317E+00  3.298735E+00  3.421221E+00  3.510652E+00  3.685605E+00  4.048793E+00  4.826613E+00
  6.406690E+00  9.744076E+00  1.600348E+01  2.702987E+01  4.244470E+01  5.935911E+01  7.436032E+01  8.526196E+01  9.202514E+01  9.584525E+01
  3.945428E+00  3.954712E+00  3.937714E+00  4.077248E+00  4.204871E+00  4.463142E+00  5.002863E+00  6.088060E+00  8.354016E+00  1.278229E+01
  2.063778E+01  3.274585E+01  4.772802E+01  6.317256E+01  7.676990E+01  8.664832E+01  9.277450E+01  9.623674E+01  5.008664E+00  5.021113E+00
  5.055482E+00  5.232708E+00  5.449236E+00  5.888637E+00  6.766198E+00  8.545525E+00  1.200520E+01  1.828385E+01  2.795664E+01  4.048992E+01
  5.415916E+01  6.773070E+01  7.964881E+01  8.830299E+01  9.366904E+01  9.670232E+01  7.150743E+00  7.169611E+00  7.315432E+00  7.599541E+00
  8.039268E+00  8.901695E+00  1.060137E+01  1.382486E+01  1.947396E+01  2.817546E+01  3.891228E+01  5.016945E+01  6.167424E+01  7.301315E+01
  8.298025E+01  9.022018E+01  9.470492E+01  9.724297E+01  1.313676E+01  1.317232E+01  1.361352E+01  1.424780E+01  1.533305E+01  1.737136E+01
  2.111414E+01  2.722958E+01  3.569933E+01  4.494293E+01  5.318973E+01  6.141091E+01  7.023843E+01  7.903677E+01  8.677866E+01  9.240525E+01
  9.588725E+01  9.785802E+01  4.948968E+01  4.963880E+01  4.995960E+01  5.058685E+01  5.136473E+01  5.239196E+01  5.381371E+01  5.558218E+01
  5.816664E+01  6.155964E+01  6.583217E+01  7.120497E+01  7.751362E+01  8.415746E+01  8.999583E+01  9.425438E+01  9.689163E+01  9.837759E+01
  2.575501E+00  2.573795E+00  2.605053E+00  2.626851E+00  2.679367E+00  2.785244E+00  2.999930E+00  3.454676E+00  4.359929E+00  6.250993E+00
  1.022801E+01  1.841788E+01  3.303156E+01  5.199943E+01  6.964339E+01  8.252129E+01  9.054974E+01  9.507470E+01  2.614648E+00  2.613002E+00
  2.642882E+00  2.668173E+00  2.721203E+00  2.830129E+00  3.050033E+00  3.512935E+00  4.445925E+00  6.375800E+00  1.047663E+01  1.886476E+01
  3.358588E+01  5.245214E+01  6.993127E+01  8.268498E+01  9.063857E+01  9.511915E+01  2.736601E+00  2.734872E+00  2.766687E+00  2.791358E+00
  2.851043E+00  2.966290E+00  3.206916E+00  3.712195E+00  4.739039E+00  6.870511E+00  1.133639E+01  2.027294E+01  3.526770E+01  5.379840E+01
  7.079102E+01  8.318009E+01  9.090581E+01  9.525869E+01  2.959868E+00  2.958620E+00  2.998942E+00  3.029074E+00  3.095503E+00  3.230104E+00
  3.510607E+00  4.097145E+00  5.310655E+00  7.856791E+00  1.298606E+01  2.281859E+01  3.811604E+01  5.601971E+01  7.219973E+01  8.399419E+01
  9.134530E+01  9.548812E+01  3.331367E+00  3.328519E+00  3.380797E+00  3.418482E+00  3.507001E+00  3.680531E+00  4.040481E+00  4.803924E+00
  6.366769E+00  9.567752E+00  1.587621E+01  2.679654E+01  4.219108E+01  5.907772E+01  7.413912E+01  8.510912E+01  9.194939E+01  9.580321E+01
  3.945428E+00  3.942543E+00  4.014040E+00  4.075012E+00  4.198641E+00  4.455624E+00  4.979820E+00  6.082006E+00  8.288481E+00  1.264476E+01
  2.051239E+01  3.251342E+01  4.748767E+01  6.291593E+01  7.656991E+01  8.650681E+01  9.270683E+01  9.619784E+01  5.008664E+00  5.004580E+00
  5.123070E+00  5.231418E+00  5.441733E+00  5.881371E+00  6.752235E+00  8.528770E+00  1.193645E+01  1.813733E+01  2.782501E+01  4.028900E+01
  5.394837E+01  6.750597E+01  7.947020E+01  8.817776E+01  9.361013E+01  9.666924E+01  7.150743E+00  7.143721E+00  7.378322E+00  7.594140E+00
  8.025972E+00  8.891294E+00  1.057222E+01  1.378734E+01  1.937923E+01  2.804633E+01  3.876723E+01  4.999595E+01  6.149184E+01  7.282508E+01
  8.283685E+01  9.011469E+01  9.465867E+01  9.721523E+01  1.313676E+01  1.312602E+01  1.371873E+01  1.424903E+01  1.531199E+01  1.736056E+01
  2.106795E+01  2.718903E+01  3.558263E+01  4.478431E+01  5.305472E+01  6.128925E+01  7.010158E+01  7.888859E+01  8.667109E+01  9.232179E+01
  9.585334E+01  9.783792E+01  4.948968E+01  4.946068E+01  5.023119E+01  5.059423E+01  5.133018E+01  5.240602E+01  5.376573E+01  5.561468E+01
  5.811723E+01  6.151133E+01  6.570406E+01  7.110462E+01  7.738587E+01  8.405219E+01  8.991248E+01  9.419098E+01  9.686278E+01  9.836446E+01
  2.575501E+00  2.555411E+00  2.609732E+00  2.640548E+00  2.687569E+00  2.784856E+00  2.982965E+00  3.445039E+00  4.337138E+00  6.200705E+00
  1.010852E+01  1.830332E+01  3.279375E+01  5.175407E+01  6.942160E+01  8.238996E+01  9.047267E+01  9.503172E+01  2.614648E+00  2.594128E+00
  2.649745E+00  2.680456E+00  2.727252E+00  2.828565E+00  3.034063E+00  3.504050E+00  4.416887E+00  6.350266E+00  1.035973E+01  1.873297E+01
  3.334720E+01  5.220815E+01  6.971084E+01  8.255460E+01  9.056139E+01  9.507693E+01  2.736601E+00  2.713526E+00  2.772763E+00  2.804303E+00
  2.856910E+00  2.967755E+00  3.191430E+00  3.704930E+00  4.710917E+00  6.827196E+00  1.122806E+01  2.014276E+01  3.503595E+01  5.356064E+01
  7.058117E+01  8.305463E+01  9.083161E+01  9.521777E+01  2.959868E+00  2.935300E+00  3.005729E+00  3.043326E+00  3.105392E+00  3.224586E+00
  3.493248E+00  4.085506E+00  5.274695E+00  7.793100E+00  1.290446E+01  2.269701E+01  3.788781E+01  5.579451E+01  7.199624E+01  8.387236E+01
  9.127349E+01  9.544904E+01  3.331367E+00  3.305305E+00  3.382355E+00  3.430215E+00  3.513761E+00  3.677341E+00  4.075056E+00  4.801069E+00
  6.330883E+00  9.519396E+00  1.576262E+01  2.666440E+01  4.196414E+01  5.886699E+01  7.393986E+01  8.499508E+01  9.188299E+01  9.576641E+01
  3.945428E+00  3.907034E+00  4.021792E+00  4.086954E+00  4.209753E+00  4.452091E+00  5.017123E+00  6.060644E+00  8.247827E+00  1.256447E+01
  2.036286E+01  3.240320E+01  4.727926E+01  6.273114E+01  7.639004E+01  8.640284E+01  9.264648E+01  9.616447E+01  5.008664E+00  4.963038E+00
  5.128512E+00  5.239906E+00  5.457634E+00  5.877002E+00  6.717279E+00  8.510241E+00  1.189390E+01  1.804289E+01  2.769634E+01  4.017533E+01
  5.375263E+01  6.734322E+01  7.930193E+01  8.808705E+01  9.355576E+01  9.663987E+01  7.150743E+00  7.081933E+00  7.383386E+00  7.599215E+00
  8.049632E+00  8.872718E+00  1.062683E+01  1.376704E+01  1.932917E+01  2.793219E+01  3.866737E+01  4.992311E+01  6.131905E+01  7.269177E+01
  8.268704E+01  9.003778E+01  9.461232E+01  9.719088E+01  1.313676E+01  1.300302E+01  1.371113E+01  1.423592E+01  1.534266E+01  1.734467E+01
  2.113822E+01  2.714181E+01  3.553832E+01  4.470289E+01  5.303463E+01  6.125527E+01  6.996130E+01  7.878753E+01  8.653976E+01  9.226279E+01
  9.581702E+01  9.781870E+01  4.948968E+01  4.875771E+01  5.012418E+01  5.049017E+01  5.145671E+01  5.238753E+01  5.387033E+01  5.562605E+01
  5.812560E+01  6.144544E+01  6.571604E+01  7.106532E+01  7.730792E+01  8.396645E+01  8.979956E+01  9.414912E+01  9.683205E+01  9.834885E+01
  2.575501E+00  2.578565E+00  2.604434E+00  2.625456E+00  2.682942E+00  2.783866E+00  2.984778E+00  3.439559E+00  4.317784E+00  6.167282E+00
  1.003716E+01  1.801359E+01  3.259606E+01  5.157623E+01  6.933571E+01  8.229346E+01  9.041238E+01  9.499149E+01  2.614648E+00  2.619680E+00
  2.644791E+00  2.665854E+00  2.723423E+00  2.827717E+00  3.024640E+00  3.502856E+00  4.403472E+00  6.320549E+00  1.030003E+01  1.847720E+01
  3.314886E+01  5.203709E+01  6.962551E+01  8.245981E+01  9.050012E+01  9.503691E+01  2.736601E+00  2.739873E+00  2.765642E+00  2.789758E+00
  2.854290E+00  2.963885E+00  3.193628E+00  3.700037E+00  4.692626E+00  6.794727E+00  1.123061E+01  1.991840E+01  3.484082E+01  5.339040E+01
  7.049354E+01  8.296076E+01  9.077399E+01  9.517902E+01  2.959868E+00  2.964144E+00  2.999272E+00  3.027188E+00  3.097897E+00  3.224782E+00
  3.502655E+00  4.082125E+00  5.258626E+00  7.745633E+00  1.287485E+01  2.256050E+01  3.771343E+01  5.563280E+01  7.192020E+01  8.378518E+01
  9.121896E+01  9.541239E+01  3.331367E+00  3.336024E+00  3.376077E+00  3.414363E+00  3.507421E+00  3.673189E+00  4.040351E+00  4.786538E+00
  6.303743E+00  9.471744E+00  1.569143E+01  2.642896E+01  4.178748E+01  5.871954E+01  7.387888E+01  8.491462E+01  9.183086E+01  9.573205E+01
  3.945428E+00  3.948185E+00  4.015569E+00  4.071144E+00  4.200747E+00  4.448795E+00  4.968014E+00  6.052246E+00  8.217261E+00  1.251479E+01
  2.036869E+01  3.229742E+01  4.712337E+01  6.258766E+01  7.633597E+01  8.633274E+01  9.259944E+01  9.613203E+01  5.008664E+00  5.015558E+00
  5.119595E+00  5.227914E+00  5.443167E+00  5.868174E+00  6.756368E+00  8.491080E+00  1.186208E+01  1.798716E+01  2.772772E+01  3.996894E+01
  5.362746E+01  6.721673E+01  7.926848E+01  8.802511E+01  9.351698E+01  9.661044E+01  7.150743E+00  7.161870E+00  7.374183E+00  7.591472E+00
  8.032658E+00  8.873904E+00  1.054028E+01  1.372698E+01  1.928629E+01  2.786223E+01  3.863899E+01  5.002305E+01  6.121496E+01  7.258307E+01
  8.267164E+01  8.998894E+01  9.457898E+01  9.716506E+01  1.313676E+01  1.315541E+01  1.370215E+01  1.423093E+01  1.531537E+01  1.733103E+01
  2.097043E+01  2.711925E+01  3.549079E+01  4.464691E+01  5.299477E+01  6.130666E+01  6.989180E+01  7.870502E+01  8.654759E+01  9.222566E+01
  9.579046E+01  9.779783E+01  4.948968E+01  4.957123E+01  5.010204E+01  5.060755E+01  5.140760E+01  5.236840E+01  5.362174E+01  5.559379E+01
  5.807946E+01  6.141265E+01  6.565140E+01  7.103110E+01  7.725616E+01  8.387302E+01  8.981738E+01  9.411473E+01  9.680900E+01  9.833202E+01
  2.575501E+00  2.574427E+00  2.605098E+00  2.633093E+00  2.672368E+00  2.779933E+00  2.991305E+00  3.421446E+00  4.319023E+00  6.135603E+00
  9.997201E+00  1.801180E+01  3.245488E+01  5.143642E+01  6.917783E+01  8.220306E+01  9.034991E+01  9.496696E+01  2.614648E+00  2.614213E+00
  2.645387E+00  2.674232E+00  2.712369E+00  2.823967E+00  3.040200E+00  3.480996E+00  4.405327E+00  6.284412E+00  1.025289E+01  1.845774E+01
  3.298309E+01  5.189444E+01  6.946967E+01  8.237000E+01  9.043927E+01  9.501280E+01  2.736601E+00  2.735435E+00  2.767519E+00  2.797315E+00
  2.843703E+00  2.961487E+00  3.196371E+00  3.680030E+00  4.694822E+00  6.767331E+00  1.111510E+01  1.985855E+01  3.468853E+01  5.325950E+01
  7.034105E+01  8.287363E+01  9.071217E+01  9.515547E+01  2.959868E+00  2.960608E+00  2.999681E+00  3.033712E+00  3.087415E+00  3.222643E+00
  3.496188E+00  4.061147E+00  5.261914E+00  7.711530E+00  1.275775E+01  2.240063E+01  3.757028E+01  5.550191E+01  7.177205E+01  8.370071E+01
  9.116012E+01  9.538920E+01  3.331367E+00  3.331149E+00  3.377056E+00  3.423099E+00  3.493887E+00  3.669956E+00  4.027448E+00  4.761237E+00
  6.295967E+00  9.419837E+00  1.562858E+01  2.638704E+01  4.165343E+01  5.859917E+01  7.374008E+01  8.483706E+01  9.177592E+01  9.571041E+01
  3.945428E+00  3.944335E+00  4.015916E+00  4.078526E+00  4.183260E+00  4.442232E+00  4.964327E+00  6.020994E+00  8.209242E+00  1.247452E+01
  2.021222E+01  3.211233E+01  4.699677E+01  6.248005E+01  7.620065E+01  8.626089E+01  9.254725E+01  9.611303E+01  5.008664E+00  5.009973E+00
  5.121479E+00  5.234887E+00  5.424118E+00  5.864470E+00  6.721400E+00  8.463175E+00  1.185497E+01  1.793135E+01  2.754080E+01  3.992862E+01
  5.351324E+01  6.712656E+01  7.914886E+01  8.796119E+01  9.346887E+01  9.659415E+01  7.150743E+00  7.148575E+00  7.376814E+00  7.596953E+00
  8.003749E+00  8.868692E+00  1.053688E+01  1.368342E+01  1.929715E+01  2.781786E+01  3.854650E+01  4.972539E+01  6.112127E+01  7.251524E+01
  8.256242E+01  8.993384E+01  9.453724E+01  9.715114E+01  1.313676E+01  1.313748E+01  1.370399E+01  1.423952E+01  1.527343E+01  1.732418E+01
  2.101515E+01  2.705044E+01  3.549354E+01  4.460542E+01  5.293906E+01  6.108942E+01  6.981560E+01  7.865206E+01  8.645694E+01  9.218185E+01
  9.575567E+01  9.778764E+01  4.948968E+01  4.947670E+01  5.011636E+01  5.058594E+01  5.130161E+01  5.236912E+01  5.374447E+01  5.551897E+01
  5.807806E+01  6.142943E+01  6.563243E+01  7.092155E+01  7.716026E+01  8.381732E+01  8.975105E+01  9.408546E+01  9.678493E+01  9.832519E+01
  2.575501E+00  2.574610E+00  2.597977E+00  2.627413E+00  2.679980E+00  2.783729E+00  2.983584E+00  3.425279E+00  4.317654E+00  6.111812E+00
  9.944831E+00  1.792679E+01  3.230567E+01  5.129966E+01  6.908350E+01  8.212067E+01  9.032207E+01  9.493004E+01  2.614648E+00  2.615424E+00
  2.636744E+00  2.666841E+00  2.720936E+00  2.826164E+00  3.031992E+00  3.466357E+00  4.402948E+00  6.233987E+00  1.019286E+01  1.836639E+01
  3.284996E+01  5.175738E+01  6.937647E+01  8.229036E+01  9.041213E+01  9.497432E+01  2.736601E+00  2.734463E+00  2.759885E+00  2.791159E+00
  2.851266E+00  2.963103E+00  3.185170E+00  3.668996E+00  4.688146E+00  6.711011E+00  1.104643E+01  1.977464E+01  3.454947E+01  5.312497E+01
  7.025397E+01  8.279477E+01  9.068719E+01  9.512051E+01  2.959868E+00  2.959512E+00  2.991118E+00  3.027591E+00  3.094924E+00  3.223186E+00
  3.487033E+00  4.055755E+00  5.250239E+00  7.686291E+00  1.269843E+01  2.231426E+01  3.742394E+01  5.537805E+01  7.168923E+01  8.362587E+01
  9.113771E+01  9.535745E+01  3.331367E+00  3.330612E+00  3.368781E+00  3.415508E+00  3.501980E+00  3.674090E+00  4.015321E+00  4.765955E+00
  6.293674E+00  9.435563E+00  1.556731E+01  2.628660E+01  4.153769E+01  5.847943E+01  7.366624E+01  8.476720E+01  9.175630E+01  9.567784E+01
  3.945428E+00  3.944253E+00  4.006201E+00  4.073017E+00  4.197561E+00  4.445565E+00  4.949625E+00  6.020504E+00  8.211458E+00  1.241518E+01
  2.016454E+01  3.203425E+01  4.688591E+01  6.238240E+01  7.614040E+01  8.619849E+01  9.253247E+01  9.608091E+01  5.008664E+00  5.007209E+00
  5.111254E+00  5.226550E+00  5.436152E+00  5.868236E+00  6.713820E+00  8.454038E+00  1.183901E+01  1.790241E+01  2.743479E+01  3.982804E+01
  5.341674E+01  6.704285E+01  7.909830E+01  8.790748E+01  9.345784E+01  9.656653E+01  7.150743E+00  7.150832E+00  7.363261E+00  7.587967E+00
  8.021572E+00  8.866422E+00  1.052072E+01  1.368153E+01  1.924736E+01  2.777478E+01  3.846712E+01  4.963195E+01  6.105022E+01  7.245081E+01
  8.252670E+01  8.988984E+01  9.453226E+01  9.712527E+01  1.313676E+01  1.314304E+01  1.368545E+01  1.422758E+01  1.530349E+01  1.734220E+01
  2.098283E+01  2.706950E+01  3.546656E+01  4.458915E+01  5.287590E+01  6.102017E+01  6.977862E+01  7.861176E+01  8.643766E+01  9.214948E+01
  9.575532E+01  9.776590E+01  4.948968E+01  4.950588E+01  5.009378E+01  5.057313E+01  5.135831E+01  5.240205E+01  5.373707E+01  5.547833E+01
  5.809390E+01  6.136796E+01  6.556298E+01  7.086951E+01  7.712705E+01  8.380053E+01  8.973093E+01  9.405477E+01  9.678261E+01  9.830575E+01
  2.575501E+00  2.576189E+00  2.605444E+00  2.625193E+00  2.678219E+00  2.779630E+00  2.982496E+00  3.402680E+00  4.304594E+00  6.074819E+00
  9.891457E+00  1.783933E+01  3.218746E+01  5.116212E+01  6.894893E+01  8.204247E+01  9.026564E+01  9.491486E+01  2.614648E+00  2.617516E+00
  2.644385E+00  2.665874E+00  2.720415E+00  2.822207E+00  3.026303E+00  3.455981E+00  4.395806E+00  6.216347E+00  1.012386E+01  1.828217E+01
  3.274459E+01  5.162122E+01  6.924389E+01  8.221131E+01  9.035635E+01  9.496101E+01  2.736601E+00  2.738809E+00  2.766394E+00  2.790034E+00
  2.851621E+00  2.961671E+00  3.181320E+00  3.648854E+00  4.680957E+00  6.691780E+00  1.098445E+01  1.968349E+01  3.444884E+01  5.299332E+01
  7.012058E+01  8.272037E+01  9.063167E+01  9.510510E+01  2.959868E+00  2.962691E+00  2.998852E+00  3.026738E+00  3.093085E+00  3.218934E+00
  3.479712E+00  4.034534E+00  5.244386E+00  7.631374E+00  1.265238E+01  2.221896E+01  3.733737E+01  5.524959E+01  7.156800E+01  8.355533E+01
  9.108472E+01  9.534160E+01  3.331367E+00  3.334190E+00  3.376232E+00  3.415737E+00  3.502521E+00  3.667246E+00  4.008543E+00  4.738816E+00
  6.280389E+00  9.336161E+00  1.548396E+01  2.618920E+01  4.141301E+01  5.836076E+01  7.354874E+01  8.470115E+01  9.170554E+01  9.566608E+01
  3.945428E+00  3.946351E+00  4.014140E+00  4.071060E+00  4.196320E+00  4.439055E+00  4.949981E+00  5.993179E+00  8.201185E+00  1.236903E+01
  2.006533E+01  3.193929E+01  4.678331E+01  6.227426E+01  7.603344E+01  8.613966E+01  9.248608E+01  9.607311E+01  5.008664E+00  5.013898E+00
  5.117554E+00  5.225311E+00  5.438109E+00  5.856647E+00  6.699076E+00  8.421184E+00  1.181831E+01  1.782258E+01  2.737004E+01  3.976052E+01
  5.334237E+01  6.694690E+01  7.900808E+01  8.785774E+01  9.341629E+01  9.655959E+01  7.150743E+00  7.154418E+00  7.370306E+00  7.587150E+00
  8.023279E+00  8.860620E+00  1.050393E+01  1.365530E+01  1.923241E+01  2.769445E+01  3.838054E+01  4.957562E+01  6.098696E+01  7.237041E+01
  8.244994E+01  8.985093E+01  9.449661E+01  9.712371E+01  1.313676E+01  1.314859E+01  1.369212E+01  1.422368E+01  1.530400E+01  1.731706E+01
  2.093920E+01  2.699667E+01  3.544057E+01  4.451018E+01  5.280370E+01  6.098299E+01  6.970576E+01  7.854895E+01  8.638015E+01  9.212263E+01
  9.572644E+01  9.776678E+01  4.948968E+01  4.952130E+01  5.007199E+01  5.059782E+01  5.138560E+01  5.233773E+01  5.369040E+01  5.552931E+01
  5.809227E+01  6.134581E+01  6.551778E+01  7.083946E+01  7.708110E+01  8.376101E+01  8.968977E+01  9.403774E+01  9.676451E+01  9.830885E+01
  2.575501E+00  2.576464E+00  2.608407E+00  2.625033E+00  2.684941E+00  2.786955E+00  2.976434E+00  3.408721E+00  4.299188E+00  6.059093E+00
  9.866647E+00  1.774413E+01  3.202948E+01  5.098509E+01  6.882814E+01  8.197919E+01  9.021341E+01  9.489188E+01  2.614648E+00  2.617011E+00
  2.647641E+00  2.664201E+00  2.724530E+00  2.830422E+00  3.022408E+00  3.462421E+00  4.387830E+00  6.200058E+00  1.012729E+01  1.818674E+01
  3.257984E+01  5.144509E+01  6.912179E+01  8.214890E+01  9.030458E+01  9.493877E+01  2.736601E+00  2.736862E+00  2.770076E+00  2.788231E+00
  2.853165E+00  2.968907E+00  3.176875E+00  3.654937E+00  4.669303E+00  6.680227E+00  1.097586E+01  1.958952E+01  3.428513E+01  5.282182E+01
  7.000116E+01  8.265840E+01  9.058083E+01  9.508360E+01  2.959868E+00  2.961383E+00  3.001607E+00  3.026150E+00  3.102188E+00  3.228585E+00
  3.475185E+00  4.041743E+00  5.227956E+00  7.613173E+00  1.262088E+01  2.211996E+01  3.715189E+01  5.508825E+01  7.145189E+01  8.349659E+01
  9.103538E+01  9.532111E+01  3.331367E+00  3.333189E+00  3.379073E+00  3.412589E+00  3.508566E+00  3.672878E+00  4.001561E+00  4.734446E+00
  6.264783E+00  9.311715E+00  1.541871E+01  2.609667E+01  4.126940E+01  5.820856E+01  7.344049E+01  8.464636E+01  9.166043E+01  9.564665E+01
  3.945428E+00  3.946974E+00  4.018326E+00  4.070057E+00  4.203266E+00  4.449228E+00  4.934501E+00  5.997324E+00  8.181470E+00  1.234087E+01
  2.002825E+01  3.185087E+01  4.665019E+01  6.213199E+01  7.593220E+01  8.609007E+01  9.244370E+01  9.605502E+01  5.008664E+00  5.011158E+00
  5.124303E+00  5.223909E+00  5.443407E+00  5.866912E+00  6.694729E+00  8.422237E+00  1.182217E+01  1.779193E+01  2.734652E+01  3.967413E+01
  5.319742E+01  6.681614E+01  7.891683E+01  8.781374E+01  9.337766E+01  9.654396E+01  7.150743E+00  7.151480E+00  7.377172E+00  7.585272E+00
  8.029884E+00  8.877310E+00  1.049299E+01  1.363859E+01  1.923764E+01  2.767030E+01  3.836813E+01  4.950672E+01  6.086665E+01  7.225790E+01
  8.237186E+01  8.981287E+01  9.446262E+01  9.711068E+01  1.313676E+01  1.314223E+01  1.370162E+01  1.422712E+01  1.530963E+01  1.734104E+01
  2.094852E+01  2.700559E+01  3.541648E+01  4.448435E+01  5.281934E+01  6.094374E+01  6.962148E+01  7.845541E+01  8.631447E+01  9.209211E+01
  9.569920E+01  9.775652E+01  4.948968E+01  4.950000E+01  5.012788E+01  5.058989E+01  5.135545E+01  5.242553E+01  5.370927E+01  5.550528E+01
  5.807465E+01  6.135088E+01  6.554646E+01  7.078255E+01  7.705566E+01  8.366975E+01  8.964701E+01  9.401256E+01  9.674197E+01  9.830040E+01
  2.575501E+00  2.575984E+00  2.603241E+00  2.630535E+00  2.674574E+00  2.782987E+00  2.972128E+00  3.405493E+00  4.262577E+00  6.039113E+00
  9.820714E+00  1.768723E+01  3.195683E+01  5.094430E+01  6.876661E+01  8.193414E+01  9.019035E+01  9.488013E+01  2.614648E+00  2.614752E+00
  2.643797E+00  2.669647E+00  2.715876E+00  2.823423E+00  3.018860E+00  3.467873E+00  4.358219E+00  6.161619E+00  1.009027E+01  1.812519E+01
  3.252939E+01  5.140481E+01  6.906225E+01  8.210410E+01  9.028126E+01  9.492733E+01  2.736601E+00  2.736336E+00  2.765907E+00  2.793552E+00
  2.845553E+00  2.961936E+00  3.175493E+00  3.658707E+00  4.610890E+00  6.630163E+00  1.093679E+01  1.952544E+01  3.419841E+01  5.277942E+01
  6.994637E+01  8.261532E+01  9.055815E+01  9.507227E+01  2.959868E+00  2.959689E+00  2.997898E+00  3.030395E+00  3.089123E+00  3.221798E+00
  3.472205E+00  4.039762E+00  5.191307E+00  7.576911E+00  1.259076E+01  2.206334E+01  3.711221E+01  5.505027E+01  7.139746E+01  8.345491E+01
  9.101553E+01  9.530967E+01  3.331367E+00  3.331832E+00  3.374952E+00  3.418477E+00  3.495829E+00  3.668175E+00  3.999316E+00  4.731836E+00
  6.222131E+00  9.270872E+00  1.540483E+01  2.603891E+01  4.120016E+01  5.817316E+01  7.339035E+01  8.460914E+01  9.163966E+01  9.563661E+01
  3.945428E+00  3.944500E+00  4.013824E+00  4.074697E+00  4.189570E+00  4.440674E+00  4.927958E+00  5.993719E+00  8.128670E+00  1.231489E+01
  1.999106E+01  3.179744E+01  4.659872E+01  6.210230E+01  7.589185E+01  8.605578E+01  9.242620E+01  9.604758E+01  5.008664E+00  5.008696E+00
  5.118318E+00  5.228374E+00  5.429015E+00  5.852695E+00  6.682077E+00  8.421630E+00  1.175513E+01  1.774577E+01  2.735022E+01  3.961705E+01
  5.316555E+01  6.680590E+01  7.887953E+01  8.778366E+01  9.336365E+01  9.653674E+01  7.150743E+00  7.153209E+00  7.370493E+00  7.587345E+00
  8.010787E+00  8.856642E+00  1.048439E+01  1.365378E+01  1.917952E+01  2.759152E+01  3.838697E+01  4.946252E+01  6.083549E+01  7.225054E+01
  8.234481E+01  8.978909E+01  9.445289E+01  9.710462E+01  1.313676E+01  1.314216E+01  1.369274E+01  1.423069E+01  1.528552E+01  1.731372E+01
  2.092443E+01  2.700782E+01  3.536265E+01  4.445845E+01  5.277697E+01  6.090311E+01  6.959477E+01  7.846442E+01  8.629605E+01  9.207420E+01
  9.569193E+01  9.775236E+01  4.948968E+01  4.952755E+01  5.007788E+01  5.057140E+01  5.135571E+01  5.238666E+01  5.369834E+01  5.554411E+01
  5.803014E+01  6.131334E+01  6.546378E+01  7.078388E+01  7.699075E+01  8.367206E+01  8.962171E+01  9.399933E+01  9.673685E+01  9.829700E+01
  2.575501E+00  2.577430E+00  2.586354E+00  2.629274E+00  2.668091E+00  2.777993E+00  2.976861E+00  3.397192E+00  4.260355E+00  6.019588E+00
  9.719946E+00  1.762711E+01  3.191284E+01  5.084174E+01  6.866611E+01  8.187506E+01  9.016493E+01  9.487357E+01  2.614648E+00  2.616853E+00
  2.624377E+00  2.669423E+00  2.710647E+00  2.819223E+00  3.023992E+00  3.456698E+00  4.345095E+00  6.161939E+00  1.001776E+01  1.807564E+01
  3.247401E+01  5.130336E+01  6.896238E+01  8.204544E+01  9.025640E+01  9.492451E+01  2.736601E+00  2.738270E+00  2.746684E+00  2.793403E+00
  2.839920E+00  2.957029E+00  3.178402E+00  3.647466E+00  4.625737E+00  6.645271E+00  1.083191E+01  1.947354E+01  3.416869E+01  5.268429E+01
  6.984882E+01  8.255923E+01  9.053394E+01  9.506784E+01  2.959868E+00  2.962592E+00  2.978639E+00  3.029608E+00  3.081412E+00  3.217268E+00
  3.472366E+00  4.029478E+00  5.181493E+00  7.577601E+00  1.244347E+01  2.201277E+01  3.705621E+01  5.495675E+01  7.130504E+01  8.340097E+01
  9.099117E+01  9.530579E+01  3.331367E+00  3.334540E+00  3.357100E+00  3.416741E+00  3.489195E+00  3.662140E+00  4.001718E+00  4.717116E+00
  6.214087E+00  9.275058E+00  1.528806E+01  2.599128E+01  4.117636E+01  5.808803E+01  7.330423E+01  8.455872E+01  9.162042E+01  9.563549E+01
  3.945428E+00  3.947698E+00  3.994986E+00  4.072312E+00  4.182574E+00  4.433802E+00  4.934727E+00  5.976368E+00  8.103123E+00  1.230771E+01
  1.993266E+01  3.175647E+01  4.654697E+01  6.202422E+01  7.581198E+01  8.600970E+01  9.240755E+01  9.604510E+01  5.008664E+00  5.013939E+00
  5.099926E+00  5.226151E+00  5.420621E+00  5.846507E+00  6.687505E+00  8.402986E+00  1.172580E+01  1.777608E+01  2.725884E+01  3.958278E+01
  5.311052E+01  6.672814E+01  7.880527E+01  8.774174E+01  9.334821E+01  9.653725E+01  7.150743E+00  7.156812E+00  7.349303E+00  7.586587E+00
  8.002778E+00  8.843454E+00  1.049318E+01  1.362127E+01  1.912041E+01  2.764092E+01  3.831562E+01  4.942939E+01  6.080556E+01  7.218846E+01
  8.228169E+01  8.975216E+01  9.443923E+01  9.710271E+01  1.313676E+01  1.315205E+01  1.365901E+01  1.422529E+01  1.526479E+01  1.728876E+01
  2.095006E+01  2.695486E+01  3.529346E+01  4.446781E+01  5.268422E+01  6.089634E+01  6.958597E+01  7.841199E+01  8.624371E+01  9.204565E+01
  9.568311E+01  9.775359E+01  4.948968E+01  4.953193E+01  5.000124E+01  5.056869E+01  5.132713E+01  5.234148E+01  5.375287E+01  5.549622E+01
  5.799667E+01  6.131964E+01  6.536852E+01  7.075314E+01  7.703278E+01  8.365657E+01  8.957748E+01  9.398204E+01  9.672647E+01  9.829187E+01
  2.575501E+00  2.580073E+00  2.608621E+00  2.628471E+00  2.675207E+00  2.775431E+00  2.985666E+00  3.389112E+00  4.271493E+00  6.007954E+00
  9.718117E+00  1.758186E+01  3.183239E+01  5.074919E+01  6.861961E+01  8.182115E+01  9.013899E+01  9.484431E+01  2.614648E+00  2.618727E+00
  2.649019E+00  2.670708E+00  2.717675E+00  2.812170E+00  3.034263E+00  3.451884E+00  4.333588E+00  6.148716E+00  9.962167E+00  1.802292E+01
  3.239294E+01  5.121551E+01  6.891283E+01  8.199121E+01  9.023186E+01  9.489183E+01  2.736601E+00  2.739789E+00  2.770622E+00  2.794552E+00
  2.846468E+00  2.951150E+00  3.191305E+00  3.645262E+00  4.619041E+00  6.619685E+00  1.080987E+01  1.941932E+01  3.409422E+01  5.259531E+01
  6.980279E+01  8.250748E+01  9.051005E+01  9.503801E+01  2.959868E+00  2.964299E+00  3.001600E+00  3.029867E+00  3.089751E+00  3.220058E+00
  3.485298E+00  4.022250E+00  5.213851E+00  7.555267E+00  1.245037E+01  2.195125E+01  3.698052E+01  5.487116E+01  7.126044E+01  8.333901E+01
  9.096928E+01  9.527729E+01  3.331367E+00  3.337369E+00  3.380843E+00  3.416384E+00  3.495542E+00  3.664752E+00  4.012053E+00  4.710101E+00
  6.222036E+00  9.241772E+00  1.528469E+01  2.591711E+01  4.110727E+01  5.800554E+01  7.326073E+01  8.451266E+01  9.159777E+01  9.560628E+01
  3.945428E+00  3.952036E+00  4.019648E+00  4.075638E+00  4.188883E+00  4.440494E+00  4.940946E+00  5.969302E+00  8.124401E+00  1.226488E+01
  1.985357E+01  3.168192E+01  4.648965E+01  6.195220E+01  7.577547E+01  8.596555E+01  9.238842E+01  9.601936E+01  5.008664E+00  5.015477E+00
  5.124014E+00  5.227180E+00  5.425794E+00  5.848306E+00  6.706798E+00  8.394221E+00  1.176608E+01  1.771149E+01  2.716652E+01  3.952816E+01
  5.305763E+01  6.666998E+01  7.877853E+01  8.769257E+01  9.333285E+01  9.651245E+01  7.150743E+00  7.163166E+00  7.378044E+00  7.589068E+00
  8.009156E+00  8.855918E+00  1.050801E+01  1.361659E+01  1.919393E+01  2.756021E+01  3.819321E+01  4.936612E+01  6.076940E+01  7.214176E+01
  8.226053E+01  8.970852E+01  9.442740E+01  9.708427E+01  1.313676E+01  1.315912E+01  1.370440E+01  1.422961E+01  1.528178E+01  1.730749E+01
  2.096360E+01  2.697374E+01  3.539154E+01  4.441554E+01  5.269480E+01  6.086169E+01  6.955724E+01  7.837452E+01  8.622674E+01  9.201331E+01
  9.567545E+01  9.773660E+01  4.948968E+01  4.956366E+01  5.011011E+01  5.052991E+01  5.131189E+01  5.232707E+01  5.368370E+01  5.552763E+01
  5.807103E+01  6.131752E+01  6.545686E+01  7.068998E+01  7.699118E+01  8.361835E+01  8.956698E+01  9.394186E+01  9.672512E+01  9.828496E+01
  2.575501E+00  2.575457E+00  2.610612E+00  2.627417E+00  2.677562E+00  2.772073E+00  2.968161E+00  3.388213E+00  4.229941E+00  6.001218E+00
  9.698940E+00  1.753879E+01  3.175966E+01  5.065718E+01  6.853268E+01  8.178075E+01  9.010889E+01  9.483136E+01  2.614648E+00  2.615131E+00
  2.649555E+00  2.667472E+00  2.719890E+00  2.813188E+00  3.014050E+00  3.448615E+00  4.287009E+00  6.121925E+00  9.950554E+00  1.799353E+01
  3.231308E+01  5.112357E+01  6.883076E+01  8.195116E+01  9.020086E+01  9.487872E+01  2.736601E+00  2.736032E+00  2.770919E+00  2.792390E+00
  2.849808E+00  2.950417E+00  3.167813E+00  3.640540E+00  4.577130E+00  6.596555E+00  1.080353E+01  1.938656E+01  3.401907E+01  5.250682E+01
  6.971928E+01  8.246565E+01  9.048093E+01  9.502505E+01  2.959868E+00  2.960828E+00  3.003122E+00  3.028630E+00  3.092386E+00  3.210821E+00
  3.467715E+00  4.016816E+00  5.158023E+00  7.536942E+00  1.242881E+01  2.196100E+01  3.690340E+01  5.478469E+01  7.117772E+01  8.331481E+01
  9.094125E+01  9.526542E+01  3.331367E+00  3.330580E+00  3.381678E+00  3.414095E+00  3.499962E+00  3.655684E+00  3.990082E+00  4.706852E+00
  6.174905E+00  9.206523E+00  1.523830E+01  2.587111E+01  4.103402E+01  5.792850E+01  7.318845E+01  8.447717E+01  9.157178E+01  9.559511E+01
  3.945428E+00  3.945737E+00  4.021610E+00  4.071891E+00  4.193396E+00  4.424802E+00  4.920702E+00  5.964299E+00  8.063554E+00  1.223957E+01
  1.981826E+01  3.163960E+01  4.642694E+01  6.187803E+01  7.570641E+01  8.593645E+01  9.236453E+01  9.600915E+01  5.008664E+00  5.009181E+00
  5.128712E+00  5.224688E+00  5.431245E+00  5.836331E+00  6.680091E+00  8.377070E+00  1.168720E+01  1.768358E+01  2.714631E+01  3.954998E+01
  5.302059E+01  6.660382E+01  7.872020E+01  8.768098E+01  9.331183E+01  9.650384E+01  7.150743E+00  7.151325E+00  7.384498E+00  7.587667E+00
  8.014527E+00  8.835970E+00  1.047285E+01  1.360108E+01  1.911281E+01  2.754352E+01  3.818473E+01  4.933844E+01  6.073030E+01  7.208423E+01
  8.220802E+01  8.970404E+01  9.441184E+01  9.707761E+01  1.313676E+01  1.314089E+01  1.370893E+01  1.422923E+01  1.528462E+01  1.727642E+01
  2.091458E+01  2.694949E+01  3.528133E+01  4.436850E+01  5.269621E+01  6.081919E+01  6.952759E+01  7.833387E+01  8.618748E+01  9.200644E+01
  9.566482E+01  9.773209E+01  4.948968E+01  4.950439E+01  5.013015E+01  5.059794E+01  5.133081E+01  5.233131E+01  5.369980E+01  5.551273E+01
  5.792504E+01  6.127345E+01  6.541322E+01  7.076524E+01  7.697090E+01  8.358624E+01  8.951556E+01  9.394118E+01  9.671445E+01  9.828065E+01
  4.766054E+00  4.819811E+00  4.984801E+00  5.137810E+00  5.448459E+00  6.135575E+00  7.695211E+00  9.968167E+00  1.444133E+01  2.120011E+01
  3.136645E+01  4.529114E+01  6.081168E+01  7.495171E+01  8.550870E+01  9.209084E+01  9.587128E+01  9.788742E+01  4.766054E+00  4.888182E+00
  4.950096E+00  5.052831E+00  5.323458E+00  5.775641E+00  6.847535E+00  8.836460E+00  1.212755E+01  1.790164E+01  2.642630E+01  3.886781E+01
  5.389473E+01  6.913212E+01  8.135246E+01  8.959451E+01  9.447939E+01  9.715380E+01  4.766054E+00  4.848855E+00  4.970092E+00  4.985810E+00
  5.301703E+00  5.658853E+00  6.608088E+00  8.373771E+00  1.148771E+01  1.665833E+01  2.475865E+01  3.645387E+01  5.119636E+01  6.655724E+01
  7.944119E+01  8.840936E+01  9.380444E+01  9.678922E+01  4.766054E+00  4.742711E+00  4.950647E+00  4.994971E+00  5.327453E+00  5.636746E+00
  6.547893E+00  8.265154E+00  1.123449E+01  1.608317E+01  2.396711E+01  3.533123E+01  4.975376E+01  6.518274E+01  7.842541E+01  8.775468E+01
  9.342977E+01  9.658731E+01  4.766054E+00  4.881065E+00  4.907194E+00  5.013810E+00  5.256596E+00  5.611463E+00  6.499902E+00  8.093802E+00
  1.105031E+01  1.571670E+01  2.339780E+01  3.442511E+01  4.879940E+01  6.428452E+01  7.768562E+01  8.729247E+01  9.315498E+01  9.644091E+01
  4.766054E+00  4.919839E+00  5.033647E+00  5.081964E+00  5.171023E+00  5.607025E+00  6.372182E+00  7.993653E+00  1.070051E+01  1.545355E+01
  2.294141E+01  3.403232E+01  4.823034E+01  6.374862E+01  7.720773E+01  8.700954E+01  9.298656E+01  9.635535E+01  4.766054E+00  4.772339E+00
  4.925289E+00  4.974783E+00  5.173182E+00  5.595500E+00  6.349956E+00  7.967454E+00  1.073670E+01  1.541995E+01  2.269182E+01  3.366538E+01
  4.781147E+01  6.325654E+01  7.694802E+01  8.677493E+01  9.285260E+01  9.628834E+01  4.766054E+00  4.935861E+00  4.897464E+00  4.998116E+00
  5.214150E+00  5.546790E+00  6.264584E+00  8.005136E+00  1.067805E+01  1.533877E+01  2.251580E+01  3.325989E+01  4.736034E+01  6.294811E+01
  7.665892E+01  8.659024E+01  9.274818E+01  9.622100E+01  4.766054E+00  4.919642E+00  4.580143E+00  4.966007E+00  5.179093E+00  5.535167E+00
  6.411686E+00  7.839105E+00  1.062883E+01  1.526717E+01  2.236011E+01  3.306471E+01  4.716772E+01  6.264511E+01  7.642184E+01  8.644814E+01
  9.266824E+01  9.617793E+01  4.766054E+00  4.696623E+00  5.014074E+00  5.001824E+00  5.114204E+00  5.518358E+00  6.338012E+00  7.862280E+00
  1.056287E+01  1.513166E+01  2.217291E+01  3.286868E+01  4.692136E+01  6.238746E+01  7.622324E+01  8.630729E+01  9.259885E+01  9.614133E+01
  4.766054E+00  4.644605E+00  4.914367E+00  4.899539E+00  5.320570E+00  5.538777E+00  6.346945E+00  7.889834E+00  1.052846E+01  1.503409E+01
  2.211615E+01  3.275822E+01  4.671985E+01  6.219065E+01  7.601156E+01  8.620448E+01  9.253402E+01  9.610719E+01  4.766054E+00  4.681064E+00
  4.890080E+00  4.948709E+00  5.222210E+00  5.512144E+00  6.164341E+00  7.865530E+00  1.049343E+01  1.496814E+01  2.205935E+01  3.249685E+01
  4.655720E+01  6.202222E+01  7.598087E+01  8.612916E+01  9.248443E+01  9.607309E+01  4.766054E+00  4.793589E+00  4.911753E+00  5.003448E+00
  5.072254E+00  5.516713E+00  6.309590E+00  7.755683E+00  1.050016E+01  1.495645E+01  2.197835E+01  3.248906E+01  4.638588E+01  6.190550E+01
  7.584722E+01  8.605637E+01  9.243221E+01  9.605547E+01  4.766054E+00  4.831905E+00  4.845006E+00  4.933158E+00  5.168795E+00  5.554547E+00
  6.300399E+00  7.736733E+00  1.053174E+01  1.490767E+01  2.187731E+01  3.241233E+01  4.628360E+01  6.183187E+01  7.578844E+01  8.598674E+01
  9.241576E+01  9.601992E+01  4.766054E+00  4.836350E+00  4.842983E+00  4.974399E+00  5.214445E+00  5.527900E+00  6.237140E+00  7.782107E+00
  1.049432E+01  1.483186E+01  2.181723E+01  3.232223E+01  4.617232E+01  6.172517E+01  7.568456E+01  8.593725E+01  9.237429E+01  9.601513E+01
  4.766054E+00  4.838944E+00  4.936304E+00  4.979860E+00  5.202047E+00  5.621377E+00  6.255137E+00  7.782379E+00  1.049172E+01  1.482534E+01
  2.181156E+01  3.222900E+01  4.607911E+01  6.155189E+01  7.558413E+01  8.588484E+01  9.232759E+01  9.599730E+01  4.766054E+00  4.798100E+00
  4.874548E+00  4.949977E+00  5.143170E+00  5.508993E+00  6.228945E+00  7.801919E+00  1.043202E+01  1.478279E+01  2.174931E+01  3.218860E+01
  4.597561E+01  6.152464E+01  7.553222E+01  8.584913E+01  9.231094E+01  9.598683E+01  4.766054E+00  4.855280E+00  4.811810E+00  4.935267E+00
  5.145661E+00  5.454357E+00  6.302845E+00  7.767858E+00  1.041236E+01  1.479068E+01  2.163258E+01  3.213526E+01  4.598850E+01  6.146543E+01
  7.544880E+01  8.580285E+01  9.228934E+01  9.598182E+01  4.766054E+00  4.927191E+00  4.939066E+00  4.952381E+00  5.104314E+00  5.430378E+00
  6.282943E+00  7.790991E+00  1.050342E+01  1.475746E+01  2.163740E+01  3.204435E+01  4.591567E+01  6.139706E+01  7.541344E+01  8.573651E+01
  9.227624E+01  9.596086E+01  4.766054E+00  4.792319E+00  5.036959E+00  4.964531E+00  5.156598E+00  5.440902E+00  6.261791E+00  7.780962E+00
  1.028488E+01  1.473590E+01  2.160520E+01  3.207772E+01  4.586177E+01  6.132602E+01  7.532181E+01  8.572105E+01  9.225328E+01  9.595045E+01
