  6.442785E-01
          18 10.0000000
 -2.000000E+01 -1.000000E+01 -2.107210E+00 -1.806180E+00 -1.505150E+00 -1.204120E+00 -9.030900E-01 -6.020600E-01 -3.010300E-01  0.000000E+00
  3.010300E-01  6.020600E-01  9.030900E-01  1.204120E+00  1.505150E+00  1.806180E+00  2.107210E+00  2.408240E+00
          10 10.0000000
  0.000000E+00  1.000000E+01  2.000000E+01  3.000000E+01  4.000000E+01  5.000000E+01  6.000000E+01  7.000000E+01  8.000000E+01  8.900000E+01
          23  4.0000000
  4.000000E+00  8.000000E+00  1.200000E+01  1.600000E+01  2.000000E+01  2.400000E+01  2.800000E+01  3.200000E+01  3.600000E+01  4.000000E+01
  4.400000E+01  4.800000E+01  5.200000E+01  5.600000E+01  6.000000E+01  6.400000E+01  6.800000E+01  7.200000E+01  7.600000E+01  8.000000E+01
  8.400000E+01  8.800000E+01  9.200000E+01
  2.480041E+00  2.477218E+00  2.561386E+00  2.639143E+00  2.801121E+00  3.128349E+00  3.776312E+00  5.136700E+00  7.751404E+00  1.297034E+01
  2.249925E+01  3.774092E+01  5.637551E+01  7.298417E+01  8.468609E+01  9.178622E+01  9.572174E+01  9.778011E+01  2.516841E+00  2.513347E+00
  2.598597E+00  2.679991E+00  2.847719E+00  3.180697E+00  3.846116E+00  5.240465E+00  7.909982E+00  1.322810E+01  2.289003E+01  3.821571E+01
  5.677320E+01  7.323588E+01  8.482885E+01  9.186288E+01  9.576163E+01  9.780083E+01  2.635045E+00  2.632313E+00  2.722391E+00  2.809977E+00
  2.990413E+00  3.348864E+00  4.066893E+00  5.556682E+00  8.412309E+00  1.403676E+01  2.410545E+01  3.965788E+01  5.796162E+01  7.398495E+01
  8.525378E+01  9.209081E+01  9.588029E+01  9.786234E+01  2.850667E+00  2.847678E+00  2.952209E+00  3.058370E+00  3.254881E+00  3.658630E+00
  4.472951E+00  6.151107E+00  9.344919E+00  1.553810E+01  2.629195E+01  4.212985E+01  5.992299E+01  7.521367E+01  8.595017E+01  9.246440E+01
  9.607490E+01  9.796327E+01  3.214064E+00  3.210250E+00  3.334061E+00  3.451334E+00  3.697135E+00  4.185457E+00  5.156023E+00  7.152434E+00
  1.091519E+01  1.801543E+01  2.970478E+01  4.570538E+01  6.262262E+01  7.689217E+01  8.690154E+01  9.297478E+01  9.634068E+01  9.810111E+01
  3.808574E+00  3.803162E+00  3.962786E+00  4.119614E+00  4.439265E+00  5.068837E+00  6.327477E+00  8.872667E+00  1.357421E+01  2.198838E+01
  3.470788E+01  5.042095E+01  6.600751E+01  7.898596E+01  8.808864E+01  9.361139E+01  9.667232E+01  9.827305E+01  4.842130E+00  4.834786E+00
  5.071885E+00  5.300094E+00  5.762456E+00  6.684042E+00  8.489221E+00  1.202802E+01  1.824057E+01  2.835796E+01  4.169705E+01  5.624194E+01
  7.002676E+01  8.146903E+01  8.949622E+01  9.436641E+01  9.706561E+01  9.847699E+01  6.924770E+00  6.915373E+00  7.324514E+00  7.722312E+00
  8.513517E+00  1.007868E+01  1.301124E+01  1.840091E+01  2.687073E+01  3.838813E+01  5.078364E+01  6.305619E+01  7.466976E+01  8.433700E+01
  9.112168E+01  9.523837E+01  9.751982E+01  9.871255E+01  1.273447E+01  1.271700E+01  1.365383E+01  1.455745E+01  1.628107E+01  1.946871E+01
  2.493238E+01  3.323629E+01  4.302568E+01  5.260382E+01  6.153830E+01  7.092101E+01  8.004343E+01  8.765776E+01  9.300401E+01  9.624811E+01
  9.804567E+01  9.898538E+01  4.918907E+01  4.912818E+01  5.013482E+01  5.093533E+01  5.206964E+01  5.354390E+01  5.541851E+01  5.815074E+01
  6.166548E+01  6.640012E+01  7.211414E+01  7.876002E+01  8.539973E+01  9.097419E+01  9.488353E+01  9.725504E+01  9.857044E+01  9.925764E+01
  2.480041E+00  2.482035E+00  2.559136E+00  2.636505E+00  2.795828E+00  3.114013E+00  3.755831E+00  5.071485E+00  7.654227E+00  1.268505E+01
  2.201583E+01  3.689084E+01  5.541036E+01  7.223087E+01  8.420592E+01  9.149786E+01  9.554724E+01  9.764325E+01  2.516841E+00  2.520373E+00
  2.596653E+00  2.676941E+00  2.843034E+00  3.168527E+00  3.824080E+00  5.169611E+00  7.807703E+00  1.293332E+01  2.239358E+01  3.735952E+01
  5.581377E+01  7.248910E+01  8.435315E+01  9.157710E+01  9.558875E+01  9.766519E+01  2.635045E+00  2.637886E+00  2.720431E+00  2.807176E+00
  2.984845E+00  3.333013E+00  4.040420E+00  5.478501E+00  8.292699E+00  1.371749E+01  2.357525E+01  3.878632E+01  5.701944E+01  7.325822E+01
  8.479108E+01  9.181271E+01  9.571223E+01  9.773044E+01  2.850667E+00  2.854345E+00  2.949279E+00  3.054488E+00  3.248813E+00  3.639919E+00
  4.437203E+00  6.053907E+00  9.195349E+00  1.516430E+01  2.570380E+01  4.124181E+01  5.901497E+01  7.451904E+01  8.550892E+01  9.219902E+01
  9.591457E+01  9.783735E+01  3.214064E+00  3.218656E+00  3.330580E+00  3.445639E+00  3.686403E+00  4.158485E+00  5.106206E+00  7.025272E+00
  1.071634E+01  1.754989E+01  2.903795E+01  4.481213E+01  6.176575E+01  7.624110E+01  8.648928E+01  9.272663E+01  9.619098E+01  9.798343E+01
  3.808574E+00  3.811551E+00  3.956865E+00  4.110740E+00  4.418045E+00  5.026136E+00  6.251813E+00  8.688841E+00  1.327773E+01  2.139348E+01
  3.395977E+01  4.955885E+01  6.521773E+01  7.838930E+01  8.771231E+01  9.338485E+01  9.653576E+01  9.816572E+01  4.842130E+00  4.843961E+00
  5.061642E+00  5.282491E+00  5.727129E+00  6.609707E+00  8.346647E+00  1.172425E+01  1.778400E+01  2.760072E+01  4.091615E+01  5.545628E+01
  6.931995E+01  8.093562E+01  8.916163E+01  9.416481E+01  9.694443E+01  9.838178E+01  6.924770E+00  6.931679E+00  7.303973E+00  7.684145E+00
  8.438330E+00  9.918798E+00  1.273596E+01  1.787658E+01  2.618499E+01  3.752938E+01  5.009579E+01  6.238507E+01  7.405758E+01  8.387429E+01
  9.083401E+01  9.506500E+01  9.741607E+01  9.863124E+01  1.273447E+01  1.274666E+01  1.359363E+01  1.445752E+01  1.610251E+01  1.911659E+01
  2.436018E+01  3.241936E+01  4.228612E+01  5.194984E+01  6.103863E+01  7.036862E+01  7.953622E+01  8.727515E+01  9.276913E+01  9.610665E+01
  9.796178E+01  9.892004E+01  4.918907E+01  4.922950E+01  5.009660E+01  5.086249E+01  5.196988E+01  5.341193E+01  5.523129E+01  5.786787E+01
  6.141585E+01  6.605963E+01  7.176849E+01  7.836908E+01  8.503289E+01  9.069419E+01  9.470993E+01  9.715281E+01  9.850799E+01  9.920943E+01
  2.480041E+00  2.477186E+00  2.560364E+00  2.636611E+00  2.793450E+00  3.107258E+00  3.745764E+00  5.049493E+00  7.587537E+00  1.258328E+01
  2.175288E+01  3.658041E+01  5.506166E+01  7.197436E+01  8.399878E+01  9.136813E+01  9.546002E+01  9.756279E+01  2.516841E+00  2.513484E+00
  2.597085E+00  2.677226E+00  2.839621E+00  3.161159E+00  3.813730E+00  5.146555E+00  7.739498E+00  1.282850E+01  2.212687E+01  3.704613E+01
  5.546768E+01  7.223583E+01  8.414784E+01  9.144850E+01  9.550227E+01  9.758544E+01  2.635045E+00  2.632101E+00  2.721265E+00  2.807418E+00
  2.981301E+00  3.325362E+00  4.029434E+00  5.452684E+00  8.216369E+00  1.359835E+01  2.329160E+01  3.846779E+01  5.668113E+01  7.301357E+01
  8.459155E+01  9.168770E+01  9.562805E+01  9.765284E+01  2.850667E+00  2.847903E+00  2.949550E+00  3.053788E+00  3.244118E+00  3.630548E+00
  4.423894E+00  6.021528E+00  9.105962E+00  1.502457E+01  2.539120E+01  4.091443E+01  5.868869E+01  7.428839E+01  8.531838E+01  9.207952E+01
  9.583419E+01  9.776331E+01  3.214064E+00  3.210179E+00  3.331051E+00  3.443224E+00  3.679925E+00  4.146319E+00  5.083694E+00  6.981577E+00
  1.060047E+01  1.737710E+01  2.868975E+01  4.448254E+01  6.145855E+01  7.602975E+01  8.631099E+01  9.261482E+01  9.611580E+01  9.791425E+01
  3.808574E+00  3.802567E+00  3.956793E+00  4.110198E+00  4.409173E+00  5.007147E+00  6.219414E+00  8.623254E+00  1.312062E+01  2.116881E+01
  3.357421E+01  4.924033E+01  6.493913E+01  7.820164E+01  8.754926E+01  9.328250E+01  9.646711E+01  9.810254E+01  4.842130E+00  4.834599E+00
  5.060955E+00  5.277007E+00  5.712086E+00  6.578482E+00  8.290693E+00  1.161286E+01  1.755558E+01  2.730959E+01  4.051096E+01  5.517207E+01
  6.907544E+01  8.077477E+01  8.901630E+01  9.407368E+01  9.688343E+01  9.832578E+01  6.924770E+00  6.912573E+00  7.298789E+00  7.669117E+00
  8.404195E+00  9.849534E+00  1.262197E+01  1.768439E+01  2.584914E+01  3.719321E+01  4.972246E+01  6.214724E+01  7.384907E+01  8.374300E+01
  9.070840E+01  9.498653E+01  9.736382E+01  9.858344E+01  1.273447E+01  1.271501E+01  1.357949E+01  1.441287E+01  1.602551E+01  1.896768E+01
  2.412540E+01  3.210109E+01  4.190860E+01  5.169434E+01  6.074534E+01  7.018221E+01  7.936837E+01  8.717641E+01  9.266605E+01  9.604285E+01
  9.791969E+01  9.888180E+01  4.918907E+01  4.913046E+01  5.008962E+01  5.081515E+01  5.192566E+01  5.332454E+01  5.516177E+01  5.780951E+01
  6.125780E+01  6.592165E+01  7.156947E+01  7.823151E+01  8.491113E+01  9.062397E+01  9.463651E+01  9.710636E+01  9.847768E+01  9.918188E+01
  2.480041E+00  2.470544E+00  2.559425E+00  2.634789E+00  2.793370E+00  3.103311E+00  3.736604E+00  5.023297E+00  7.555049E+00  1.250201E+01
  2.160973E+01  3.630039E+01  5.478184E+01  7.174240E+01  8.386385E+01  9.127778E+01  9.538876E+01  9.748737E+01  2.516841E+00  2.506715E+00
  2.596235E+00  2.674785E+00  2.839966E+00  3.156704E+00  3.804635E+00  5.118207E+00  7.707215E+00  1.274466E+01  2.197990E+01  3.676421E+01
  5.518943E+01  7.200570E+01  8.401424E+01  9.135900E+01  9.543166E+01  9.751073E+01  2.635045E+00  2.624696E+00  2.720627E+00  2.804409E+00
  2.981230E+00  3.320812E+00  4.019016E+00  5.423076E+00  8.179437E+00  1.350595E+01  2.313447E+01  3.818071E+01  5.640735E+01  7.278921E+01
  8.446171E+01  9.160061E+01  9.555930E+01  9.758015E+01  2.850667E+00  2.839955E+00  2.948369E+00  3.050524E+00  3.243812E+00  3.624621E+00
  4.410733E+00  5.987630E+00  9.061427E+00  1.491589E+01  2.521863E+01  4.062033E+01  5.842382E+01  7.407342E+01  8.519501E+01  9.199655E+01
  9.576847E+01  9.769392E+01  3.214064E+00  3.201259E+00  3.330032E+00  3.439929E+00  3.678143E+00  4.138216E+00  5.066860E+00  6.938799E+00
  1.054068E+01  1.724286E+01  2.849422E+01  4.418351E+01  6.120806E+01  7.582765E+01  8.619646E+01  9.253736E+01  9.605424E+01  9.784937E+01
  3.808574E+00  3.793672E+00  3.955333E+00  4.104635E+00  4.405821E+00  4.994415E+00  6.192768E+00  8.563258E+00  1.303509E+01  2.099704E+01
  3.335630E+01  4.894778E+01  6.470869E+01  7.801551E+01  8.744551E+01  9.321193E+01  9.641074E+01  9.804337E+01  4.842130E+00  4.824139E+00
  5.058455E+00  5.268267E+00  5.704119E+00  6.556798E+00  8.247620E+00  1.152054E+01  1.742680E+01  2.708889E+01  4.028162E+01  5.489828E+01
  6.886890E+01  8.060733E+01  8.892525E+01  9.401119E+01  9.683317E+01  9.827333E+01  6.924770E+00  6.898497E+00  7.294048E+00  7.653608E+00
  8.385421E+00  9.803501E+00  1.253958E+01  1.752653E+01  2.565342E+01  3.693378E+01  4.951927E+01  6.190859E+01  7.366977E+01  8.359608E+01
  9.063168E+01  9.493307E+01  9.732051E+01  9.853877E+01  1.273447E+01  1.268941E+01  1.356407E+01  1.437640E+01  1.597928E+01  1.886208E+01
  2.396329E+01  3.185715E+01  4.168704E+01  5.148142E+01  6.059772E+01  6.998343E+01  7.922031E+01  8.705293E+01  9.260533E+01  9.599960E+01
  9.788439E+01  9.884614E+01  4.918907E+01  4.903966E+01  5.007227E+01  5.077767E+01  5.190305E+01  5.328024E+01  5.511332E+01  5.771085E+01
  6.118070E+01  6.580733E+01  7.146834E+01  7.809005E+01  8.481199E+01  9.053432E+01  9.459384E+01  9.707056E+01  9.845224E+01  9.915622E+01
  2.480041E+00  2.466998E+00  2.558800E+00  2.633622E+00  2.791440E+00  3.101480E+00  3.736958E+00  5.017278E+00  7.528936E+00  1.241939E+01
  2.149304E+01  3.609651E+01  5.454605E+01  7.157115E+01  8.374767E+01  9.119817E+01  9.532446E+01  9.741366E+01  2.516841E+00  2.504659E+00
  2.595576E+00  2.674233E+00  2.837079E+00  3.154373E+00  3.804990E+00  5.112191E+00  7.680282E+00  1.265811E+01  2.185912E+01  3.655823E+01
  5.495472E+01  7.183618E+01  8.389916E+01  9.128010E+01  9.536792E+01  9.743766E+01  2.635045E+00  2.621905E+00  2.719955E+00  2.803257E+00
  2.978133E+00  3.317100E+00  4.017870E+00  5.412714E+00  8.148092E+00  1.341435E+01  2.300653E+01  3.796990E+01  5.617677E+01  7.262450E+01
  8.434998E+01  9.152391E+01  9.549726E+01  9.750902E+01  2.850667E+00  2.837095E+00  2.947103E+00  3.048568E+00  3.240757E+00  3.620748E+00
  4.409517E+00  5.976019E+00  9.021880E+00  1.481068E+01  2.507663E+01  4.040609E+01  5.820116E+01  7.391690E+01  8.508873E+01  9.192342E+01
  9.570928E+01  9.762602E+01  3.214064E+00  3.202160E+00  3.328513E+00  3.438876E+00  3.673630E+00  4.131628E+00  5.063988E+00  6.920154E+00
  1.048900E+01  1.711621E+01  2.833249E+01  4.396632E+01  6.099838E+01  7.568231E+01  8.609753E+01  9.246915E+01  9.599889E+01  9.778585E+01
  3.808574E+00  3.791572E+00  3.953694E+00  4.102348E+00  4.400099E+00  4.987572E+00  6.183956E+00  8.533159E+00  1.296192E+01  2.083378E+01
  3.317322E+01  4.873460E+01  6.451678E+01  7.788355E+01  8.735580E+01  9.314984E+01  9.636019E+01  9.798533E+01  4.842130E+00  4.818773E+00
  5.055002E+00  5.263353E+00  5.694715E+00  6.542118E+00  8.227169E+00  1.146631E+01  1.731334E+01  2.688270E+01  4.008703E+01  5.470318E+01
  6.869846E+01  8.049100E+01  8.884612E+01  9.395624E+01  9.678831E+01  9.822188E+01  6.924770E+00  6.900532E+00  7.287642E+00  7.644149E+00
  8.368065E+00  9.771040E+00  1.249289E+01  1.742478E+01  2.548238E+01  3.669004E+01  4.934243E+01  6.173960E+01  7.352230E+01  8.349725E+01
  9.056457E+01  9.488612E+01  9.728219E+01  9.849490E+01  1.273447E+01  1.268237E+01  1.354553E+01  1.434426E+01  1.592767E+01  1.879179E+01
  2.385432E+01  3.169849E+01  4.148870E+01  5.127194E+01  6.046946E+01  6.984446E+01  7.909857E+01  8.697231E+01  9.255183E+01  9.596165E+01
  9.785362E+01  9.881107E+01  4.918907E+01  4.881696E+01  5.006103E+01  5.075695E+01  5.186680E+01  5.326884E+01  5.511021E+01  5.766883E+01
  6.110998E+01  6.568283E+01  7.140377E+01  7.800193E+01  8.472465E+01  9.047475E+01  9.455235E+01  9.704267E+01  9.842903E+01  9.913089E+01
  2.480041E+00  2.476607E+00  2.558869E+00  2.633892E+00  2.788985E+00  3.095868E+00  3.729206E+00  4.994929E+00  7.492465E+00  1.238020E+01
  2.135259E+01  3.588560E+01  5.427959E+01  7.132317E+01  8.357681E+01  9.109575E+01  9.525249E+01  9.733886E+01  2.516841E+00  2.512690E+00
  2.595435E+00  2.673788E+00  2.834449E+00  3.147743E+00  3.797091E+00  5.087840E+00  7.640939E+00  1.261808E+01  2.171706E+01  3.634550E+01
  5.469000E+01  7.159037E+01  8.372974E+01  9.117858E+01  9.529659E+01  9.736350E+01  2.635045E+00  2.630194E+00  2.719561E+00  2.803305E+00
  2.975155E+00  3.310830E+00  4.007999E+00  5.386499E+00  8.104280E+00  1.336683E+01  2.285438E+01  3.775130E+01  5.591637E+01  7.238458E+01
  8.418472E+01  9.142499E+01  9.542791E+01  9.743690E+01  2.850667E+00  2.846504E+00  2.947496E+00  3.047647E+00  3.237214E+00  3.612649E+00
  4.397076E+00  5.945013E+00  8.968399E+00  1.475147E+01  2.490502E+01  4.017988E+01  5.794998E+01  7.368693E+01  8.493032E+01  9.182887E+01
  9.564307E+01  9.755721E+01  3.214064E+00  3.207657E+00  3.328797E+00  3.438293E+00  3.668812E+00  4.121541E+00  5.047675E+00  6.879787E+00
  1.041898E+01  1.703396E+01  2.813552E+01  4.373734E+01  6.076089E+01  7.546583E+01  8.594876E+01  9.238049E+01  9.593706E+01  9.772156E+01
  3.808574E+00  3.803088E+00  3.952658E+00  4.100365E+00  4.392795E+00  4.973988E+00  6.161012E+00  8.474631E+00  1.286501E+01  2.071962E+01
  3.294751E+01  4.851181E+01  6.429873E+01  7.768409E+01  8.721881E+01  9.306850E+01  9.630378E+01  9.792670E+01  4.842130E+00  4.833467E+00
  5.053804E+00  5.260077E+00  5.681465E+00  6.516758E+00  8.186954E+00  1.137212E+01  1.716688E+01  2.672256E+01  3.984549E+01  5.450287E+01
  6.850567E+01  8.031145E+01  8.872308E+01  9.388354E+01  9.673831E+01  9.816986E+01  6.924770E+00  6.913510E+00  7.283502E+00  7.635412E+00
  8.343598E+00  9.722502E+00  1.240941E+01  1.726756E+01  2.525932E+01  3.649966E+01  4.912090E+01  6.157448E+01  7.335562E+01  8.333924E+01
  9.045709E+01  9.482320E+01  9.723946E+01  9.845051E+01  1.273447E+01  1.270890E+01  1.353447E+01  1.432289E+01  1.586369E+01  1.868080E+01
  2.369700E+01  3.144254E+01  4.122884E+01  5.113739E+01  6.030486E+01  6.971572E+01  7.896124E+01  8.684111E+01  9.246238E+01  9.591003E+01
  9.781930E+01  9.877553E+01  4.918907E+01  4.913310E+01  5.004772E+01  5.073880E+01  5.183439E+01  5.320798E+01  5.505365E+01  5.757248E+01
  6.102409E+01  6.562174E+01  7.129559E+01  7.791235E+01  8.462061E+01  9.037456E+01  9.448837E+01  9.700610E+01  9.840424E+01  9.910497E+01
  2.480041E+00  2.481675E+00  2.556511E+00  2.632406E+00  2.787895E+00  3.091717E+00  3.716830E+00  4.971238E+00  7.459871E+00  1.228541E+01
  2.120788E+01  3.555628E+01  5.393177E+01  7.102818E+01  8.339668E+01  9.098174E+01  9.516660E+01  9.725529E+01  2.516841E+00  2.517826E+00
  2.593533E+00  2.672445E+00  2.833874E+00  3.144048E+00  3.784317E+00  5.063245E+00  7.604890E+00  1.251936E+01  2.156807E+01  3.601290E+01
  5.434339E+01  7.129778E+01  8.355136E+01  9.106569E+01  9.521149E+01  9.728070E+01  2.635045E+00  2.636331E+00  2.717279E+00  2.801515E+00
  2.973943E+00  3.306109E+00  3.994648E+00  5.358250E+00  8.064712E+00  1.325891E+01  2.269144E+01  3.741046E+01  5.557635E+01  7.209962E+01
  8.401147E+01  9.131536E+01  9.534500E+01  9.735625E+01  2.850667E+00  2.852212E+00  2.944552E+00  3.045677E+00  3.234826E+00  3.606821E+00
  4.380147E+00  5.909932E+00  8.918489E+00  1.462366E+01  2.472171E+01  3.982818E+01  5.762012E+01  7.341456E+01  8.476541E+01  9.172453E+01
  9.556387E+01  9.748019E+01  3.214064E+00  3.216128E+00  3.325676E+00  3.435033E+00  3.666604E+00  4.112020E+00  5.024673E+00  6.834213E+00
  1.035006E+01  1.687335E+01  2.792287E+01  4.337751E+01  6.044831E+01  7.521068E+01  8.579525E+01  9.228341E+01  9.586291E+01  9.764947E+01
  3.808574E+00  3.810277E+00  3.948293E+00  4.096403E+00  4.388350E+00  4.958029E+00  6.125897E+00  8.409179E+00  1.276280E+01  2.050940E+01
  3.270453E+01  4.815550E+01  6.401143E+01  7.745036E+01  8.707932E+01  9.298039E+01  9.623594E+01  9.786080E+01  4.842130E+00  4.843690E+00
  5.047604E+00  5.252318E+00  5.670748E+00  6.490424E+00  8.129886E+00  1.126866E+01  1.700687E+01  2.644593E+01  3.958562E+01  5.417060E+01
  6.824915E+01  8.010231E+01  8.859977E+01  9.380590E+01  9.667792E+01  9.811137E+01  6.924770E+00  6.927748E+00  7.272632E+00  7.622132E+00
  8.319515E+00  9.672222E+00  1.229943E+01  1.708358E+01  2.501244E+01  3.616686E+01  4.889137E+01  6.128382E+01  7.313421E+01  8.315831E+01
  9.035139E+01  9.475723E+01  9.718753E+01  9.840044E+01  1.273447E+01  1.274116E+01  1.350945E+01  1.428510E+01  1.579735E+01  1.855373E+01
  2.347661E+01  3.113837E+01  4.094468E+01  5.086454E+01  6.015698E+01  6.947290E+01  7.877919E+01  8.669115E+01  9.237650E+01  9.585724E+01
  9.777709E+01  9.873531E+01  4.918907E+01  4.921252E+01  5.003609E+01  5.071809E+01  5.179597E+01  5.317076E+01  5.497442E+01  5.749453E+01
  6.092792E+01  6.548660E+01  7.119397E+01  7.773914E+01  8.449430E+01  9.026915E+01  9.442565E+01  9.696749E+01  9.837354E+01  9.907523E+01
  2.480041E+00  2.480574E+00  2.558229E+00  2.630517E+00  2.788298E+00  3.086119E+00  3.705282E+00  4.950950E+00  7.407287E+00  1.216824E+01
  2.101262E+01  3.525642E+01  5.355848E+01  7.075546E+01  8.318403E+01  9.085522E+01  9.507970E+01  9.717901E+01  2.516841E+00  2.517157E+00
  2.594864E+00  2.670180E+00  2.833493E+00  3.138491E+00  3.773076E+00  5.042779E+00  7.551178E+00  1.239942E+01  2.136835E+01  3.570985E+01
  5.397189E+01  7.102783E+01  8.334052E+01  9.094028E+01  9.512539E+01  9.720511E+01  2.635045E+00  2.635972E+00  2.718617E+00  2.799752E+00
  2.973600E+00  3.300606E+00  3.980221E+00  5.335817E+00  8.004794E+00  1.312692E+01  2.247867E+01  3.710078E+01  5.521077E+01  7.183820E+01
  8.380611E+01  9.119333E+01  9.526121E+01  9.728276E+01  2.850667E+00  2.852672E+00  2.946192E+00  3.042845E+00  3.233884E+00  3.599179E+00
  4.363578E+00  5.882730E+00  8.847342E+00  1.447207E+01  2.448502E+01  3.950814E+01  5.726526E+01  7.316679E+01  8.456924E+01  9.160809E+01
  9.548389E+01  9.741006E+01  3.214064E+00  3.215498E+00  3.326757E+00  3.432589E+00  3.665014E+00  4.102564E+00  5.003354E+00  6.794827E+00
  1.025837E+01  1.668959E+01  2.765129E+01  4.305150E+01  6.011281E+01  7.498148E+01  8.561142E+01  9.217455E+01  9.578811E+01  9.758409E+01
  3.808574E+00  3.807284E+00  3.949613E+00  4.091430E+00  4.381532E+00  4.943829E+00  6.093026E+00  8.352728E+00  1.263450E+01  2.027714E+01
  3.239288E+01  4.783611E+01  6.370289E+01  7.724432E+01  8.691101E+01  9.288097E+01  9.616761E+01  9.780124E+01  4.842130E+00  4.841858E+00
  5.047586E+00  5.244689E+00  5.661386E+00  6.463443E+00  8.075971E+00  1.117396E+01  1.681862E+01  2.614492E+01  3.924654E+01  5.387860E+01
  6.797363E+01  7.992262E+01  8.844951E+01  9.371743E+01  9.661716E+01  9.805869E+01  6.924770E+00  6.926818E+00  7.271145E+00  7.605585E+00
  8.296113E+00  9.620098E+00  1.219255E+01  1.691509E+01  2.473077E+01  3.580920E+01  4.857294E+01  6.103957E+01  7.289581E+01  8.300697E+01
  9.022154E+01  9.468107E+01  9.713535E+01  9.835565E+01  1.273447E+01  1.273881E+01  1.350248E+01  1.424817E+01  1.573897E+01  1.842669E+01
  2.325968E+01  3.085015E+01  4.062206E+01  5.056442E+01  5.991277E+01  6.927912E+01  7.858126E+01  8.657043E+01  9.227044E+01  9.579508E+01
  9.773477E+01  9.869951E+01  4.918907E+01  4.923513E+01  5.000845E+01  5.066248E+01  5.176764E+01  5.310759E+01  5.488971E+01  5.739554E+01
  6.080360E+01  6.532262E+01  7.102434E+01  7.760241E+01  8.435152E+01  9.017889E+01  9.435022E+01  9.692319E+01  9.834323E+01  9.904969E+01
  2.480041E+00  2.481443E+00  2.557750E+00  2.627815E+00  2.777026E+00  3.066315E+00  3.663008E+00  4.839266E+00  7.210414E+00  1.177420E+01
  2.014615E+01  3.378085E+01  5.177044E+01  6.923333E+01  8.218760E+01  9.025928E+01  9.473838E+01  9.696222E+01  2.516841E+00  2.517595E+00
  2.593768E+00  2.666894E+00  2.820712E+00  3.117324E+00  3.728428E+00  4.928952E+00  7.348248E+00  1.199293E+01  2.048066E+01  3.421913E+01
  5.218913E+01  6.951912E+01  8.235327E+01  9.034979E+01  9.478716E+01  9.699025E+01  2.635045E+00  2.636050E+00  2.717606E+00  2.796028E+00
  2.959229E+00  3.275509E+00  3.929507E+00  5.206214E+00  7.776239E+00  1.267656E+01  2.152734E+01  3.556445E+01  5.344892E+01  7.036923E+01
  8.284624E+01  9.061906E+01  9.493220E+01  9.707372E+01  2.850667E+00  2.852024E+00  2.943687E+00  3.037047E+00  3.218913E+00  3.568748E+00
  4.299767E+00  5.725253E+00  8.568431E+00  1.393565E+01  2.342068E+01  3.791160E+01  5.555178E+01  7.176392E+01  8.365421E+01  9.106037E+01
  9.516998E+01  9.721051E+01  3.214064E+00  3.215190E+00  3.323587E+00  3.425456E+00  3.640363E+00  4.059079E+00  4.918627E+00  6.587980E+00
  9.893536E+00  1.600705E+01  2.642325E+01  4.140063E+01  5.848479E+01  7.366972E+01  8.475732E+01  9.166309E+01  9.549483E+01  9.739751E+01
  3.808574E+00  3.810462E+00  3.943843E+00  4.079663E+00  4.348413E+00  4.878066E+00  5.957365E+00  8.052129E+00  1.210974E+01  1.936579E+01
  3.097113E+01  4.618790E+01  6.220530E+01  7.604557E+01  8.613221E+01  9.241436E+01  9.589987E+01  9.763081E+01  4.842130E+00  4.845411E+00
  5.035072E+00  5.220590E+00  5.603814E+00  6.343575E+00  7.839944E+00  1.068820E+01  1.601092E+01  2.491206E+01  3.767899E+01  5.234471E+01
  6.664240E+01  7.885468E+01  8.775781E+01  9.330286E+01  9.637917E+01  9.790707E+01  6.924770E+00  6.926664E+00  7.243013E+00  7.546759E+00
  8.171922E+00  9.367834E+00  1.173140E+01  1.604373E+01  2.346822E+01  3.427531E+01  4.709513E+01  5.972951E+01  7.174748E+01  8.208310E+01
  8.962609E+01  9.432435E+01  9.693048E+01  9.822516E+01  1.273447E+01  1.274169E+01  1.342882E+01  1.410981E+01  1.540422E+01  1.785355E+01
  2.229896E+01  2.939079E+01  3.908078E+01  4.930935E+01  5.884540E+01  6.821839E+01  7.763132E+01  8.581039E+01  9.178288E+01  9.550385E+01
  9.756757E+01  9.859315E+01  4.918907E+01  4.921278E+01  4.993667E+01  5.054197E+01  5.154377E+01  5.287124E+01  5.460334E+01  5.693743E+01
  6.031513E+01  6.473750E+01  7.036873E+01  7.685368E+01  8.366243E+01  8.963183E+01  9.399343E+01  9.671304E+01  9.822252E+01  9.897273E+01
  2.480041E+00  2.476931E+00  2.553697E+00  2.623931E+00  2.772248E+00  3.059152E+00  3.643548E+00  4.804598E+00  7.127437E+00  1.162017E+01
  1.980783E+01  3.327275E+01  5.113924E+01  6.869902E+01  8.181989E+01  9.003018E+01  9.459556E+01  9.684672E+01  2.516841E+00  2.513085E+00
  2.590005E+00  2.662695E+00  2.814941E+00  3.109823E+00  3.708824E+00  4.891714E+00  7.261954E+00  1.183281E+01  2.013465E+01  3.370467E+01
  5.155927E+01  6.898949E+01  8.198890E+01  9.012274E+01  9.464561E+01  9.687579E+01  2.635045E+00  2.630730E+00  2.713630E+00  2.791440E+00
  2.953126E+00  3.266579E+00  3.906945E+00  5.167448E+00  7.681928E+00  1.250163E+01  2.115694E+01  3.503313E+01  5.282478E+01  6.985400E+01
  8.249184E+01  9.039807E+01  9.479450E+01  9.696235E+01  2.850667E+00  2.847183E+00  2.938735E+00  3.032119E+00  3.211369E+00  3.558453E+00
  4.272609E+00  5.674379E+00  8.455935E+00  1.373000E+01  2.300875E+01  3.735531E+01  5.494120E+01  7.127258E+01  8.331602E+01  9.084946E+01
  9.503858E+01  9.710424E+01  3.214064E+00  3.209601E+00  3.318348E+00  3.419229E+00  3.632005E+00  4.044475E+00  4.883685E+00  6.523617E+00
  9.749800E+00  1.575383E+01  2.595096E+01  4.082133E+01  5.789979E+01  7.321174E+01  8.444147E+01  9.146582E+01  9.537208E+01  9.729815E+01
  3.808574E+00  3.803432E+00  3.937333E+00  4.070233E+00  4.334724E+00  4.856178E+00  5.908111E+00  7.958048E+00  1.191248E+01  1.903161E+01
  3.042173E+01  4.560119E+01  6.166384E+01  7.562887E+01  8.584371E+01  9.223405E+01  9.578790E+01  9.754010E+01  4.842130E+00  4.835659E+00
  5.024346E+00  5.205926E+00  5.579417E+00  6.304656E+00  7.753086E+00  1.053602E+01  1.571109E+01  2.446512E+01  3.706130E+01  5.179071E+01
  6.615952E+01  7.848571E+01  8.750121E+01  9.314229E+01  9.627972E+01  9.782656E+01  6.924770E+00  6.915572E+00  7.224154E+00  7.519767E+00
  8.130008E+00  9.287204E+00  1.157259E+01  1.576696E+01  2.300473E+01  3.370832E+01  4.648936E+01  5.925527E+01  7.132899E+01  8.176581E+01
  8.940460E+01  9.418571E+01  9.684512E+01  9.815615E+01  1.273447E+01  1.271570E+01  1.339203E+01  1.404779E+01  1.530292E+01  1.766971E+01
  2.194904E+01  2.891179E+01  3.849633E+01  4.882722E+01  5.838509E+01  6.783348E+01  7.728471E+01  8.555056E+01  9.160091E+01  9.539020E+01
  9.749841E+01  9.853740E+01  4.918907E+01  4.914630E+01  4.988666E+01  5.049471E+01  5.147812E+01  5.277487E+01  5.447899E+01  5.679634E+01
  6.011550E+01  6.452063E+01  7.006871E+01  7.659035E+01  8.340954E+01  8.944379E+01  9.386391E+01  9.663202E+01  9.817264E+01  9.893263E+01
  2.480041E+00  2.482167E+00  2.554669E+00  2.625386E+00  2.767992E+00  3.046479E+00  3.622097E+00  4.770028E+00  7.044574E+00  1.145971E+01
  1.946350E+01  3.271803E+01  5.045618E+01  6.810074E+01  8.140651E+01  8.978834E+01  9.444030E+01  9.673150E+01  2.516841E+00  2.518380E+00
  2.590293E+00  2.663688E+00  2.810100E+00  3.098107E+00  3.686347E+00  4.855089E+00  7.175954E+00  1.166834E+01  1.978361E+01  3.314402E+01
  5.087791E+01  6.839637E+01  8.157921E+01  8.988316E+01  9.449173E+01  9.676160E+01  2.635045E+00  2.636757E+00  2.714447E+00  2.791753E+00
  2.947587E+00  3.253942E+00  3.879267E+00  5.126629E+00  7.584848E+00  1.231999E+01  2.078391E+01  3.445518E+01  5.214812E+01  6.927625E+01
  8.209331E+01  9.016526E+01  9.464478E+01  9.685116E+01  2.850667E+00  2.852706E+00  2.939822E+00  3.031542E+00  3.204090E+00  3.542601E+00
  4.242787E+00  5.625339E+00  8.343358E+00  1.352216E+01  2.259403E+01  3.675209E+01  5.427972E+01  7.072046E+01  8.293571E+01  9.062756E+01
  9.489565E+01  9.699805E+01  3.214064E+00  3.216278E+00  3.317375E+00  3.418500E+00  3.623235E+00  4.025091E+00  4.844676E+00  6.458856E+00
  9.607252E+00  1.549713E+01  2.547455E+01  4.019188E+01  5.726742E+01  7.269524E+01  8.408602E+01  9.125896E+01  9.523844E+01  9.719882E+01
  3.808574E+00  3.811551E+00  3.937320E+00  4.068009E+00  4.322075E+00  4.827668E+00  5.854466E+00  7.865070E+00  1.171474E+01  1.869753E+01
  2.986626E+01  4.496431E+01  6.107949E+01  7.515696E+01  8.551912E+01  9.204570E+01  9.566577E+01  9.744930E+01  4.842130E+00  4.845597E+00
  5.023816E+00  5.200627E+00  5.558948E+00  6.260483E+00  7.664903E+00  1.037601E+01  1.541004E+01  2.401189E+01  3.643592E+01  5.118720E+01
  6.563970E+01  7.806496E+01  8.721233E+01  9.297553E+01  9.617110E+01  9.774577E+01  6.924770E+00  6.929402E+00  7.219076E+00  7.507955E+00
  8.084577E+00  9.196375E+00  1.140375E+01  1.548571E+01  2.253483E+01  3.313595E+01  4.587274E+01  5.874060E+01  7.088348E+01  8.140074E+01
  8.915514E+01  9.404279E+01  9.675162E+01  9.808665E+01  1.273447E+01  1.274352E+01  1.337089E+01  1.400751E+01  1.520575E+01  1.746265E+01
  2.160624E+01  2.842593E+01  3.788297E+01  4.833857E+01  5.792986E+01  6.742489E+01  7.691900E+01  8.524732E+01  9.139698E+01  9.527424E+01
  9.742216E+01  9.848092E+01  4.918907E+01  4.923182E+01  4.988583E+01  5.049137E+01  5.141342E+01  5.265929E+01  5.432448E+01  5.667907E+01
  5.991761E+01  6.430943E+01  6.979097E+01  7.630544E+01  8.315118E+01  8.922678E+01  9.371609E+01  9.654997E+01  9.811825E+01  9.889214E+01
  2.480041E+00  2.469742E+00  2.554060E+00  2.623514E+00  2.767394E+00  3.044143E+00  3.612454E+00  4.748888E+00  7.008625E+00  1.136084E+01
  1.934926E+01  3.250965E+01  5.016573E+01  6.785709E+01  8.124449E+01  8.967944E+01  9.436719E+01  9.666042E+01  2.516841E+00  2.505859E+00
  2.589434E+00  2.662183E+00  2.809280E+00  3.095198E+00  3.675811E+00  4.834348E+00  7.138133E+00  1.156639E+01  1.966653E+01  3.293346E+01
  5.058795E+01  6.815472E+01  8.141868E+01  8.977520E+01  9.441930E+01  9.669121E+01  2.635045E+00  2.624464E+00  2.713329E+00  2.789870E+00
  2.946230E+00  3.250598E+00  3.867836E+00  5.104254E+00  7.544149E+00  1.221098E+01  2.065797E+01  3.423762E+01  5.186067E+01  6.904008E+01
  8.193713E+01  9.006006E+01  9.457426E+01  9.678265E+01  2.850667E+00  2.840127E+00  2.939187E+00  3.029406E+00  3.203317E+00  3.538492E+00
  4.229518E+00  5.599104E+00  8.296791E+00  1.340081E+01  2.245415E+01  3.652377E+01  5.399596E+01  7.049447E+01  8.278664E+01  9.052699E+01
  9.482832E+01  9.693266E+01  3.214064E+00  3.200682E+00  3.316700E+00  3.416010E+00  3.619833E+00  4.019869E+00  4.829436E+00  6.426235E+00
  9.549499E+00  1.535431E+01  2.531356E+01  3.995395E+01  5.699500E+01  7.248301E+01  8.394665E+01  9.116460E+01  9.517545E+01  9.713768E+01
  3.808574E+00  3.793391E+00  3.934937E+00  4.064647E+00  4.318759E+00  4.819611E+00  5.832650E+00  7.819064E+00  1.163568E+01  1.852040E+01
  2.967909E+01  4.472287E+01  6.082498E+01  7.496189E+01  8.539179E+01  9.195914E+01  9.560822E+01  9.739352E+01  4.842130E+00  4.822773E+00
  5.019081E+00  5.194922E+00  5.552588E+00  6.244911E+00  7.629418E+00  1.030921E+01  1.529679E+01  2.378123E+01  3.622419E+01  5.095885E+01
  6.541122E+01  7.789000E+01  8.709879E+01  9.289810E+01  9.611990E+01  9.769627E+01  6.924770E+00  6.898056E+00  7.214428E+00  7.497188E+00
  8.073321E+00  9.168025E+00  1.134314E+01  1.536810E+01  2.236055E+01  3.284926E+01  4.566631E+01  5.854624E+01  7.068430E+01  8.124883E+01
  8.905720E+01  9.397569E+01  9.670763E+01  9.804440E+01  1.273447E+01  1.267856E+01  1.335857E+01  1.398343E+01  1.517086E+01  1.739274E+01
  2.147833E+01  2.821432E+01  3.766050E+01  4.806631E+01  5.778606E+01  6.727109E+01  7.675050E+01  8.512118E+01  9.131583E+01  9.521912E+01
  9.738647E+01  9.844701E+01  4.918907E+01  4.901984E+01  4.986931E+01  5.046712E+01  5.138630E+01  5.263047E+01  5.428409E+01  5.660746E+01
  5.983754E+01  6.417764E+01  6.970881E+01  7.618829E+01  8.302807E+01  8.914044E+01  9.365698E+01  9.650951E+01  9.809328E+01  9.886727E+01
  2.480041E+00  2.476806E+00  2.554100E+00  2.622058E+00  2.769021E+00  3.047019E+00  3.623988E+00  4.766422E+00  7.041309E+00  1.144606E+01
  1.946143E+01  3.269418E+01  5.042035E+01  6.805885E+01  8.137703E+01  8.975372E+01  9.438885E+01  9.663863E+01  2.516841E+00  2.512907E+00
  2.589572E+00  2.660702E+00  2.810730E+00  3.098866E+00  3.687820E+00  4.851780E+00  7.172607E+00  1.165381E+01  1.978129E+01  3.312046E+01
  5.084187E+01  6.835465E+01  8.154995E+01  8.984879E+01  9.444071E+01  9.666956E+01  2.635045E+00  2.630930E+00  2.713689E+00  2.788764E+00
  2.948417E+00  3.254583E+00  3.881414E+00  5.123331E+00  7.581565E+00  1.230494E+01  2.078041E+01  3.443112E+01  5.211284E+01  6.923471E+01
  8.206460E+01  9.013161E+01  9.459502E+01  9.676154E+01  2.850667E+00  2.846291E+00  2.939007E+00  3.028030E+00  3.206421E+00  3.543860E+00
  4.244720E+00  5.621070E+00  8.339425E+00  1.350558E+01  2.258978E+01  3.672651E+01  5.424448E+01  7.067979E+01  8.290801E+01  9.059518E+01
  9.484800E+01  9.691243E+01  3.214064E+00  3.209264E+00  3.317288E+00  3.415030E+00  3.623429E+00  4.025629E+00  4.846344E+00  6.454036E+00
  9.602511E+00  1.547777E+01  2.546813E+01  4.016489E+01  5.723357E+01  7.265559E+01  8.405965E+01  9.122829E+01  9.519368E+01  9.711867E+01
  3.808574E+00  3.802626E+00  3.935881E+00  4.064673E+00  4.323995E+00  4.828140E+00  5.856863E+00  7.859342E+00  1.170863E+01  1.867435E+01
  2.985770E+01  4.493704E+01  6.104744E+01  7.511864E+01  8.549442E+01  9.201731E+01  9.562469E+01  9.737607E+01  4.842130E+00  4.835407E+00
  5.022375E+00  5.194850E+00  5.560488E+00  6.260723E+00  7.666974E+00  1.036850E+01  1.539988E+01  2.398286E+01  3.642397E+01  5.116081E+01
  6.561098E+01  7.802840E+01  8.718971E+01  9.294985E+01  9.613444E+01  9.768078E+01  6.924770E+00  6.912262E+00  7.217319E+00  7.498502E+00
  8.088243E+00  9.195618E+00  1.140692E+01  1.547366E+01  2.252066E+01  3.309780E+01  4.586084E+01  5.871707E+01  7.085843E+01  8.136693E+01
  8.913510E+01  9.402049E+01  9.672018E+01  9.803130E+01  1.273447E+01  1.271263E+01  1.336993E+01  1.399100E+01  1.520770E+01  1.746039E+01
  2.160822E+01  2.840712E+01  3.786319E+01  4.829625E+01  5.791967E+01  6.740636E+01  7.689742E+01  8.521809E+01  9.137980E+01  9.525621E+01
  9.739688E+01  9.843686E+01  4.918907E+01  4.913837E+01  4.987755E+01  5.046655E+01  5.141251E+01  5.266482E+01  5.433764E+01  5.667035E+01
  5.991170E+01  6.428173E+01  6.977760E+01  7.629270E+01  8.313417E+01  8.920894E+01  9.370435E+01  9.653771E+01  9.810038E+01  9.886011E+01
  2.480041E+00  2.480462E+00  2.554656E+00  2.625253E+00  2.769665E+00  3.050264E+00  3.627370E+00  4.778852E+00  7.064463E+00  1.150809E+01
  1.957073E+01  3.285963E+01  5.064115E+01  6.827872E+01  8.151167E+01  8.982797E+01  9.440704E+01  9.661739E+01  2.516841E+00  2.517203E+00
  2.590559E+00  2.663413E+00  2.811758E+00  3.101564E+00  3.692114E+00  4.865106E+00  7.196496E+00  1.171645E+01  1.989274E+01  3.328772E+01
  5.106218E+01  6.857265E+01  8.168334E+01  8.992237E+01  9.445870E+01  9.664849E+01  2.635045E+00  2.635700E+00  2.714796E+00  2.792131E+00
  2.949645E+00  3.257848E+00  3.887391E+00  5.137504E+00  7.607730E+00  1.237376E+01  2.089969E+01  3.460347E+01  5.233124E+01  6.944774E+01
  8.219418E+01  9.020319E+01  9.461243E+01  9.674101E+01  2.850667E+00  2.851967E+00  2.940057E+00  3.031738E+00  3.207902E+00  3.547662E+00
  4.250954E+00  5.638982E+00  8.370896E+00  1.358263E+01  2.272291E+01  3.690770E+01  5.445722E+01  7.088411E+01  8.303144E+01  9.066351E+01
  9.486446E+01  9.689278E+01  3.214064E+00  3.214711E+00  3.318914E+00  3.418845E+00  3.627248E+00  4.030116E+00  4.855564E+00  6.476783E+00
  9.642875E+00  1.557146E+01  2.562239E+01  4.035573E+01  5.743639E+01  7.284766E+01  8.417461E+01  9.129221E+01  9.520883E+01  9.710024E+01
  3.808574E+00  3.809039E+00  3.938198E+00  4.068415E+00  4.328172E+00  4.835963E+00  5.869722E+00  7.892333E+00  1.176758E+01  1.879369E+01
  3.003986E+01  4.513038E+01  6.123357E+01  7.529557E+01  8.559909E+01  9.207580E+01  9.563832E+01  9.735920E+01  4.842130E+00  4.844278E+00
  5.024538E+00  5.201907E+00  5.565878E+00  6.273634E+00  7.689266E+00  1.042340E+01  1.549328E+01  2.414054E+01  3.663175E+01  5.134497E+01
  6.577385E+01  7.818765E+01  8.728231E+01  9.300212E+01  9.614637E+01  9.766589E+01  6.924770E+00  6.925058E+00  7.222686E+00  7.512031E+00
  8.102345E+00  9.223797E+00  1.145248E+01  1.557154E+01  2.266876E+01  3.329857E+01  4.606605E+01  5.887153E+01  7.099609E+01  8.150714E+01
  8.921466E+01  9.406591E+01  9.673039E+01  9.801878E+01  1.273447E+01  1.273770E+01  1.338231E+01  1.401781E+01  1.523896E+01  1.752448E+01
  2.171133E+01  2.857241E+01  3.805806E+01  4.846633E+01  5.807454E+01  6.752674E+01  7.700957E+01  8.533570E+01  9.144458E+01  9.529394E+01
  9.740537E+01  9.842721E+01  4.918907E+01  4.920089E+01  4.990854E+01  5.049444E+01  5.144460E+01  5.270234E+01  5.437457E+01  5.670683E+01
  5.995607E+01  6.437002E+01  6.987583E+01  7.636732E+01  8.321540E+01  8.929012E+01  9.375276E+01  9.656232E+01  9.810620E+01  9.885291E+01
  2.480041E+00  2.480350E+00  2.555784E+00  2.623663E+00  2.771780E+00  3.054658E+00  3.635816E+00  4.794651E+00  7.097670E+00  1.156633E+01
  1.969858E+01  3.304773E+01  5.090126E+01  6.845942E+01  8.164763E+01  8.988869E+01  9.442593E+01  9.659296E+01  2.516841E+00  2.516226E+00
  2.591321E+00  2.662200E+00  2.813826E+00  3.105349E+00  3.700379E+00  4.882084E+00  7.230453E+00  1.177646E+01  2.002249E+01  3.347750E+01
  5.132237E+01  6.875159E+01  8.181814E+01  8.998243E+01  9.447739E+01  9.662425E+01  2.635045E+00  2.635331E+00  2.715411E+00  2.790575E+00
  2.952347E+00  3.262362E+00  3.897818E+00  5.156470E+00  7.647272E+00  1.243966E+01  2.103755E+01  3.480008E+01  5.259023E+01  6.962155E+01
  8.232540E+01  9.026139E+01  9.463058E+01  9.671738E+01  2.850667E+00  2.850771E+00  2.941099E+00  3.030157E+00  3.210474E+00  3.552805E+00
  4.261714E+00  5.660859E+00  8.415446E+00  1.365851E+01  2.287617E+01  3.711295E+01  5.471249E+01  7.104927E+01  8.315686E+01  9.071867E+01
  9.488172E+01  9.687020E+01  3.214064E+00  3.214560E+00  3.320120E+00  3.418302E+00  3.630530E+00  4.037194E+00  4.870380E+00  6.504039E+00
  9.696986E+00  1.566473E+01  2.579750E+01  4.057090E+01  5.768334E+01  7.300113E+01  8.429220E+01  9.134320E+01  9.522492E+01  9.707909E+01
  3.808574E+00  3.807906E+00  3.939462E+00  4.068752E+00  4.332032E+00  4.846241E+00  5.888341E+00  7.929209E+00  1.184075E+01  1.891673E+01
  3.024254E+01  4.535005E+01  6.146572E+01  7.543450E+01  8.570691E+01  9.212168E+01  9.565298E+01  9.733986E+01  4.842130E+00  4.843475E+00
  5.027125E+00  5.202024E+00  5.573746E+00  6.288925E+00  7.721471E+00  1.048578E+01  1.560344E+01  2.430551E+01  3.686247E+01  5.155458E+01
  6.598592E+01  7.830984E+01  8.737895E+01  9.304208E+01  9.615949E+01  9.764877E+01  6.924770E+00  6.922657E+00  7.226560E+00  7.513651E+00
  8.117705E+00  9.256970E+00  1.151468E+01  1.567694E+01  2.283868E+01  3.350874E+01  4.629754E+01  5.905579E+01  7.118433E+01  8.161123E+01
  8.929910E+01  9.409951E+01  9.674195E+01  9.800439E+01  1.273447E+01  1.273599E+01  1.339214E+01  1.403041E+01  1.527187E+01  1.759784E+01
  2.182763E+01  2.874826E+01  3.827750E+01  4.865477E+01  5.825396E+01  6.767568E+01  7.716911E+01  8.541999E+01  9.151504E+01  9.532036E+01
  9.741532E+01  9.841608E+01  4.918907E+01  4.919099E+01  4.991797E+01  5.048811E+01  5.147300E+01  5.273699E+01  5.443367E+01  5.676579E+01
  6.004835E+01  6.444801E+01  6.999430E+01  7.647705E+01  8.332348E+01  8.934845E+01  9.380467E+01  9.658189E+01  9.811289E+01  9.884478E+01
  2.480041E+00  2.481769E+00  2.554481E+00  2.625015E+00  2.771502E+00  3.057841E+00  3.642211E+00  4.799880E+00  7.133644E+00  1.161086E+01
  1.979159E+01  3.325752E+01  5.109926E+01  6.865469E+01  8.177517E+01  8.995335E+01  9.444491E+01  9.656832E+01  2.516841E+00  2.517834E+00
  2.590700E+00  2.663729E+00  2.813861E+00  3.108652E+00  3.707428E+00  4.887245E+00  7.267883E+00  1.182322E+01  2.011813E+01  3.368911E+01
  5.151995E+01  6.894524E+01  8.194451E+01  9.004651E+01  9.449619E+01  9.659981E+01  2.635045E+00  2.636414E+00  2.714456E+00  2.792026E+00
  2.951591E+00  3.265626E+00  3.905841E+00  5.162647E+00  7.687755E+00  1.249145E+01  2.113988E+01  3.501832E+01  5.278532E+01  6.981045E+01
  8.244833E+01  9.032365E+01  9.464883E+01  9.669353E+01  2.850667E+00  2.852521E+00  2.939839E+00  3.032093E+00  3.210320E+00  3.556978E+00
  4.270758E+00  5.669132E+00  8.462455E+00  1.371946E+01  2.299081E+01  3.734058E+01  5.490239E+01  7.122990E+01  8.327406E+01  9.077795E+01
  9.489912E+01  9.684737E+01  3.214064E+00  3.215455E+00  3.319134E+00  3.420218E+00  3.630622E+00  4.042066E+00  4.881207E+00  6.518593E+00
  9.756047E+00  1.574137E+01  2.593164E+01  4.080737E+01  5.786329E+01  7.317036E+01  8.440167E+01  9.139846E+01  9.524120E+01  9.705769E+01
  3.808574E+00  3.810722E+00  3.937908E+00  4.071860E+00  4.333459E+00  4.853483E+00  5.905534E+00  7.952198E+00  1.191912E+01  1.901711E+01
  3.040117E+01  4.558839E+01  6.162931E+01  7.558956E+01  8.580672E+01  9.217199E+01  9.566785E+01  9.732028E+01  4.842130E+00  4.843583E+00
  5.026371E+00  5.206976E+00  5.576978E+00  6.302101E+00  7.750278E+00  1.052750E+01  1.571782E+01  2.444671E+01  3.704120E+01  5.178101E+01
  6.612804E+01  7.844884E+01  8.746778E+01  9.308678E+01  9.617282E+01  9.763142E+01  6.924770E+00  6.927211E+00  7.227158E+00  7.522538E+00
  8.125963E+00  9.283655E+00  1.156719E+01  1.575500E+01  2.301160E+01  3.368744E+01  4.647033E+01  5.925151E+01  7.130259E+01  8.173226E+01
  8.937592E+01  9.413804E+01  9.675367E+01  9.798977E+01  1.273447E+01  1.273897E+01  1.339288E+01  1.405135E+01  1.529523E+01  1.766150E+01
  2.194011E+01  2.889324E+01  3.850466E+01  4.880831E+01  5.837135E+01  6.783522E+01  7.726276E+01  8.552274E+01  9.157777E+01  9.535207E+01
  9.742530E+01  9.840480E+01  4.918907E+01  4.920473E+01  4.989672E+01  5.050340E+01  5.145559E+01  5.276704E+01  5.447482E+01  5.677642E+01
  6.013097E+01  6.450659E+01  7.006043E+01  7.659351E+01  8.339280E+01  8.942577E+01  9.385013E+01  9.660509E+01  9.812003E+01  9.883641E+01
  2.480041E+00  2.481095E+00  2.557059E+00  2.625143E+00  2.773366E+00  3.057369E+00  3.647232E+00  4.819868E+00  7.158591E+00  1.165246E+01
  1.994013E+01  3.340035E+01  5.130327E+01  6.883439E+01  8.189063E+01  9.000607E+01  9.445762E+01  9.653915E+01  2.516841E+00  2.517511E+00
  2.592679E+00  2.664195E+00  2.817002E+00  3.108272E+00  3.712445E+00  4.906817E+00  7.294147E+00  1.186547E+01  2.027040E+01  3.383358E+01
  5.172330E+01  6.912344E+01  8.205885E+01  9.009862E+01  9.450876E+01  9.657090E+01  2.635045E+00  2.635714E+00  2.717193E+00  2.792953E+00
  2.954297E+00  3.265236E+00  3.912259E+00  5.183134E+00  7.716289E+00  1.253881E+01  2.130106E+01  3.516885E+01  5.298659E+01  6.998386E+01
  8.255940E+01  9.037406E+01  9.466098E+01  9.666536E+01  2.850667E+00  2.852585E+00  2.941974E+00  3.033189E+00  3.212212E+00  3.557656E+00
  4.278986E+00  5.693694E+00  8.498189E+00  1.377637E+01  2.316722E+01  3.749848E+01  5.509866E+01  7.139563E+01  8.337980E+01  9.082558E+01
  9.491058E+01  9.682037E+01  3.214064E+00  3.216074E+00  3.322784E+00  3.421440E+00  3.633603E+00  4.044371E+00  4.892287E+00  6.548731E+00
  9.800076E+00  1.581364E+01  2.613099E+01  4.097110E+01  5.804915E+01  7.332500E+01  8.450010E+01  9.144238E+01  9.525175E+01  9.703237E+01
  3.808574E+00  3.809539E+00  3.941904E+00  4.073152E+00  4.338960E+00  4.856811E+00  5.920028E+00  7.993160E+00  1.198203E+01  1.911490E+01
  3.062815E+01  4.575449E+01  6.179904E+01  7.573030E+01  8.589635E+01  9.221138E+01  9.567735E+01  9.729708E+01  4.842130E+00  4.843447E+00
  5.031542E+00  5.209242E+00  5.585775E+00  6.310296E+00  7.774485E+00  1.059075E+01  1.581162E+01  2.458019E+01  3.729398E+01  5.193451E+01
  6.627620E+01  7.857366E+01  8.754711E+01  9.312103E+01  9.618118E+01  9.761084E+01  6.924770E+00  6.924662E+00  7.236043E+00  7.526420E+00
  8.140530E+00  9.301642E+00  1.161750E+01  1.586328E+01  2.316096E+01  3.385979E+01  4.672251E+01  5.937629E+01  7.142677E+01  8.183995E+01
  8.944392E+01  9.416689E+01  9.676096E+01  9.797234E+01  1.273447E+01  1.273991E+01  1.341217E+01  1.406129E+01  1.533139E+01  1.771063E+01
  2.205261E+01  2.907598E+01  3.869859E+01  4.895353E+01  5.857435E+01  6.792763E+01  7.736126E+01  8.560929E+01  9.163371E+01  9.537514E+01
  9.743154E+01  9.839121E+01  4.918907E+01  4.920152E+01  4.993628E+01  5.050712E+01  5.149030E+01  5.277625E+01  5.449399E+01  5.686124E+01
  6.019239E+01  6.456978E+01  7.018512E+01  7.664590E+01  8.346535E+01  8.948498E+01  9.388921E+01  9.662136E+01  9.812457E+01  9.882673E+01
  2.480041E+00  2.480624E+00  2.556780E+00  2.626061E+00  2.776014E+00  3.063246E+00  3.654808E+00  4.822792E+00  7.169866E+00  1.169655E+01
  2.001707E+01  3.359687E+01  5.149826E+01  6.903088E+01  8.201109E+01  9.006968E+01  9.446653E+01  9.651093E+01  2.516841E+00  2.517178E+00
  2.592516E+00  2.664763E+00  2.820201E+00  3.114271E+00  3.719667E+00  4.910975E+00  7.306037E+00  1.191203E+01  2.034926E+01  3.403273E+01
  5.191764E+01  6.931820E+01  8.217826E+01  9.016173E+01  9.451756E+01  9.654290E+01  2.635045E+00  2.635934E+00  2.717012E+00  2.793703E+00
  2.957952E+00  3.271704E+00  3.920336E+00  5.187924E+00  7.731147E+00  1.258985E+01  2.138741E+01  3.537218E+01  5.317910E+01  7.017386E+01
  8.267565E+01  9.043552E+01  9.466938E+01  9.663811E+01  2.850667E+00  2.851800E+00  2.943049E+00  3.034703E+00  3.217098E+00  3.565003E+00
  4.288686E+00  5.701753E+00  8.517352E+00  1.383752E+01  2.326410E+01  3.771109E+01  5.528640E+01  7.157770E+01  8.349091E+01  9.088440E+01
  9.491837E+01  9.679433E+01  3.214064E+00  3.215046E+00  3.322243E+00  3.421951E+00  3.638411E+00  4.053610E+00  4.903490E+00  6.560908E+00
  9.827607E+00  1.589016E+01  2.624697E+01  4.119311E+01  5.822791E+01  7.349611E+01  8.460419E+01  9.149758E+01  9.525875E+01  9.700798E+01
  3.808574E+00  3.808959E+00  3.942631E+00  4.075007E+00  4.344982E+00  4.868706E+00  5.937119E+00  8.013710E+00  1.202426E+01  1.921840E+01
  3.076776E+01  4.597906E+01  6.196280E+01  7.588766E+01  8.599172E+01  9.226211E+01  9.568343E+01  9.727482E+01  4.842130E+00  4.844301E+00
  5.032043E+00  5.215082E+00  5.598174E+00  6.329043E+00  7.805311E+00  1.062812E+01  1.588696E+01  2.472161E+01  3.745189E+01  5.214818E+01
  6.642079E+01  7.871530E+01  8.763251E+01  9.316666E+01  9.618631E+01  9.759114E+01  6.924770E+00  6.924224E+00  7.237469E+00  7.534200E+00
  8.160522E+00  9.337046E+00  1.167099E+01  1.594056E+01  2.328134E+01  3.403965E+01  4.687240E+01  5.956082E+01  7.154887E+01  8.196458E+01
  8.951830E+01  9.420683E+01  9.676529E+01  9.795579E+01  1.273447E+01  1.273774E+01  1.341543E+01  1.408407E+01  1.537383E+01  1.778838E+01
  2.217036E+01  2.921223E+01  3.884915E+01  4.910258E+01  5.867455E+01  6.808221E+01  7.745988E+01  8.571491E+01  9.169546E+01  9.540878E+01
  9.743519E+01  9.837839E+01  4.918907E+01  4.920425E+01  4.991563E+01  5.051841E+01  5.153039E+01  5.282832E+01  5.455537E+01  5.687283E+01
  6.023552E+01  6.463291E+01  7.026163E+01  7.675476E+01  8.353552E+01  8.956290E+01  9.393133E+01  9.664465E+01  9.812685E+01  9.881717E+01
  2.480041E+00  2.481579E+00  2.555791E+00  2.626569E+00  2.778904E+00  3.064466E+00  3.661148E+00  4.835749E+00  7.205502E+00  1.174541E+01
  2.011174E+01  3.373439E+01  5.172944E+01  6.919023E+01  8.211780E+01  9.012508E+01  9.447871E+01  9.648120E+01  2.516841E+00  2.518342E+00
  2.592418E+00  2.665241E+00  2.823205E+00  3.115662E+00  3.726196E+00  4.925584E+00  7.342730E+00  1.196333E+01  2.044612E+01  3.417234E+01
  5.214808E+01  6.947617E+01  8.228389E+01  9.021656E+01  9.452962E+01  9.651340E+01  2.635045E+00  2.636191E+00  2.715861E+00  2.794408E+00
  2.961767E+00  3.273588E+00  3.927162E+00  5.202390E+00  7.770661E+00  1.264638E+01  2.149134E+01  3.551739E+01  5.340869E+01  7.032715E+01
  8.277827E+01  9.048879E+01  9.468111E+01  9.660938E+01  2.850667E+00  2.852668E+00  2.941800E+00  3.035189E+00  3.221229E+00  3.567660E+00
  4.297726E+00  5.720417E+00  8.562379E+00  1.390357E+01  2.338288E+01  3.786378E+01  5.551239E+01  7.172327E+01  8.358847E+01  9.093509E+01
  9.492955E+01  9.676688E+01  3.214064E+00  3.215506E+00  3.322117E+00  3.423737E+00  3.643906E+00  4.056953E+00  4.916479E+00  6.583071E+00
  9.886007E+00  1.597295E+01  2.638363E+01  4.135284E+01  5.844687E+01  7.363119E+01  8.469505E+01  9.154482E+01  9.526916E+01  9.698228E+01
  3.808574E+00  3.810413E+00  3.941992E+00  4.076719E+00  4.351974E+00  4.875694E+00  5.954283E+00  8.045209E+00  1.210214E+01  1.932732E+01
  3.092890E+01  4.614049E+01  6.216888E+01  7.600997E+01  8.607433E+01  9.230511E+01  9.569297E+01  9.725132E+01  4.842130E+00  4.846075E+00
  5.032276E+00  5.218087E+00  5.608071E+00  6.339849E+00  7.836280E+00  1.068244E+01  1.600169E+01  2.486923E+01  3.763418E+01  5.229827E+01
  6.660975E+01  7.882277E+01  8.770560E+01  9.320485E+01  9.619490E+01  9.757035E+01  6.924770E+00  6.927383E+00  7.241487E+00  7.542074E+00
  8.179787E+00  9.363340E+00  1.172637E+01  1.603542E+01  2.345746E+01  3.422833E+01  4.705116E+01  5.968684E+01  7.171899E+01  8.205614E+01
  8.958128E+01  9.423991E+01  9.677299E+01  9.793832E+01  1.273447E+01  1.274295E+01  1.342054E+01  1.409885E+01  1.541517E+01  1.784497E+01
  2.228980E+01  2.938042E+01  3.906984E+01  4.926569E+01  5.880848E+01  6.817934E+01  7.760853E+01  8.578898E+01  9.174680E+01  9.543639E+01
  9.744205E+01  9.836488E+01  4.918907E+01  4.921030E+01  4.993806E+01  5.053201E+01  5.159687E+01  5.285496E+01  5.459813E+01  5.693689E+01
  6.030824E+01  6.470934E+01  7.033590E+01  7.682630E+01  8.364920E+01  8.961872E+01  9.396879E+01  9.666652E+01  9.813138E+01  9.880727E+01
  2.480041E+00  2.479401E+00  2.557592E+00  2.624434E+00  2.776245E+00  3.063093E+00  3.654506E+00  4.831457E+00  7.186138E+00  1.171766E+01
  2.006904E+01  3.367221E+01  5.162425E+01  6.912866E+01  8.205463E+01  9.008032E+01  9.443560E+01  9.642270E+01  2.516841E+00  2.515864E+00
  2.593297E+00  2.663948E+00  2.820734E+00  3.114225E+00  3.719801E+00  4.919804E+00  7.322590E+00  1.193476E+01  2.040252E+01  3.410948E+01
  5.204340E+01  6.941531E+01  8.222134E+01  9.017219E+01  9.448690E+01  9.645545E+01  2.635045E+00  2.634217E+00  2.717558E+00  2.792328E+00
  2.958666E+00  3.271564E+00  3.920014E+00  5.196789E+00  7.749126E+00  1.261522E+01  2.144435E+01  3.545234E+01  5.330463E+01  7.026846E+01
  8.271716E+01  9.044557E+01  9.463953E+01  9.655294E+01  2.850667E+00  2.849956E+00  2.943655E+00  3.033452E+00  3.217662E+00  3.565328E+00
  4.289105E+00  5.713463E+00  8.538516E+00  1.386789E+01  2.332953E+01  3.779576E+01  5.540999E+01  7.166821E+01  8.353001E+01  9.089379E+01
  9.488982E+01  9.671293E+01  3.214064E+00  3.212926E+00  3.324115E+00  3.420610E+00  3.638927E+00  4.054540E+00  4.905692E+00  6.574216E+00
  9.856317E+00  1.592972E+01  2.632188E+01  4.128147E+01  5.834790E+01  7.358094E+01  8.464009E+01  9.150609E+01  9.523199E+01  9.693179E+01
  3.808574E+00  3.808151E+00  3.943902E+00  4.073670E+00  4.346427E+00  4.871572E+00  5.940853E+00  8.032567E+00  1.206260E+01  1.927221E+01
  3.085530E+01  4.606998E+01  6.207593E+01  7.596571E+01  8.602373E+01  9.226968E+01  9.565903E+01  9.720517E+01  4.842130E+00  4.840622E+00
  5.034370E+00  5.213130E+00  5.600283E+00  6.333697E+00  7.816215E+00  1.066172E+01  1.594538E+01  2.479660E+01  3.755177E+01  5.223423E+01
  6.652472E+01  7.878516E+01  8.766019E+01  9.317320E+01  9.616479E+01  9.752938E+01  6.924770E+00  6.920671E+00  7.240010E+00  7.533171E+00
  8.165516E+00  9.351739E+00  1.169094E+01  1.599664E+01  2.336918E+01  3.413692E+01  4.697010E+01  5.963537E+01  7.164294E+01  8.202540E+01
  8.954155E+01  9.421259E+01  9.674727E+01  9.790331E+01  1.273447E+01  1.272798E+01  1.342379E+01  1.408374E+01  1.538886E+01  1.781660E+01
  2.222200E+01  2.931032E+01  3.896132E+01  4.918626E+01  5.874811E+01  6.814311E+01  7.754194E+01  8.576522E+01  9.171407E+01  9.541380E+01
  9.742148E+01  9.833685E+01  4.918907E+01  4.915151E+01  4.992758E+01  5.050826E+01  5.153849E+01  5.284084E+01  5.455405E+01  5.691880E+01
  6.026239E+01  6.467618E+01  7.030267E+01  7.681031E+01  8.359343E+01  8.960056E+01  9.394750E+01  9.664867E+01  9.811679E+01  9.878712E+01
  2.480041E+00  2.481036E+00  2.554161E+00  2.624887E+00  2.773781E+00  3.061328E+00  3.649430E+00  4.824655E+00  7.156233E+00  1.167487E+01
  1.993859E+01  3.343856E+01  5.134697E+01  6.886323E+01  8.189751E+01  8.997457E+01  9.436106E+01  9.635139E+01  2.516841E+00  2.517885E+00
  2.590292E+00  2.663962E+00  2.817678E+00  3.112373E+00  3.714901E+00  4.912015E+00  7.292603E+00  1.188932E+01  2.026817E+01  3.387291E+01
  5.176664E+01  6.915175E+01  8.206554E+01  9.006735E+01  9.441299E+01  9.638478E+01  2.635045E+00  2.635585E+00  2.714272E+00  2.792314E+00
  2.954942E+00  3.268996E+00  3.914500E+00  5.188977E+00  7.715100E+00  1.256379E+01  2.130137E+01  3.520917E+01  5.302950E+01  7.001057E+01
  8.256555E+01  9.034340E+01  9.456754E+01  9.648414E+01  2.850667E+00  2.852143E+00  2.939681E+00  3.032836E+00  3.214045E+00  3.562296E+00
  4.282296E+00  5.699950E+00  8.497760E+00  1.380495E+01  2.316975E+01  3.754239E+01  5.514057E+01  7.141978E+01  8.338512E+01  9.079597E+01
  9.482100E+01  9.664717E+01  3.214064E+00  3.215048E+00  3.319816E+00  3.420432E+00  3.635424E+00  4.048833E+00  4.895329E+00  6.557724E+00
  9.802966E+00  1.584848E+01  2.613790E+01  4.101869E+01  5.808871E+01  7.334582E+01  8.450434E+01  9.141428E+01  9.516751E+01  9.687022E+01
  3.808574E+00  3.810119E+00  3.938748E+00  4.072810E+00  4.340333E+00  4.863453E+00  5.926182E+00  8.005533E+00  1.198839E+01  1.916087E+01
  3.064085E+01  4.580337E+01  6.183481E+01  7.574724E+01  8.589941E+01  9.218528E+01  9.559991E+01  9.714886E+01  4.842130E+00  4.843867E+00
  5.026838E+00  5.210452E+00  5.591369E+00  6.319879E+00  7.784849E+00  1.061011E+01  1.582875E+01  2.463891E+01  3.731103E+01  5.198179E+01
  6.630701E+01  7.858614E+01  8.754904E+01  9.309756E+01  9.611204E+01  9.747929E+01  6.924770E+00  6.925606E+00  7.230207E+00  7.528876E+00
  8.147381E+00  9.317094E+00  1.163494E+01  1.589963E+01  2.319158E+01  3.393456E+01  4.673557E+01  5.941734E+01  7.145201E+01  8.184846E+01
  8.944511E+01  9.414680E+01  9.670175E+01  9.786028E+01  1.273447E+01  1.273668E+01  1.340194E+01  1.406762E+01  1.534693E+01  1.774455E+01
  2.208916E+01  2.913592E+01  3.873878E+01  4.901996E+01  5.856956E+01  6.796288E+01  7.738136E+01  8.561507E+01  9.163476E+01  9.535945E+01
  9.738433E+01  9.830211E+01  4.918907E+01  4.918563E+01  4.988341E+01  5.050225E+01  5.150583E+01  5.280475E+01  5.451208E+01  5.687450E+01
  6.021341E+01  6.459559E+01  7.017383E+01  7.666425E+01  8.348089E+01  8.948874E+01  9.388986E+01  9.661095E+01  9.809116E+01  9.876177E+01
  2.480041E+00  2.480237E+00  2.555871E+00  2.625495E+00  2.772001E+00  3.056865E+00  3.638067E+00  4.802367E+00  7.130402E+00  1.159393E+01
  1.978585E+01  3.326439E+01  5.110685E+01  6.865116E+01  8.174360E+01  8.987446E+01  9.428838E+01  9.628008E+01  2.516841E+00  2.516651E+00
  2.592092E+00  2.664121E+00  2.813922E+00  3.107961E+00  3.703285E+00  4.889314E+00  7.264623E+00  1.180636E+01  2.011277E+01  3.369588E+01
  5.152745E+01  6.894179E+01  8.191307E+01  8.996815E+01  9.434095E+01  9.631408E+01  2.635045E+00  2.635534E+00  2.715714E+00  2.792528E+00
  2.952893E+00  3.264634E+00  3.902176E+00  5.164947E+00  7.684842E+00  1.247427E+01  2.113502E+01  3.502589E+01  5.279281E+01  6.980692E+01
  8.241745E+01  9.024689E+01  9.449742E+01  9.641530E+01  2.850667E+00  2.850885E+00  2.941441E+00  3.033168E+00  3.211426E+00  3.556443E+00
  4.267303E+00  5.672353E+00  8.459338E+00  1.370175E+01  2.298740E+01  3.734929E+01  5.490990E+01  7.122663E+01  8.324413E+01  9.070390E+01
  9.475409E+01  9.658140E+01  3.214064E+00  3.214064E+00  3.320522E+00  3.421653E+00  3.631467E+00  4.041896E+00  4.877265E+00  6.521540E+00
  9.754153E+00  1.572374E+01  2.593077E+01  4.081701E+01  5.787006E+01  7.316721E+01  8.437310E+01  9.132829E+01  9.510495E+01  9.680866E+01
  3.808574E+00  3.809611E+00  3.939952E+00  4.073196E+00  4.334061E+00  4.853386E+00  5.900858E+00  7.956834E+00  1.191940E+01  1.899988E+01
  3.040294E+01  4.560011E+01  6.163508E+01  7.558660E+01  8.578000E+01  9.210688E+01  9.554282E+01  9.709258E+01  4.842130E+00  4.843263E+00
  5.027738E+00  5.208518E+00  5.579223E+00  6.301491E+00  7.745607E+00  1.053470E+01  1.572012E+01  2.443048E+01  3.704562E+01  5.179317E+01
  6.613235E+01  7.844632E+01  8.744358E+01  9.302798E+01  9.606136E+01  9.742923E+01  6.924770E+00  6.923486E+00  7.230461E+00  7.525562E+00
  8.130140E+00  9.282737E+00  1.156402E+01  1.576913E+01  2.301894E+01  3.367064E+01  4.647699E+01  5.926280E+01  7.130593E+01  8.173042E+01
  8.935496E+01  9.408707E+01  9.665833E+01  9.781732E+01  1.273447E+01  1.273343E+01  1.339938E+01  1.405739E+01  1.530214E+01  1.766399E+01
  2.193642E+01  2.891980E+01  3.851661E+01  4.878477E+01  5.837841E+01  6.784690E+01  7.726551E+01  8.552129E+01  9.156136E+01  9.531087E+01
  9.734920E+01  9.826732E+01  4.918907E+01  4.917823E+01  4.989806E+01  5.050830E+01  5.148569E+01  5.276126E+01  5.446335E+01  5.680576E+01
  6.013190E+01  6.448639E+01  7.005901E+01  7.660384E+01  8.339230E+01  8.942471E+01  9.383652E+01  9.657539E+01  9.806551E+01  9.873687E+01
  2.480041E+00  2.482449E+00  2.554367E+00  2.624686E+00  2.769749E+00  3.052532E+00  3.633141E+00  4.786808E+00  7.093740E+00  1.154973E+01
  1.966650E+01  3.299926E+01  5.082458E+01  6.839204E+01  8.158129E+01  8.976667E+01  9.420892E+01  9.621210E+01  2.516841E+00  2.518286E+00
  2.590544E+00  2.663597E+00  2.811965E+00  3.102810E+00  3.697639E+00  4.873870E+00  7.226462E+00  1.176007E+01  1.999053E+01  3.342873E+01
  5.124579E+01  6.868466E+01  8.175227E+01  8.986130E+01  9.426218E+01  9.624668E+01  2.635045E+00  2.637421E+00  2.714032E+00  2.791697E+00
  2.949587E+00  3.260052E+00  3.894780E+00  5.147718E+00  7.643113E+00  1.242267E+01  2.100404E+01  3.475103E+01  5.251378E+01  6.955591E+01
  8.226119E+01  9.014291E+01  9.442064E+01  9.634968E+01  2.850667E+00  2.852996E+00  2.939722E+00  3.031745E+00  3.207960E+00  3.550568E+00
  4.258257E+00  5.651963E+00  8.410830E+00  1.364010E+01  2.284043E+01  3.706295E+01  5.463688E+01  7.098600E+01  8.309515E+01  9.060461E+01
  9.468056E+01  9.651871E+01  3.214064E+00  3.216783E+00  3.318909E+00  3.419337E+00  3.626839E+00  4.033776E+00  4.866628E+00  6.493982E+00
  9.690960E+00  1.564265E+01  2.575941E+01  4.052052E+01  5.760920E+01  7.294088E+01  8.423421E+01  9.123537E+01  9.503589E+01  9.674998E+01
  3.808574E+00  3.811159E+00  3.937835E+00  4.070124E+00  4.327946E+00  4.842146E+00  5.885095E+00  7.916899E+00  1.183367E+01  1.889089E+01
  3.020168E+01  4.529966E+01  6.139455E+01  7.537827E+01  8.565370E+01  9.202187E+01  9.547937E+01  9.703892E+01  4.842130E+00  4.844986E+00
  5.024943E+00  5.203231E+00  5.569505E+00  6.284104E+00  7.713854E+00  1.046844E+01  1.559251E+01  2.427481E+01  3.681837E+01  5.150631E+01
  6.591882E+01  7.825904E+01  8.733165E+01  9.295221E+01  9.600451E+01  9.738151E+01  6.924770E+00  6.929792E+00  7.223569E+00  7.516886E+00
  8.109733E+00  9.249630E+00  1.150535E+01  1.565335E+01  2.282339E+01  3.347184E+01  4.625587E+01  5.901262E+01  7.112369E+01  8.156667E+01
  8.925891E+01  9.402166E+01  9.660898E+01  9.777640E+01  1.273447E+01  1.274495E+01  1.338588E+01  1.403512E+01  1.526150E+01  1.758149E+01
  2.181316E+01  2.871321E+01  3.825743E+01  4.862137E+01  5.822226E+01  6.763841E+01  7.711710E+01  8.538316E+01  9.148336E+01  9.525729E+01
  9.730865E+01  9.823428E+01  4.918907E+01  4.922322E+01  4.989291E+01  5.049679E+01  5.144215E+01  5.271638E+01  5.443186E+01  5.674776E+01
  6.004623E+01  6.443351E+01  6.997838E+01  7.644281E+01  8.328432E+01  8.932233E+01  9.378084E+01  9.653881E+01  9.803730E+01  9.871283E+01
  4.698164E+00  4.554905E+00  4.793830E+00  5.027797E+00  5.435816E+00  6.305207E+00  7.862365E+00  1.093176E+01  1.571290E+01  2.375190E+01
  3.529412E+01  5.002917E+01  6.552541E+01  7.868772E+01  8.791659E+01  9.351870E+01  9.662373E+01  9.824801E+01  4.698164E+00  4.535488E+00
  4.828652E+00  5.060981E+00  5.441606E+00  6.211440E+00  7.761492E+00  1.065303E+01  1.542941E+01  2.320457E+01  3.463209E+01  4.921080E+01
  6.473565E+01  7.807053E+01  8.753429E+01  9.328870E+01  9.648244E+01  9.813789E+01  4.698164E+00  4.515845E+00  4.836844E+00  5.047129E+00
  5.431071E+00  6.157001E+00  7.706575E+00  1.057547E+01  1.523147E+01  2.299451E+01  3.428323E+01  4.891359E+01  6.445581E+01  7.788605E+01
  8.736527E+01  9.318362E+01  9.641316E+01  9.807400E+01  4.698164E+00  4.466760E+00  4.798321E+00  4.999652E+00  5.440238E+00  6.140206E+00
  7.662889E+00  1.045727E+01  1.513764E+01  2.282771E+01  3.408749E+01  4.863429E+01  6.422847E+01  7.769144E+01  8.726287E+01  9.310411E+01
  9.635638E+01  9.801445E+01  4.698164E+00  4.777084E+00  4.800450E+00  4.974380E+00  5.406808E+00  6.138610E+00  7.679378E+00  1.043587E+01
  1.508543E+01  2.266899E+01  3.393768E+01  4.843711E+01  6.403001E+01  7.756039E+01  8.717068E+01  9.304089E+01  9.630420E+01  9.795592E+01
  4.698164E+00  4.555756E+00  4.811028E+00  4.985260E+00  5.411922E+00  6.077528E+00  7.632321E+00  1.032009E+01  1.497359E+01  2.256289E+01
  3.374041E+01  4.823523E+01  6.380846E+01  7.735077E+01  8.702885E+01  9.295972E+01  9.624686E+01  9.789576E+01  4.698164E+00  4.699888E+00
  4.819381E+00  4.994223E+00  5.411364E+00  6.062543E+00  7.565535E+00  1.022908E+01  1.485402E+01  2.235960E+01  3.351645E+01  4.789113E+01
  6.351927E+01  7.711578E+01  8.688743E+01  9.287006E+01  9.617745E+01  9.782890E+01  4.698164E+00  4.629300E+00  4.816113E+00  4.964794E+00
  5.432354E+00  6.018578E+00  7.515328E+00  1.015515E+01  1.469907E+01  2.213110E+01  3.323016E+01  4.759570E+01  6.320977E+01  7.690496E+01
  8.671845E+01  9.277055E+01  9.610947E+01  9.776915E+01  4.698164E+00  4.734118E+00  4.822371E+00  4.990604E+00  5.363245E+00  5.942736E+00
  7.341818E+00  9.710015E+00  1.416819E+01  2.129447E+01  3.201054E+01  4.606884E+01  6.169686E+01  7.568741E+01  8.591713E+01  9.229674E+01
  9.583810E+01  9.759542E+01  4.698164E+00  4.645580E+00  4.800386E+00  4.960664E+00  5.330513E+00  5.911842E+00  7.241011E+00  9.599336E+00
  1.391735E+01  2.098975E+01  3.149421E+01  4.553528E+01  6.114637E+01  7.526344E+01  8.562592E+01  9.211444E+01  9.572312E+01  9.750365E+01
  4.698164E+00  4.730725E+00  4.827791E+00  4.974973E+00  5.344780E+00  5.824382E+00  7.122782E+00  9.487690E+00  1.370303E+01  2.065140E+01
  3.101517E+01  4.494711E+01  6.057944E+01  7.478150E+01  8.529651E+01  9.192460E+01  9.560047E+01  9.741129E+01  4.698164E+00  4.438890E+00
  4.801021E+00  4.967622E+00  5.337656E+00  5.825989E+00  7.067233E+00  9.424397E+00  1.359480E+01  2.045203E+01  3.085332E+01  4.471757E+01
  6.032010E+01  7.458442E+01  8.516704E+01  9.183732E+01  9.554334E+01  9.735490E+01  4.698164E+00  4.588296E+00  4.806762E+00  4.957539E+00
  5.325185E+00  5.851999E+00  7.150212E+00  9.478720E+00  1.369655E+01  2.061954E+01  3.100035E+01  4.492335E+01  6.054324E+01  7.474347E+01
  8.527166E+01  9.189708E+01  9.555982E+01  9.733736E+01  4.698164E+00  4.738147E+00  4.819185E+00  4.978827E+00  5.363942E+00  5.855166E+00
  7.157176E+00  9.520514E+00  1.374286E+01  2.075101E+01  3.116101E+01  4.509177E+01  6.072946E+01  7.492532E+01  8.538117E+01  9.195531E+01
  9.557327E+01  9.732024E+01  4.698164E+00  4.705237E+00  4.852361E+00  4.971947E+00  5.357565E+00  5.881402E+00  7.213526E+00  9.586683E+00
  1.384025E+01  2.087687E+01  3.135654E+01  4.528988E+01  6.095404E+01  7.506515E+01  8.549190E+01  9.200269E+01  9.558818E+01  9.730051E+01
  4.698164E+00  4.730300E+00  4.831637E+00  4.982279E+00  5.289079E+00  5.900958E+00  7.236642E+00  9.581504E+00  1.395353E+01  2.097204E+01
  3.147835E+01  4.552560E+01  6.111239E+01  7.522578E+01  8.559131E+01  9.205310E+01  9.560250E+01  9.728072E+01  4.698164E+00  4.701604E+00
  4.857102E+00  4.947842E+00  5.324451E+00  5.884370E+00  7.244684E+00  9.653594E+00  1.401655E+01  2.104190E+01  3.169013E+01  4.566611E+01
  6.128370E+01  7.536613E+01  8.568194E+01  9.209321E+01  9.561271E+01  9.725742E+01  4.698164E+00  4.752730E+00  4.807913E+00  4.964909E+00
  5.368608E+00  5.924820E+00  7.306538E+00  9.647043E+00  1.405837E+01  2.114479E+01  3.182411E+01  4.587383E+01  6.144759E+01  7.552740E+01
  8.577633E+01  9.214370E+01  9.561880E+01  9.723473E+01  4.698164E+00  4.761346E+00  4.834718E+00  4.976768E+00  5.436294E+00  5.937943E+00
  7.347207E+00  9.694107E+00  1.415680E+01  2.124431E+01  3.195901E+01  4.601636E+01  6.166613E+01  7.565279E+01  8.586182E+01  9.218929E+01
  9.562840E+01  9.721111E+01  4.698164E+00  4.722781E+00  4.812109E+00  4.941879E+00  5.374910E+00  5.917268E+00  7.278772E+00  9.688683E+00
  1.411534E+01  2.119716E+01  3.189389E+01  4.596346E+01  6.156118E+01  7.560642E+01  8.581226E+01  9.215194E+01  9.559467E+01  9.716468E+01
  4.698164E+00  4.726853E+00  4.780517E+00  4.975008E+00  5.348732E+00  5.914135E+00  7.268083E+00  9.678613E+00  1.403291E+01  2.108702E+01
  3.168810E+01  4.569993E+01  6.132350E+01  7.538278E+01  8.568527E+01  9.206767E+01  9.553611E+01  9.710757E+01  4.698164E+00  4.751296E+00
  4.799354E+00  4.972947E+00  5.341987E+00  5.891457E+00  7.219135E+00  9.598744E+00  1.394832E+01  2.094021E+01  3.146878E+01  4.553250E+01
  6.111665E+01  7.522427E+01  8.556481E+01  9.198907E+01  9.547738E+01  9.704984E+01  4.698164E+00  4.722389E+00  4.809898E+00  4.973063E+00
  5.301624E+00  5.849432E+00  7.209984E+00  9.552890E+00  1.384176E+01  2.086075E+01  3.132228E+01  4.523953E+01  6.088625E+01  7.500826E+01
  8.543658E+01  9.190258E+01  9.541342E+01  9.699605E+01
