  6.442785E-01
          18 10.0000000
 -2.000000E+01 -1.000000E+01 -2.107210E+00 -1.806180E+00 -1.505150E+00 -1.204120E+00 -9.030900E-01 -6.020600E-01 -3.010300E-01  0.000000E+00
  3.010300E-01  6.020600E-01  9.030900E-01  1.204120E+00  1.505150E+00  1.806180E+00  2.107210E+00  2.408240E+00
          10 10.0000000
  0.000000E+00  1.000000E+01  2.000000E+01  3.000000E+01  4.000000E+01  5.000000E+01  6.000000E+01  7.000000E+01  8.000000E+01  8.900000E+01
          20  2.0000000
  1.000000E+00  3.000000E+00  5.000000E+00  7.000000E+00  9.000000E+00  1.100000E+01  1.300000E+01  1.500000E+01  1.700000E+01  1.900000E+01
  2.100000E+01  2.300000E+01  2.500000E+01  2.700000E+01  2.900000E+01  3.100000E+01  3.300000E+01  3.500000E+01  3.700000E+01  3.900000E+01
  2.472764E+00  2.471723E+00  2.526447E+00  2.587454E+00  2.698137E+00  2.932722E+00  3.412366E+00  4.310349E+00  6.251499E+00  1.023376E+01
  1.792118E+01  3.162575E+01  5.018367E+01  6.817604E+01  8.148595E+01  8.992917E+01  9.473877E+01  9.730444E+01  2.509486E+00  2.507943E+00
  2.565459E+00  2.626504E+00  2.741185E+00  2.979597E+00  3.493857E+00  4.397246E+00  6.399941E+00  1.047559E+01  1.830774E+01  3.214011E+01
  5.064660E+01  6.847711E+01  8.166096E+01  9.002419E+01  9.478890E+01  9.732989E+01  2.625808E+00  2.625315E+00  2.687581E+00  2.752922E+00
  2.876619E+00  3.134356E+00  3.683970E+00  4.676966E+00  6.815324E+00  1.124761E+01  1.955178E+01  3.372999E+01  5.202013E+01  6.937286E+01
  8.218137E+01  9.030723E+01  9.493658E+01  9.740559E+01  2.843733E+00  2.842946E+00  2.914444E+00  2.989255E+00  3.133712E+00  3.428818E+00
  4.073810E+00  5.215547E+00  7.659625E+00  1.270722E+01  2.181792E+01  3.646114E+01  5.429541E+01  7.084113E+01  8.303511E+01  9.077153E+01
  9.517906E+01  9.752989E+01  3.203670E+00  3.202050E+00  3.290505E+00  3.386048E+00  3.563924E+00  3.936695E+00  4.686784E+00  6.162939E+00
  9.186348E+00  1.513021E+01  2.543518E+01  4.042928E+01  5.741956E+01  7.285675E+01  8.420506E+01  9.140778E+01  9.551131E+01  9.770020E+01
  3.794556E+00  3.793782E+00  3.916209E+00  4.046995E+00  4.293784E+00  4.803406E+00  5.885392E+00  7.843485E+00  1.184075E+01  1.926193E+01
  3.078810E+01  4.569765E+01  6.136807E+01  7.537820E+01  8.566907E+01  9.220390E+01  9.592769E+01  9.791330E+01  4.824758E+00  4.825370E+00
  5.023396E+00  5.221799E+00  5.613262E+00  6.409665E+00  8.004396E+00  1.100175E+01  1.663646E+01  2.596155E+01  3.834035E+01  5.222155E+01
  6.605962E+01  7.837856E+01  8.740961E+01  9.315127E+01  9.642341E+01  9.816676E+01  6.901407E+00  6.899122E+00  7.268970E+00  7.645260E+00
  8.372943E+00  9.815554E+00  1.263618E+01  1.756841E+01  2.569631E+01  3.659600E+01  4.817885E+01  5.989393E+01  7.149077E+01  8.184547E+01
  8.942391E+01  9.424641E+01  9.699602E+01  9.845992E+01  1.271587E+01  1.271326E+01  1.365497E+01  1.458727E+01  1.635019E+01  1.962338E+01
  2.527722E+01  3.323968E+01  4.255108E+01  5.146339E+01  5.984740E+01  6.873849E+01  7.775636E+01  8.583904E+01  9.174526E+01  9.550899E+01
  9.765588E+01  9.879765E+01  4.908106E+01  4.904295E+01  5.021152E+01  5.101744E+01  5.210687E+01  5.345587E+01  5.509103E+01  5.766215E+01
  6.092174E+01  6.519937E+01  7.042535E+01  7.675646E+01  8.340923E+01  8.942500E+01  9.383686E+01  9.664888E+01  9.825112E+01  9.910257E+01
  2.472764E+00  2.476301E+00  2.505859E+00  2.557182E+00  2.641441E+00  2.806160E+00  3.153327E+00  3.817770E+00  5.262458E+00  8.030026E+00
  1.382868E+01  2.476806E+01  4.165239E+01  6.058527E+01  7.620664E+01  8.674104E+01  9.296049E+01  9.637003E+01  2.509486E+00  2.512886E+00
  2.544177E+00  2.595342E+00  2.681105E+00  2.853216E+00  3.203711E+00  3.890972E+00  5.382743E+00  8.219264E+00  1.415256E+01  2.525519E+01
  4.216206E+01  6.096116E+01  7.642932E+01  8.687115E+01  9.302773E+01  9.640472E+01  2.625808E+00  2.629243E+00  2.663524E+00  2.718550E+00
  2.816116E+00  2.999169E+00  3.377865E+00  4.129399E+00  5.745536E+00  8.833616E+00  1.518741E+01  2.675177E+01  4.371636E+01  6.207664E+01
  7.710641E+01  8.724688E+01  9.322758E+01  9.650794E+01  2.843733E+00  2.848092E+00  2.888203E+00  2.951195E+00  3.062856E+00  3.274014E+00
  3.716745E+00  4.589519E+00  6.466854E+00  1.001320E+01  1.711440E+01  2.939303E+01  4.630963E+01  6.391031E+01  7.821009E+01  8.786612E+01
  9.355563E+01  9.667706E+01  3.203670E+00  3.207205E+00  3.259547E+00  3.337562E+00  3.477240E+00  3.743958E+00  4.292961E+00  5.390526E+00
  7.681246E+00  1.203596E+01  2.027030E+01  3.338877E+01  4.993790E+01  6.642010E+01  7.973266E+01  8.870903E+01  9.400444E+01  9.690839E+01
  3.794556E+00  3.799746E+00  3.876887E+00  3.983121E+00  4.172383E+00  4.544972E+00  5.299194E+00  6.807065E+00  9.886046E+00  1.546333E+01
  2.518130E+01  3.893425E+01  5.457508E+01  6.956448E+01  8.162744E+01  8.976835E+01  9.456606E+01  9.719797E+01  4.824758E+00  4.832593E+00
  4.963009E+00  5.120270E+00  5.421094E+00  6.004026E+00  7.169436E+00  9.450424E+00  1.385846E+01  2.133850E+01  3.258867E+01  4.614109E+01
  6.013733E+01  7.329930E+01  8.388384E+01  9.102617E+01  9.523273E+01  9.754226E+01  6.901407E+00  6.910903E+00  7.165058E+00  7.451336E+00
  8.009697E+00  9.080238E+00  1.116723E+01  1.503662E+01  2.176209E+01  3.146861E+01  4.309560E+01  5.488338E+01  6.658033E+01  7.760795E+01
  8.648154E+01  9.247461E+01  9.600280E+01  9.793897E+01  1.271587E+01  1.273117E+01  1.337453E+01  1.405337E+01  1.536679E+01  1.782138E+01
  2.217742E+01  2.916597E+01  3.835050E+01  4.754670E+01  5.617731E+01  6.496647E+01  7.395964E+01  8.253936E+01  8.945215E+01  9.413037E+01
  9.688339E+01  9.839306E+01  4.908106E+01  4.914731E+01  4.988733E+01  5.057207E+01  5.157126E+01  5.276230E+01  5.432536E+01  5.643901E+01
  5.945171E+01  6.315366E+01  6.802298E+01  7.394116E+01  8.050339E+01  8.693346E+01  9.207884E+01  9.559768E+01  9.766876E+01  9.879671E+01
  2.472764E+00  2.470915E+00  2.505448E+00  2.542889E+00  2.613076E+00  2.758971E+00  3.028581E+00  3.604165E+00  4.780468E+00  7.219392E+00
  1.223106E+01  2.201750E+01  3.805524E+01  5.717323E+01  7.369387E+01  8.514424E+01  9.205559E+01  9.588604E+01  2.509486E+00  2.508282E+00
  2.542687E+00  2.580867E+00  2.652788E+00  2.802918E+00  3.081514E+00  3.670871E+00  4.891244E+00  7.376333E+00  1.252621E+01  2.249524E+01
  3.858921E+01  5.757950E+01  7.394464E+01  8.528510E+01  9.213052E+01  9.592458E+01  2.625808E+00  2.625608E+00  2.661923E+00  2.703361E+00
  2.784516E+00  2.945269E+00  3.246850E+00  3.896087E+00  5.230796E+00  7.954789E+00  1.349725E+01  2.396212E+01  4.020037E+01  5.878711E+01
  7.469102E+01  8.570656E+01  9.235564E+01  9.604129E+01  2.843733E+00  2.842717E+00  2.886136E+00  2.933256E+00  3.025077E+00  3.214069E+00
  3.566560E+00  4.322196E+00  5.870145E+00  9.041459E+00  1.532756E+01  2.658911E+01  4.290601E+01  6.077644E+01  7.591680E+01  8.639834E+01
  9.272530E+01  9.623286E+01  3.203670E+00  3.202220E+00  3.257600E+00  3.317520E+00  3.435595E+00  3.667114E+00  4.125371E+00  5.079870E+00
  7.032262E+00  1.096183E+01  1.836827E+01  3.059213E+01  4.674217E+01  6.350739E+01  7.759595E+01  8.734619E+01  9.323208E+01  9.649542E+01
  3.794556E+00  3.792487E+00  3.872532E+00  3.957847E+00  4.119546E+00  4.452581E+00  5.097178E+00  6.429492E+00  9.089825E+00  1.420519E+01
  2.315898E+01  3.623290E+01  5.165109E+01  6.692448E+01  7.969833E+01  8.853307E+01  9.386611E+01  9.682396E+01  4.824758E+00  4.821274E+00
  4.954234E+00  5.086579E+00  5.353889E+00  5.875303E+00  6.906060E+00  8.980325E+00  1.292796E+01  1.992448E+01  3.055865E+01  4.369453E+01
  5.758302E+01  7.099632E+01  8.219929E+01  8.994524E+01  9.462125E+01  9.721495E+01  6.901407E+00  6.899222E+00  7.153707E+00  7.406077E+00
  7.915699E+00  8.904410E+00  1.079512E+01  1.438766E+01  2.062897E+01  2.995567E+01  4.127957E+01  5.286118E+01  6.447566E+01  7.569939E+01
  8.509212E+01  9.157819E+01  9.549382E+01  9.766707E+01  1.271587E+01  1.270989E+01  1.334024E+01  1.396187E+01  1.517605E+01  1.745693E+01
  2.153555E+01  2.816595E+01  3.707260E+01  4.635310E+01  5.486921E+01  6.342500E+01  7.235201E+01  8.108195E+01  8.839548E+01  9.344282E+01
  9.649068E+01  9.818365E+01  4.908106E+01  4.905304E+01  4.985923E+01  5.044864E+01  5.135951E+01  5.249343E+01  5.399612E+01  5.604385E+01
  5.882674E+01  6.245312E+01  6.703519E+01  7.276514E+01  7.923582E+01  8.577796E+01  9.127548E+01  9.507318E+01  9.736311E+01  9.863525E+01
  2.472764E+00  2.475654E+00  2.505152E+00  2.540647E+00  2.604548E+00  2.727206E+00  2.983168E+00  3.512933E+00  4.621762E+00  6.855994E+00
  1.150362E+01  2.077250E+01  3.632344E+01  5.549498E+01  7.238342E+01  8.431150E+01  9.157661E+01  9.563020E+01  2.509486E+00  2.512966E+00
  2.543229E+00  2.578158E+00  2.643936E+00  2.769750E+00  3.033171E+00  3.577522E+00  4.713583E+00  7.051416E+00  1.179713E+01  2.123610E+01
  3.685648E+01  5.591025E+01  7.264631E+01  8.445918E+01  9.165543E+01  9.567003E+01  2.625808E+00  2.629798E+00  2.662416E+00  2.700558E+00
  2.774186E+00  2.912597E+00  3.198222E+00  3.792040E+00  5.042008E+00  7.578602E+00  1.273525E+01  2.268321E+01  3.851072E+01  5.716215E+01
  7.342763E+01  8.490453E+01  9.189377E+01  9.579383E+01  2.843733E+00  2.847299E+00  2.885993E+00  2.929592E+00  3.013490E+00  3.176341E+00
  3.504402E+00  4.207416E+00  5.677567E+00  8.672256E+00  1.451507E+01  2.528488E+01  4.127058E+01  5.922868E+01  7.471320E+01  8.563405E+01
  9.228506E+01  9.599754E+01  3.203670E+00  3.205860E+00  3.256323E+00  3.311172E+00  3.420375E+00  3.625700E+00  4.049856E+00  4.939012E+00
  6.777844E+00  1.041841E+01  1.749011E+01  2.928421E+01  4.518793E+01  6.206602E+01  7.647571E+01  8.663541E+01  9.282300E+01  9.627626E+01
  3.794556E+00  3.798881E+00  3.871634E+00  3.950240E+00  4.100529E+00  4.401647E+00  5.004993E+00  6.258585E+00  8.786252E+00  1.374146E+01
  2.224183E+01  3.497775E+01  5.021925E+01  6.562221E+01  7.868370E+01  8.788965E+01  9.349485E+01  9.662539E+01  4.824758E+00  4.828870E+00
  4.953689E+00  5.076430E+00  5.329541E+00  5.813260E+00  6.791451E+00  8.760983E+00  1.256663E+01  1.935419E+01  2.962007E+01  4.254994E+01
  5.633322E+01  6.986119E+01  8.131141E+01  8.938141E+01  9.429617E+01  9.704141E+01  6.901407E+00  6.907652E+00  7.145708E+00  7.388897E+00
  7.878258E+00  8.809040E+00  1.063335E+01  1.409703E+01  2.013956E+01  2.920578E+01  4.041576E+01  5.190907E+01  6.344842E+01  7.476477E+01
  8.435325E+01  9.111119E+01  9.522388E+01  9.752270E+01  1.271587E+01  1.272884E+01  1.332851E+01  1.392811E+01  1.510207E+01  1.729331E+01
  2.124782E+01  2.771154E+01  3.654869E+01  4.578343E+01  5.427666E+01  6.273143E+01  7.157365E+01  8.036089E+01  8.782598E+01  9.308459E+01
  9.628139E+01  9.807229E+01  4.908106E+01  4.910820E+01  4.982649E+01  5.040910E+01  5.128561E+01  5.240833E+01  5.389724E+01  5.585319E+01
  5.848764E+01  6.184501E+01  6.661118E+01  7.221325E+01  7.865108E+01  8.518269E+01  9.083807E+01  9.479462E+01  9.719631E+01  9.854947E+01
  2.472764E+00  2.472577E+00  2.495123E+00  2.536821E+00  2.597683E+00  2.716422E+00  2.982150E+00  3.476533E+00  4.454805E+00  6.601668E+00
  1.105344E+01  1.999509E+01  3.524987E+01  5.437934E+01  7.152985E+01  8.375961E+01  9.126437E+01  9.546013E+01  2.509486E+00  2.508104E+00
  2.532334E+00  2.573427E+00  2.636027E+00  2.759541E+00  3.026580E+00  3.537941E+00  4.550328E+00  6.764505E+00  1.134914E+01  2.045186E+01
  3.578372E+01  5.480758E+01  7.179768E+01  8.391193E+01  9.134534E+01  9.550104E+01  2.625808E+00  2.624828E+00  2.651778E+00  2.695202E+00
  2.766206E+00  2.902359E+00  3.194096E+00  3.753713E+00  4.865635E+00  7.281170E+00  1.226412E+01  2.189180E+01  3.744419E+01  5.609691E+01
  7.259647E+01  8.437180E+01  9.159272E+01  9.562987E+01  2.843733E+00  2.844239E+00  2.873506E+00  2.924126E+00  3.004124E+00  3.158707E+00
  3.509940E+00  4.158545E+00  5.469532E+00  8.305084E+00  1.399544E+01  2.447831E+01  4.022876E+01  5.821051E+01  7.392397E+01  8.512629E+01
  9.199936E+01  9.584142E+01  3.203670E+00  3.202947E+00  3.243954E+00  3.304183E+00  3.408478E+00  3.607337E+00  4.035264E+00  4.881174E+00
  6.571976E+00  1.010499E+01  1.692505E+01  2.847327E+01  4.419392E+01  6.111547E+01  7.574754E+01  8.616290E+01  9.255656E+01  9.613093E+01
  3.794556E+00  3.794285E+00  3.857665E+00  3.940139E+00  4.086708E+00  4.377553E+00  4.986280E+00  6.196587E+00  8.539177E+00  1.325983E+01
  2.165382E+01  3.417710E+01  4.931230E+01  6.475824E+01  7.802445E+01  8.746062E+01  9.325495E+01  9.649396E+01  4.824758E+00  4.825724E+00
  4.937011E+00  5.063576E+00  5.309108E+00  5.781610E+00  6.753334E+00  8.661909E+00  1.225379E+01  1.882742E+01  2.901342E+01  4.182608E+01
  5.553951E+01  6.910384E+01  8.072591E+01  8.900684E+01  9.408728E+01  9.692632E+01  6.901407E+00  6.900476E+00  7.126306E+00  7.370889E+00
  7.851266E+00  8.770309E+00  1.059800E+01  1.395824E+01  1.977015E+01  2.876932E+01  3.986166E+01  5.130213E+01  6.278422E+01  7.413778E+01
  8.387218E+01  9.079838E+01  9.505104E+01  9.742717E+01  1.271587E+01  1.271396E+01  1.329477E+01  1.389582E+01  1.504512E+01  1.721213E+01
  2.115542E+01  2.751004E+01  3.611301E+01  4.539075E+01  5.391327E+01  6.228705E+01  7.107046E+01  7.988016E+01  8.745770E+01  9.284484E+01
  9.615163E+01  9.799917E+01  4.908106E+01  4.907009E+01  4.976918E+01  5.036368E+01  5.123199E+01  5.238335E+01  5.376923E+01  5.585088E+01
  5.837023E+01  6.186594E+01  6.635707E+01  7.187640E+01  7.824440E+01  8.483691E+01  9.052517E+01  9.460746E+01  9.710252E+01  9.849335E+01
  2.472764E+00  2.474263E+00  2.502228E+00  2.535022E+00  2.591353E+00  2.704542E+00  2.945609E+00  3.427262E+00  4.407263E+00  6.474059E+00
  1.075975E+01  1.948315E+01  3.456526E+01  5.364513E+01  7.098407E+01  8.339252E+01  9.105486E+01  9.534567E+01  2.509486E+00  2.510257E+00
  2.539692E+00  2.571967E+00  2.631364E+00  2.750253E+00  2.996212E+00  3.492466E+00  4.502115E+00  6.622893E+00  1.105350E+01  1.994100E+01
  3.510950E+01  5.407897E+01  7.125738E+01  8.354807E+01  9.113739E+01  9.538747E+01  2.625808E+00  2.627272E+00  2.657812E+00  2.693793E+00
  2.761623E+00  2.888525E+00  3.151171E+00  3.697186E+00  4.800972E+00  7.128305E+00  1.197079E+01  2.137731E+01  3.677320E+01  5.538699E+01
  7.208051E+01  8.401978E+01  9.139057E+01  9.551942E+01  2.843733E+00  2.845135E+00  2.881240E+00  2.921160E+00  2.996556E+00  3.145249E+00
  3.455164E+00  4.094854E+00  5.397989E+00  8.139707E+00  1.370403E+01  2.395122E+01  3.958681E+01  5.753363E+01  7.342947E+01  8.479183E+01
  9.180641E+01  9.573602E+01  3.203670E+00  3.204580E+00  3.251445E+00  3.301945E+00  3.401550E+00  3.587753E+00  3.990277E+00  4.805346E+00
  6.477152E+00  9.917409E+00  1.661247E+01  2.793900E+01  4.358247E+01  6.048653E+01  7.528118E+01  8.585036E+01  9.237716E+01  9.603313E+01
  3.794556E+00  3.796328E+00  3.864313E+00  3.937703E+00  4.076993E+00  4.358038E+00  4.931768E+00  6.098399E+00  8.431939E+00  1.303818E+01
  2.128280E+01  3.365163E+01  4.875659E+01  6.419041E+01  7.760219E+01  8.717773E+01  9.309351E+01  9.640524E+01  4.824758E+00  4.826989E+00
  4.942363E+00  5.059224E+00  5.300851E+00  5.758127E+00  6.690042E+00  8.560965E+00  1.212441E+01  1.858864E+01  2.860467E+01  4.134504E+01
  5.505000E+01  6.861058E+01  8.036880E+01  8.876088E+01  9.394611E+01  9.684901E+01  6.901407E+00  6.904483E+00  7.133430E+00  7.365698E+00
  7.837626E+00  8.735151E+00  1.049629E+01  1.382974E+01  1.960498E+01  2.850970E+01  3.952577E+01  5.089641E+01  6.238977E+01  7.372691E+01
  8.357359E+01  9.059358E+01  9.493365E+01  9.736346E+01  1.271587E+01  1.272248E+01  1.329961E+01  1.388903E+01  1.502346E+01  1.714948E+01
  2.099542E+01  2.729246E+01  3.592883E+01  4.519931E+01  5.362834E+01  6.198767E+01  7.077105E+01  7.957693E+01  8.723219E+01  9.268679E+01
  9.606193E+01  9.795057E+01  4.908106E+01  4.912156E+01  4.978182E+01  5.037347E+01  5.125285E+01  5.238813E+01  5.378665E+01  5.572262E+01
  5.834348E+01  6.180890E+01  6.616982E+01  7.167155E+01  7.800325E+01  8.461083E+01  9.037673E+01  9.448788E+01  9.703137E+01  9.845558E+01
  2.472764E+00  2.369017E+00  2.508891E+00  2.536574E+00  2.588484E+00  2.701390E+00  2.924641E+00  3.402355E+00  4.340582E+00  6.393919E+00
  1.057916E+01  1.908823E+01  3.399966E+01  5.314061E+01  7.055672E+01  8.311596E+01  9.088956E+01  9.525778E+01  2.509486E+00  2.405253E+00
  2.546293E+00  2.574157E+00  2.626943E+00  2.741879E+00  2.976608E+00  3.467855E+00  4.426997E+00  6.544199E+00  1.085095E+01  1.953488E+01
  3.455232E+01  5.358173E+01  7.083295E+01  8.327259E+01  9.097347E+01  9.530007E+01  2.625808E+00  2.517063E+00  2.663473E+00  2.697145E+00
  2.755982E+00  2.879211E+00  3.131141E+00  3.669455E+00  4.722882E+00  7.047252E+00  1.174411E+01  2.099832E+01  3.621112E+01  5.489960E+01
  7.166886E+01  8.375269E+01  9.123183E+01  9.543493E+01  2.843733E+00  2.727469E+00  2.886956E+00  2.923606E+00  2.991193E+00  3.137432E+00
  3.430615E+00  4.059203E+00  5.307288E+00  8.040762E+00  1.344079E+01  2.358185E+01  3.903749E+01  5.707118E+01  7.303721E+01  8.453689E+01
  9.165565E+01  9.565514E+01  3.203670E+00  3.071034E+00  3.255878E+00  3.302679E+00  3.394541E+00  3.579171E+00  3.960145E+00  4.761003E+00
  6.371451E+00  9.808829E+00  1.634161E+01  2.753088E+01  4.304111E+01  6.005524E+01  7.491493E+01  8.561312E+01  9.223682E+01  9.595792E+01
  3.794556E+00  3.640448E+00  3.869840E+00  3.937608E+00  4.069727E+00  4.340367E+00  4.892231E+00  6.041747E+00  8.308537E+00  1.288945E+01
  2.100435E+01  3.327595E+01  4.828758E+01  6.380230E+01  7.727044E+01  8.696309E+01  9.296561E+01  9.633712E+01  4.824758E+00  4.630324E+00
  4.947396E+00  5.060680E+00  5.287516E+00  5.737570E+00  6.651608E+00  8.491545E+00  1.197508E+01  1.841331E+01  2.835047E+01  4.097572E+01
  5.463865E+01  6.827267E+01  8.007965E+01  8.857371E+01  9.383478E+01  9.679000E+01  6.901407E+00  6.621750E+00  7.137506E+00  7.362852E+00
  7.819323E+00  8.698455E+00  1.043488E+01  1.373832E+01  1.944031E+01  2.832154E+01  3.926579E+01  5.059961E+01  6.203993E+01  7.345752E+01
  8.333462E+01  9.044005E+01  9.484247E+01  9.731401E+01  1.271587E+01  1.218434E+01  1.330544E+01  1.388462E+01  1.498956E+01  1.709084E+01
  2.090474E+01  2.718137E+01  3.570099E+01  4.505059E+01  5.346777E+01  6.174261E+01  7.049573E+01  7.937856E+01  8.704753E+01  9.257037E+01
  9.599220E+01  9.791288E+01  4.908106E+01  4.609905E+01  4.980888E+01  5.035510E+01  5.117992E+01  5.230224E+01  5.372738E+01  5.563580E+01
  5.821904E+01  6.172897E+01  6.606226E+01  7.141010E+01  7.776081E+01  8.443869E+01  9.023142E+01  9.440103E+01  9.697785E+01  9.842636E+01
  2.472764E+00  2.475522E+00  2.505919E+00  2.531902E+00  2.590386E+00  2.695875E+00  2.921988E+00  3.386898E+00  4.307169E+00  6.309850E+00
  1.036809E+01  1.879575E+01  3.358153E+01  5.266019E+01  7.019189E+01  8.287762E+01  9.074985E+01  9.518134E+01  2.509486E+00  2.512866E+00
  2.544039E+00  2.569678E+00  2.629294E+00  2.737492E+00  2.971590E+00  3.447267E+00  4.399147E+00  6.462986E+00  1.064349E+01  1.924601E+01
  3.412953E+01  5.310644E+01  7.047343E+01  8.303745E+01  9.083430E+01  9.522433E+01  2.625808E+00  2.629308E+00  2.662250E+00  2.691658E+00
  2.757326E+00  2.873405E+00  3.124178E+00  3.649572E+00  4.686594E+00  6.961717E+00  1.151809E+01  2.067088E+01  3.579725E+01  5.444131E+01
  7.131692E+01  8.352220E+01  9.109764E+01  9.536095E+01  2.843733E+00  2.847237E+00  2.883224E+00  2.919444E+00  2.992701E+00  3.129523E+00
  3.423336E+00  4.034877E+00  5.263812E+00  7.942721E+00  1.320889E+01  2.322315E+01  3.863083E+01  5.663089E+01  7.270238E+01  8.431819E+01
  9.152754E+01  9.558506E+01  3.203670E+00  3.207080E+00  3.254559E+00  3.297632E+00  3.395713E+00  3.573825E+00  3.950119E+00  4.735333E+00
  6.319253E+00  9.690319E+00  1.606316E+01  2.721370E+01  4.267523E+01  5.964503E+01  7.460326E+01  8.541024E+01  9.211686E+01  9.589252E+01
  3.794556E+00  3.799629E+00  3.865628E+00  3.932413E+00  4.069750E+00  4.328865E+00  4.881404E+00  6.010445E+00  8.245582E+00  1.277246E+01
  2.075520E+01  3.294984E+01  4.793082E+01  6.342544E+01  7.698784E+01  8.677905E+01  9.285802E+01  9.627783E+01  4.824758E+00  4.830016E+00
  4.943028E+00  5.055380E+00  5.285758E+00  5.723757E+00  6.625278E+00  8.441073E+00  1.190467E+01  1.827075E+01  2.807944E+01  4.068916E+01
  5.432058E+01  6.793723E+01  7.983270E+01  8.841235E+01  9.374058E+01  9.673800E+01  6.901407E+00  6.910120E+00  7.135054E+00  7.356986E+00
  7.815254E+00  8.687798E+00  1.041449E+01  1.367712E+01  1.936260E+01  2.817100E+01  3.899408E+01  5.036076E+01  6.178720E+01  7.318094E+01
  8.312950E+01  9.030773E+01  9.476302E+01  9.727112E+01  1.271587E+01  1.273122E+01  1.329661E+01  1.386341E+01  1.498038E+01  1.706365E+01
  2.085933E+01  2.709270E+01  3.561757E+01  4.491180E+01  5.326872E+01  6.159284E+01  7.032044E+01  7.915721E+01  8.689306E+01  9.246796E+01
  9.593166E+01  9.787973E+01  4.908106E+01  4.914605E+01  4.979472E+01  5.035604E+01  5.119629E+01  5.227692E+01  5.368626E+01  5.560963E+01
  5.815567E+01  6.165107E+01  6.591090E+01  7.133723E+01  7.767037E+01  8.427782E+01  9.011127E+01  9.431216E+01  9.692556E+01  9.840107E+01
  2.472764E+00  2.472042E+00  2.500308E+00  2.533323E+00  2.588309E+00  2.711960E+00  2.913910E+00  3.371236E+00  4.291492E+00  6.251893E+00
  1.027881E+01  1.859769E+01  3.328469E+01  5.233426E+01  6.993475E+01  8.269254E+01  9.064356E+01  9.512794E+01  2.509486E+00  2.508926E+00
  2.537042E+00  2.570511E+00  2.627369E+00  2.753875E+00  2.964922E+00  3.432613E+00  4.366805E+00  6.401575E+00  1.053314E+01  1.904477E+01
  3.383868E+01  5.278279E+01  7.023109E+01  8.285381E+01  9.073006E+01  9.517140E+01  2.625808E+00  2.626698E+00  2.655136E+00  2.693178E+00
  2.754828E+00  2.893715E+00  3.115840E+00  3.627677E+00  4.668918E+00  6.892449E+00  1.141040E+01  2.046228E+01  3.551541E+01  5.412139E+01
  7.108440E+01  8.334359E+01  9.099421E+01  9.530939E+01  2.843733E+00  2.844522E+00  2.877746E+00  2.920282E+00  2.990676E+00  3.153569E+00
  3.416291E+00  4.021448E+00  5.233079E+00  7.869845E+00  1.309696E+01  2.301339E+01  3.835936E+01  5.632892E+01  7.244522E+01  8.414756E+01
  9.142977E+01  9.553606E+01  3.203670E+00  3.203656E+00  3.248106E+00  3.298903E+00  3.393108E+00  3.590482E+00  3.936577E+00  4.721604E+00
  6.283609E+00  9.602159E+00  1.598208E+01  2.700894E+01  4.241745E+01  5.936274E+01  7.436553E+01  8.525043E+01  9.202617E+01  9.584739E+01
  3.794556E+00  3.793518E+00  3.860070E+00  3.930446E+00  4.065413E+00  4.346951E+00  4.865807E+00  5.989176E+00  8.195006E+00  1.266346E+01
  2.061289E+01  3.273990E+01  4.768278E+01  6.317455E+01  7.676443E+01  8.663485E+01  9.277493E+01  9.623727E+01  4.824758E+00  4.827401E+00
  4.936360E+00  5.054065E+00  5.278771E+00  5.748744E+00  6.615357E+00  8.401394E+00  1.185692E+01  1.817241E+01  2.794951E+01  4.049682E+01
  5.410928E+01  6.772775E+01  7.965241E+01  8.828637E+01  9.366833E+01  9.670227E+01  6.901407E+00  6.901383E+00  7.126036E+00  7.355980E+00
  7.806477E+00  8.711358E+00  1.039064E+01  1.363692E+01  1.926968E+01  2.805251E+01  3.890844E+01  5.020724E+01  6.161804E+01  7.300889E+01
  8.297778E+01  9.020233E+01  9.470371E+01  9.724220E+01  1.271587E+01  1.271557E+01  1.329585E+01  1.385542E+01  1.497025E+01  1.710232E+01
  2.083644E+01  2.699768E+01  3.551274E+01  4.481266E+01  5.323243E+01  6.148002E+01  7.019835E+01  7.903222E+01  8.675470E+01  9.238770E+01
  9.588558E+01  9.785762E+01  4.908106E+01  4.907767E+01  4.976937E+01  5.032451E+01  5.118891E+01  5.238584E+01  5.371193E+01  5.557204E+01
  5.814500E+01  6.160046E+01  6.585518E+01  7.124737E+01  7.754781E+01  8.418298E+01  9.012369E+01  9.425178E+01  9.689479E+01  9.838313E+01
  2.472764E+00  2.473756E+00  2.507184E+00  2.534532E+00  2.584846E+00  2.690358E+00  2.912748E+00  3.370483E+00  4.269408E+00  6.192810E+00
  1.016267E+01  1.837902E+01  3.299033E+01  5.202431E+01  6.967862E+01  8.253014E+01  9.055109E+01  9.507316E+01  2.509486E+00  2.509403E+00
  2.544387E+00  2.570998E+00  2.623014E+00  2.733871E+00  2.962298E+00  3.430251E+00  4.344538E+00  6.344616E+00  1.042559E+01  1.882616E+01
  3.354210E+01  5.247211E+01  6.996664E+01  8.269395E+01  9.063815E+01  9.511716E+01  2.625808E+00  2.627713E+00  2.663734E+00  2.693381E+00
  2.751425E+00  2.866263E+00  3.114818E+00  3.629753E+00  4.623513E+00  6.826890E+00  1.129152E+01  2.024932E+01  3.522288E+01  5.381734E+01
  7.082211E+01  8.318775E+01  9.090504E+01  9.525684E+01  2.843733E+00  2.844629E+00  2.884663E+00  2.919842E+00  2.986425E+00  3.123391E+00
  3.413000E+00  4.009459E+00  5.215745E+00  7.790549E+00  1.296656E+01  2.279193E+01  3.806808E+01  5.603434E+01  7.223241E+01  8.399982E+01
  9.134514E+01  9.548599E+01  3.203670E+00  3.202482E+00  3.253705E+00  3.298583E+00  3.387547E+00  3.561742E+00  3.933897E+00  4.709001E+00
  6.239117E+00  9.519453E+00  1.579387E+01  2.677991E+01  4.214009E+01  5.909023E+01  7.416599E+01  8.511282E+01  9.194630E+01  9.580040E+01
  3.794556E+00  3.795351E+00  3.865646E+00  3.931054E+00  4.059630E+00  4.319584E+00  4.860905E+00  5.966725E+00  8.161497E+00  1.258196E+01
  2.043217E+01  3.250514E+01  4.743756E+01  6.292550E+01  7.659223E+01  8.651221E+01  9.270377E+01  9.619431E+01  4.824758E+00  4.827529E+00
  4.942463E+00  5.052674E+00  5.274566E+00  5.710511E+00  6.601604E+00  8.403925E+00  1.180057E+01  1.804450E+01  2.776267E+01  4.028286E+01
  5.389899E+01  6.751292E+01  7.948737E+01  8.817989E+01  9.360532E+01  9.666511E+01  6.901407E+00  6.901151E+00  7.129873E+00  7.353861E+00
  7.798554E+00  8.665343E+00  1.037915E+01  1.361769E+01  1.922088E+01  2.793824E+01  3.874215E+01  5.002347E+01  6.144150E+01  7.282623E+01
  8.284740E+01  9.011279E+01  9.465188E+01  9.721115E+01  1.271587E+01  1.272017E+01  1.329496E+01  1.385064E+01  1.495441E+01  1.702422E+01
  2.079808E+01  2.699593E+01  3.549509E+01  4.472509E+01  5.309539E+01  6.134325E+01  7.006277E+01  7.889088E+01  8.667813E+01  9.232067E+01
  9.584239E+01  9.783391E+01  4.908106E+01  4.909302E+01  4.975829E+01  5.029156E+01  5.114927E+01  5.226920E+01  5.370378E+01  5.563470E+01
  5.811157E+01  6.154452E+01  6.578295E+01  7.115462E+01  7.741592E+01  8.407048E+01  8.993747E+01  9.420684E+01  9.686127E+01  9.836511E+01
  2.472764E+00  2.472925E+00  2.501090E+00  2.524905E+00  2.579172E+00  2.684429E+00  2.900426E+00  3.383511E+00  4.230082E+00  6.173157E+00
  1.006779E+01  1.822266E+01  3.275250E+01  5.177660E+01  6.945748E+01  8.240746E+01  9.047303E+01  9.503542E+01  2.509486E+00  2.508968E+00
  2.538575E+00  2.563424E+00  2.618235E+00  2.725482E+00  2.950926E+00  3.439344E+00  4.313215E+00  6.274470E+00  1.033531E+01  1.866422E+01
  3.329210E+01  5.223022E+01  6.973433E+01  8.257250E+01  9.056124E+01  9.507947E+01  2.625808E+00  2.626969E+00  2.657094E+00  2.685592E+00
  2.746532E+00  2.860997E+00  3.101918E+00  3.646688E+00  4.599699E+00  6.759532E+00  1.120809E+01  2.008234E+01  3.499227E+01  5.358361E+01
  7.059785E+01  8.307050E+01  9.083068E+01  9.522129E+01  2.843733E+00  2.844931E+00  2.878882E+00  2.911739E+00  2.978453E+00  3.112708E+00
  3.393337E+00  4.035371E+00  5.164844E+00  7.733312E+00  1.288002E+01  2.263369E+01  3.785122E+01  5.581370E+01  7.202311E+01  8.388828E+01
  9.127361E+01  9.545160E+01  3.203670E+00  3.203672E+00  3.249210E+00  3.290665E+00  3.382596E+00  3.554235E+00  3.916890E+00  4.759973E+00
  6.204758E+00  9.444428E+00  1.572447E+01  2.661569E+01  4.192614E+01  5.888341E+01  7.396515E+01  8.500974E+01  9.188095E+01  9.576874E+01
  3.794556E+00  3.794800E+00  3.860621E+00  3.923456E+00  4.052549E+00  4.307963E+00  4.838157E+00  5.974524E+00  8.107808E+00  1.252805E+01
  2.033907E+01  3.234796E+01  4.725784E+01  6.273910E+01  7.640038E+01  8.641750E+01  9.264306E+01  9.616663E+01  4.824758E+00  4.828363E+00
  4.938084E+00  5.044658E+00  5.264244E+00  5.693417E+00  6.577214E+00  8.447288E+00  1.172941E+01  1.798177E+01  2.766736E+01  4.014782E+01
  5.372235E+01  6.734808E+01  7.931987E+01  8.809817E+01  9.355289E+01  9.664076E+01  6.901407E+00  6.903589E+00  7.127420E+00  7.345403E+00
  7.788353E+00  8.651336E+00  1.034735E+01  1.358860E+01  1.914326E+01  2.787375E+01  3.866181E+01  4.992262E+01  6.130078E+01  7.269247E+01
  8.271615E+01  9.004700E+01  9.460846E+01  9.719102E+01  1.271587E+01  1.271713E+01  1.329119E+01  1.384229E+01  1.493570E+01  1.699326E+01
  2.074423E+01  2.697114E+01  3.537313E+01  4.469447E+01  5.304246E+01  6.127353E+01  6.995119E+01  7.879264E+01  8.656004E+01  9.226979E+01
  9.581245E+01  9.781856E+01  4.908106E+01  4.910301E+01  4.975816E+01  5.029844E+01  5.113923E+01  5.223513E+01  5.367428E+01  5.558761E+01
  5.807573E+01  6.150739E+01  6.575070E+01  7.111694E+01  7.731753E+01  8.398936E+01  8.985036E+01  9.416767E+01  9.683950E+01  9.835212E+01
  2.472764E+00  2.444444E+00  2.508620E+00  2.522823E+00  2.578617E+00  2.687744E+00  2.899099E+00  3.343860E+00  4.182242E+00  6.108068E+00
  9.985692E+00  1.810719E+01  3.256971E+01  5.152758E+01  6.931631E+01  8.229603E+01  9.041082E+01  9.499637E+01  2.509486E+00  2.481249E+00
  2.545743E+00  2.560634E+00  2.616318E+00  2.728357E+00  2.947046E+00  3.388309E+00  4.267362E+00  6.224690E+00  1.023494E+01  1.854395E+01
  3.312204E+01  5.199887E+01  6.960275E+01  8.246121E+01  9.049970E+01  9.504121E+01  2.625808E+00  2.596661E+00  2.663235E+00  2.682197E+00
  2.744177E+00  2.864436E+00  3.099141E+00  3.588923E+00  4.562029E+00  6.720309E+00  1.110678E+01  1.997275E+01  3.480659E+01  5.333907E+01
  7.047076E+01  8.296117E+01  9.077023E+01  9.518351E+01  2.843733E+00  2.812621E+00  2.885373E+00  2.908817E+00  2.978754E+00  3.115526E+00
  3.394336E+00  3.973681E+00  5.168535E+00  7.683215E+00  1.278399E+01  2.251151E+01  3.768003E+01  5.559137E+01  7.189718E+01  8.378382E+01
  9.121664E+01  9.541547E+01  3.203670E+00  3.167283E+00  3.254898E+00  3.286312E+00  3.377801E+00  3.555710E+00  3.913221E+00  4.669286E+00
  6.248809E+00  9.394517E+00  1.563269E+01  2.646465E+01  4.175984E+01  5.866948E+01  7.385287E+01  8.491296E+01  9.182732E+01  9.573482E+01
  3.794556E+00  3.750856E+00  3.866441E+00  3.918207E+00  4.050220E+00  4.309948E+00  4.837418E+00  5.923341E+00  8.066079E+00  1.243734E+01
  2.027647E+01  3.223715E+01  4.709714E+01  6.251981E+01  7.630675E+01  8.633012E+01  9.259528E+01  9.613522E+01  4.824758E+00  4.770705E+00
  4.942286E+00  5.041212E+00  5.262505E+00  5.697394E+00  6.574160E+00  8.334851E+00  1.168143E+01  1.791579E+01  2.756146E+01  4.006150E+01
  5.359985E+01  6.716441E+01  7.923736E+01  8.802063E+01  9.351117E+01  9.661295E+01  6.901407E+00  6.817408E+00  7.128653E+00  7.339323E+00
  7.783130E+00  8.650480E+00  1.034272E+01  1.354937E+01  1.906067E+01  2.779938E+01  3.858175E+01  4.980079E+01  6.120144E+01  7.254376E+01
  8.263836E+01  8.998251E+01  9.457416E+01  9.716716E+01  1.271587E+01  1.255884E+01  1.329156E+01  1.382717E+01  1.492953E+01  1.699315E+01
  2.073829E+01  2.691396E+01  3.534428E+01  4.463347E+01  5.296250E+01  6.120374E+01  6.988448E+01  7.867476E+01  8.651905E+01  9.222317E+01
  9.578664E+01  9.779974E+01  4.908106E+01  4.823280E+01  4.974283E+01  5.030138E+01  5.114347E+01  5.224815E+01  5.366360E+01  5.553236E+01
  5.812600E+01  6.145497E+01  6.568147E+01  7.100864E+01  7.728143E+01  8.387846E+01  8.981607E+01  9.412679E+01  9.681734E+01  9.833775E+01
  2.472764E+00  2.473114E+00  2.502972E+00  2.523213E+00  2.584231E+00  2.685955E+00  2.905052E+00  3.339210E+00  4.203595E+00  6.033305E+00
  9.969173E+00  1.798512E+01  3.239616E+01  5.141783E+01  6.917816E+01  8.221133E+01  9.036169E+01  9.497191E+01  2.509486E+00  2.509463E+00
  2.540811E+00  2.561444E+00  2.622588E+00  2.725975E+00  2.945549E+00  3.400170E+00  4.284355E+00  6.206327E+00  1.022388E+01  1.844148E+01
  3.296223E+01  5.188080E+01  6.946868E+01  8.238000E+01  9.045008E+01  9.501764E+01  2.625808E+00  2.626904E+00  2.658529E+00  2.682483E+00
  2.749827E+00  2.859111E+00  3.102345E+00  3.594805E+00  4.566260E+00  6.700457E+00  1.106275E+01  1.983841E+01  3.464612E+01  5.324122E+01
  7.033893E+01  8.288169E+01  9.072353E+01  9.515987E+01  2.843733E+00  2.844995E+00  2.880394E+00  2.907821E+00  2.985008E+00  3.114198E+00
  3.410247E+00  3.971929E+00  5.122772E+00  7.639830E+00  1.275850E+01  2.238889E+01  3.751677E+01  5.548685E+01  7.177046E+01  8.370837E+01
  9.117077E+01  9.539354E+01  3.203670E+00  3.203369E+00  3.250905E+00  3.286568E+00  3.384390E+00  3.551881E+00  3.924403E+00  4.657925E+00
  6.154727E+00  9.399229E+00  1.558732E+01  2.636082E+01  4.161767E+01  5.858229E+01  7.373351E+01  8.484216E+01  9.178633E+01  9.571491E+01
  3.794556E+00  3.795177E+00  3.861641E+00  3.918713E+00  4.056997E+00  4.300261E+00  4.846772E+00  5.910935E+00  8.058153E+00  1.247627E+01
  2.024520E+01  3.211582E+01  4.694905E+01  6.246471E+01  7.620202E+01  8.626495E+01  9.255730E+01  9.611698E+01  4.824758E+00  4.827695E+00
  4.939348E+00  5.040374E+00  5.269560E+00  5.692417E+00  6.571427E+00  8.325995E+00  1.167604E+01  1.787153E+01  2.753666E+01  3.993015E+01
  5.347232E+01  6.711573E+01  7.914775E+01  8.796494E+01  9.347935E+01  9.659760E+01  6.901407E+00  6.902313E+00  7.127430E+00  7.338869E+00
  7.791127E+00  8.645685E+00  1.034339E+01  1.353096E+01  1.908620E+01  2.776156E+01  3.857959E+01  4.974368E+01  6.109363E+01  7.249740E+01
  8.256196E+01  8.993835E+01  9.454626E+01  9.715495E+01  1.271587E+01  1.271783E+01  1.328953E+01  1.382686E+01  1.494015E+01  1.698298E+01
  2.074352E+01  2.686735E+01  3.529385E+01  4.452106E+01  5.294199E+01  6.114213E+01  6.979815E+01  7.865101E+01  8.646046E+01  9.218831E+01
  9.576508E+01  9.779121E+01  4.908106E+01  4.909446E+01  4.975864E+01  5.030931E+01  5.114832E+01  5.224175E+01  5.361470E+01  5.553425E+01
  5.801329E+01  6.142372E+01  6.564647E+01  7.100848E+01  7.719714E+01  8.385335E+01  8.977762E+01  9.410076E+01  9.679677E+01  9.833016E+01
  2.472764E+00  2.472924E+00  2.505547E+00  2.529214E+00  2.579147E+00  2.683177E+00  2.889478E+00  3.325581E+00  4.204979E+00  6.060598E+00
  9.886087E+00  1.788136E+01  3.225769E+01  5.125665E+01  6.905849E+01  8.212457E+01  9.030496E+01  9.494307E+01  2.509486E+00  2.508818E+00
  2.543246E+00  2.566871E+00  2.617442E+00  2.725639E+00  2.935299E+00  3.389034E+00  4.284515E+00  6.171640E+00  1.011731E+01  1.833466E+01
  3.281023E+01  5.171416E+01  6.935342E+01  8.228981E+01  9.039524E+01  9.498973E+01  2.625808E+00  2.625920E+00  2.661112E+00  2.688947E+00
  2.744116E+00  2.857333E+00  3.090347E+00  3.581946E+00  4.566975E+00  6.645503E+00  1.098907E+01  1.972857E+01  3.450372E+01  5.308312E+01
  7.022721E+01  8.279738E+01  9.066951E+01  9.513151E+01  2.843733E+00  2.843009E+00  2.882993E+00  2.914462E+00  2.977865E+00  3.112461E+00
  3.382520E+00  3.958307E+00  5.125930E+00  7.616604E+00  1.264145E+01  2.227175E+01  3.737504E+01  5.533211E+01  7.166422E+01  8.362933E+01
  9.112057E+01  9.536749E+01  3.203670E+00  3.203765E+00  3.252367E+00  3.291806E+00  3.377407E+00  3.547825E+00  3.899092E+00  4.642899E+00
  6.150222E+00  9.320529E+00  1.548578E+01  2.625655E+01  4.148257E+01  5.843688E+01  7.363825E+01  8.476649E+01  9.173804E+01  9.569054E+01
  3.794556E+00  3.794245E+00  3.863652E+00  3.925663E+00  4.051281E+00  4.300393E+00  4.818128E+00  5.893454E+00  8.059527E+00  1.236453E+01
  2.006736E+01  3.200773E+01  4.683899E+01  6.233994E+01  7.611420E+01  8.619942E+01  9.251356E+01  9.609427E+01  4.824758E+00  4.823520E+00
  4.938763E+00  5.045187E+00  5.261609E+00  5.687066E+00  6.550916E+00  8.305997E+00  1.166046E+01  1.780254E+01  2.739861E+01  3.983838E+01
  5.337010E+01  6.699710E+01  7.907334E+01  8.790829E+01  9.343980E+01  9.657911E+01  6.901407E+00  6.901639E+00  7.128373E+00  7.345075E+00
  7.784879E+00  8.637796E+00  1.031440E+01  1.350797E+01  1.907718E+01  2.767500E+01  3.842147E+01  4.967344E+01  6.100756E+01  7.240606E+01
  8.250264E+01  8.989060E+01  9.451387E+01  9.713938E+01  1.271587E+01  1.271373E+01  1.329205E+01  1.383808E+01  1.493143E+01  1.696755E+01
  2.068149E+01  2.683962E+01  3.529133E+01  4.453041E+01  5.288468E+01  6.108703E+01  6.973878E+01  7.857970E+01  8.641718E+01  9.215181E+01
  9.574039E+01  9.777967E+01  4.908106E+01  4.908184E+01  4.976880E+01  5.030382E+01  5.118897E+01  5.223593E+01  5.365229E+01  5.549177E+01
  5.805799E+01  6.142463E+01  6.563661E+01  7.097314E+01  7.714203E+01  8.381608E+01  8.974684E+01  9.406676E+01  9.678206E+01  9.832044E+01
  2.472764E+00  2.472293E+00  2.500850E+00  2.525385E+00  2.577718E+00  2.675529E+00  2.893525E+00  3.310621E+00  4.173894E+00  6.001021E+00
  9.801951E+00  1.780231E+01  3.208060E+01  5.109327E+01  6.892222E+01  8.203167E+01  9.025584E+01  9.491373E+01  2.509486E+00  2.507750E+00
  2.539643E+00  2.562940E+00  2.614424E+00  2.717005E+00  2.938459E+00  3.371863E+00  4.263075E+00  6.125259E+00  1.006786E+01  1.823177E+01
  3.263814E+01  5.155055E+01  6.921273E+01  8.219994E+01  9.034580E+01  9.496034E+01  2.625808E+00  2.625418E+00  2.657433E+00  2.684973E+00
  2.741374E+00  2.851346E+00  3.091270E+00  3.559299E+00  4.536829E+00  6.585120E+00  1.091632E+01  1.963351E+01  3.432983E+01  5.291895E+01
  7.008880E+01  8.270734E+01  9.062199E+01  9.510432E+01  2.843733E+00  2.844324E+00  2.879787E+00  2.911160E+00  2.973797E+00  3.103180E+00
  3.385502E+00  3.937786E+00  5.089575E+00  7.551435E+00  1.258329E+01  2.217703E+01  3.720795E+01  5.518299E+01  7.153767E+01  8.354238E+01
  9.107396E+01  9.534099E+01  3.203670E+00  3.201807E+00  3.248895E+00  3.288958E+00  3.374463E+00  3.539977E+00  3.899174E+00  4.618113E+00
  6.123577E+00  9.237083E+00  1.538923E+01  2.615194E+01  4.131882E+01  5.830364E+01  7.351900E+01  8.468808E+01  9.169615E+01  9.566475E+01
  3.794556E+00  3.794751E+00  3.860123E+00  3.920686E+00  4.047480E+00  4.290346E+00  4.816690E+00  5.863089E+00  8.005059E+00  1.228366E+01
  2.003875E+01  3.191870E+01  4.666929E+01  6.220817E+01  7.600258E+01  8.612444E+01  9.247559E+01  9.607240E+01  4.824758E+00  4.825009E+00
  4.936759E+00  5.041577E+00  5.255908E+00  5.680961E+00  6.553844E+00  8.264196E+00  1.161952E+01  1.772382E+01  2.735416E+01  3.974704E+01
  5.321615E+01  6.688696E+01  7.897519E+01  8.784171E+01  9.340697E+01  9.655855E+01  6.901407E+00  6.903588E+00  7.124566E+00  7.340411E+00
  7.775338E+00  8.621116E+00  1.030899E+01  1.345991E+01  1.900831E+01  2.756363E+01  3.839427E+01  4.957774E+01  6.088104E+01  7.231351E+01
  8.242221E+01  8.983250E+01  9.448737E+01  9.712225E+01  1.271587E+01  1.272013E+01  1.328428E+01  1.383242E+01  1.491754E+01  1.694061E+01
  2.067735E+01  2.676600E+01  3.522466E+01  4.442229E+01  5.279029E+01  6.103096E+01  6.964266E+01  7.850821E+01  8.635061E+01  9.210616E+01
  9.572086E+01  9.776598E+01  4.908106E+01  4.907286E+01  4.975543E+01  5.028054E+01  5.113539E+01  5.221093E+01  5.369420E+01  5.545220E+01
  5.796534E+01  6.134833E+01  6.552927E+01  7.092170E+01  7.707883E+01  8.373708E+01  8.968050E+01  9.403409E+01  9.676844E+01  9.831133E+01
  2.472764E+00  2.472092E+00  2.498774E+00  2.530785E+00  2.580178E+00  2.677566E+00  2.888931E+00  3.306589E+00  4.171926E+00  5.955242E+00
  9.784026E+00  1.770403E+01  3.192889E+01  5.095913E+01  6.883846E+01  8.196346E+01  9.021632E+01  9.489206E+01  2.509486E+00  2.508281E+00
  2.536931E+00  2.568125E+00  2.618438E+00  2.717674E+00  2.933395E+00  3.369656E+00  4.259592E+00  6.122654E+00  9.987190E+00  1.813716E+01
  3.251401E+01  5.141980E+01  6.913126E+01  8.213298E+01  9.030851E+01  9.493884E+01  2.625808E+00  2.625454E+00  2.654110E+00  2.689945E+00
  2.744661E+00  2.850593E+00  3.086673E+00  3.561796E+00  4.533256E+00  6.583351E+00  1.086505E+01  1.952436E+01  3.419621E+01  5.279575E+01
  7.001439E+01  8.264301E+01  9.058569E+01  9.508333E+01  2.843733E+00  2.844162E+00  2.876735E+00  2.915908E+00  2.977603E+00  3.105797E+00
  3.379808E+00  3.933207E+00  5.090702E+00  7.555120E+00  1.248900E+01  2.205869E+01  3.709266E+01  5.506060E+01  7.146143E+01  8.348068E+01
  9.104038E+01  9.532030E+01  3.203670E+00  3.201958E+00  3.246210E+00  3.294005E+00  3.377627E+00  3.540919E+00  3.892411E+00  4.614542E+00
  6.115364E+00  9.276594E+00  1.531190E+01  2.602996E+01  4.118405E+01  5.817834E+01  7.345007E+01  8.463007E+01  9.166380E+01  9.564622E+01
  3.794556E+00  3.792568E+00  3.856375E+00  3.924219E+00  4.048220E+00  4.292571E+00  4.808911E+00  5.858972E+00  7.999679E+00  1.227677E+01
  1.995088E+01  3.179860E+01  4.657545E+01  6.210315E+01  7.594494E+01  8.607368E+01  9.244690E+01  9.605506E+01  4.824758E+00  4.825931E+00
  4.933930E+00  5.045116E+00  5.258898E+00  5.676708E+00  6.536820E+00  8.263335E+00  1.160610E+01  1.772990E+01  2.731680E+01  3.966188E+01
  5.312772E+01  6.679266E+01  7.892702E+01  8.779774E+01  9.338206E+01  9.654320E+01  6.901407E+00  6.902203E+00  7.120610E+00  7.345000E+00
  7.780618E+00  8.626152E+00  1.029915E+01  1.345126E+01  1.899206E+01  2.756515E+01  3.834250E+01  4.948055E+01  6.081677E+01  7.223595E+01
  8.238475E+01  8.979811E+01  9.446744E+01  9.711004E+01  1.271587E+01  1.270980E+01  1.327810E+01  1.383219E+01  1.491940E+01  1.694697E+01
  2.066313E+01  2.675239E+01  3.521818E+01  4.441062E+01  5.290628E+01  6.096752E+01  6.957004E+01  7.844558E+01  8.632983E+01  9.208047E+01
  9.570351E+01  9.775688E+01  4.908106E+01  4.905873E+01  4.973601E+01  5.030487E+01  5.113218E+01  5.224492E+01  5.366107E+01  5.547115E+01
  5.798403E+01  6.130026E+01  6.552138E+01  7.082225E+01  7.700527E+01  8.370950E+01  8.967175E+01  9.401374E+01  9.675273E+01  9.830482E+01
  2.472764E+00  2.473265E+00  2.504919E+00  2.524682E+00  2.573841E+00  2.678284E+00  2.858866E+00  3.307012E+00  4.076683E+00  5.963463E+00
  9.775583E+00  1.761992E+01  3.190005E+01  5.086403E+01  6.873824E+01  8.190808E+01  9.018745E+01  9.487376E+01  2.509486E+00  2.508373E+00
  2.542579E+00  2.562773E+00  2.611259E+00  2.721267E+00  2.911792E+00  3.366869E+00  4.129565E+00  6.093050E+00  1.001399E+01  1.806602E+01
  3.245137E+01  5.132360E+01  6.903468E+01  8.207717E+01  9.027888E+01  9.492033E+01  2.625808E+00  2.626528E+00  2.660253E+00  2.684547E+00
  2.736527E+00  2.853837E+00  3.064720E+00  3.554610E+00  4.357605E+00  6.562872E+00  1.086738E+01  1.945966E+01  3.415770E+01  5.270358E+01
  6.991945E+01  8.258796E+01  9.055627E+01  9.506566E+01  2.843733E+00  2.844813E+00  2.882927E+00  2.910506E+00  2.974439E+00  3.106387E+00
  3.366139E+00  3.929940E+00  4.982862E+00  7.517602E+00  1.247941E+01  2.199925E+01  3.703452E+01  5.497112E+01  7.136932E+01  8.342966E+01
  9.101251E+01  9.530378E+01  3.203670E+00  3.204008E+00  3.252430E+00  3.287298E+00  3.371348E+00  3.545047E+00  3.869198E+00  4.611578E+00
  5.996609E+00  9.192791E+00  1.534262E+01  2.597877E+01  4.114659E+01  5.809819E+01  7.336284E+01  8.458194E+01  9.163797E+01  9.563055E+01
  3.794556E+00  3.795628E+00  3.863398E+00  3.919545E+00  4.041564E+00  4.294041E+00  4.797799E+00  5.855487E+00  7.852936E+00  1.222372E+01
  1.991565E+01  3.174452E+01  4.654505E+01  6.202855E+01  7.586417E+01  8.602992E+01  9.242324E+01  9.604115E+01  4.824758E+00  4.825902E+00
  4.939118E+00  5.039481E+00  5.249783E+00  5.680461E+00  6.525269E+00  8.255175E+00  1.152072E+01  1.765503E+01  2.725497E+01  3.958254E+01
  5.310851E+01  6.672664E+01  7.885179E+01  8.775820E+01  9.336230E+01  9.653095E+01  6.901407E+00  6.904369E+00  7.128781E+00  7.337599E+00
  7.774901E+00  8.626540E+00  1.028330E+01  1.344716E+01  1.880135E+01  2.753867E+01  3.828467E+01  4.944852E+01  6.079472E+01  7.218396E+01
  8.231947E+01  8.976436E+01  9.445086E+01  9.709968E+01  1.271587E+01  1.272178E+01  1.329037E+01  1.382814E+01  1.491675E+01  1.695250E+01
  2.063236E+01  2.675021E+01  3.490843E+01  4.438376E+01  5.277238E+01  6.092982E+01  6.958573E+01  7.840659E+01  8.627488E+01  9.205367E+01
  9.569284E+01  9.774844E+01  4.908106E+01  4.908895E+01  4.977917E+01  5.028151E+01  5.113163E+01  5.226772E+01  5.358941E+01  5.547744E+01
  5.759021E+01  6.136786E+01  6.557878E+01  7.085134E+01  7.705966E+01  8.368043E+01  8.963006E+01  9.399619E+01  9.674725E+01  9.829802E+01
  2.472764E+00  2.473849E+00  2.502598E+00  2.524127E+00  2.577475E+00  2.681789E+00  2.881575E+00  3.306327E+00  4.162107E+00  5.963979E+00
  9.738508E+00  1.758342E+01  3.180258E+01  5.076896E+01  6.865612E+01  8.185358E+01  9.015859E+01  9.485917E+01  2.509486E+00  2.509507E+00
  2.540479E+00  2.561739E+00  2.615132E+00  2.724018E+00  2.927341E+00  3.353405E+00  4.219969E+00  6.106372E+00  9.979383E+00  1.802808E+01
  3.236549E+01  5.123253E+01  6.895483E+01  8.202357E+01  9.025093E+01  9.490596E+01  2.625808E+00  2.626983E+00  2.658514E+00  2.683275E+00
  2.741861E+00  2.856321E+00  3.079099E+00  3.532638E+00  4.505217E+00  6.567533E+00  1.083629E+01  1.942669E+01  3.406410E+01  5.261081E+01
  6.984231E+01  8.253435E+01  9.052959E+01  9.505203E+01  2.843733E+00  2.845752E+00  2.880095E+00  2.908693E+00  2.975473E+00  3.107734E+00
  3.370795E+00  3.935522E+00  5.069812E+00  7.512592E+00  1.246836E+01  2.195519E+01  3.694738E+01  5.488536E+01  7.129863E+01  8.337778E+01
  9.098646E+01  9.529096E+01  3.203670E+00  3.205959E+00  3.249328E+00  3.285621E+00  3.373667E+00  3.545685E+00  3.885228E+00  4.602067E+00
  6.076505E+00  9.188451E+00  1.529790E+01  2.593199E+01  4.106104E+01  5.801794E+01  7.329167E+01  8.453482E+01  9.161423E+01  9.561881E+01
  3.794556E+00  3.797165E+00  3.860906E+00  3.919045E+00  4.045680E+00  4.297373E+00  4.800244E+00  5.860119E+00  7.986938E+00  1.221559E+01
  1.989490E+01  3.168680E+01  4.646683E+01  6.195647E+01  7.580178E+01  8.598707E+01  9.240119E+01  9.602850E+01  4.824758E+00  4.829839E+00
  4.937625E+00  5.037843E+00  5.255313E+00  5.685516E+00  6.530734E+00  8.243382E+00  1.156291E+01  1.766249E+01  2.720215E+01  3.953241E+01
  5.303938E+01  6.666624E+01  7.879719E+01  8.772189E+01  9.334324E+01  9.652139E+01  6.901407E+00  6.906116E+00  7.125930E+00  7.332788E+00
  7.774745E+00  8.631200E+00  1.028480E+01  1.345549E+01  1.895613E+01  2.751331E+01  3.822826E+01  4.941216E+01  6.074468E+01  7.213097E+01
  8.228130E+01  8.973259E+01  9.443476E+01  9.709117E+01  1.271587E+01  1.272725E+01  1.328651E+01  1.382359E+01  1.491385E+01  1.695722E+01
  2.064494E+01  2.675390E+01  3.521643E+01  4.439702E+01  5.275898E+01  6.090523E+01  6.954111E+01  7.836510E+01  8.623716E+01  9.202901E+01
  9.568065E+01  9.774260E+01  4.908106E+01  4.915403E+01  4.974527E+01  5.023706E+01  5.113260E+01  5.225585E+01  5.366043E+01  5.548552E+01
  5.803033E+01  6.134509E+01  6.555814E+01  7.083324E+01  7.700283E+01  8.364303E+01  8.958241E+01  9.397939E+01  9.673694E+01  9.829199E+01
  2.472764E+00  2.473045E+00  2.501531E+00  2.517473E+00  2.576207E+00  2.670202E+00  2.881526E+00  3.301726E+00  4.145922E+00  5.927562E+00
  9.700027E+00  1.749225E+01  3.172100E+01  5.068793E+01  6.858041E+01  8.180742E+01  9.012249E+01  9.483516E+01  2.509486E+00  2.508661E+00
  2.539482E+00  2.554461E+00  2.613780E+00  2.712104E+00  2.926265E+00  3.363634E+00  4.234519E+00  6.071454E+00  9.957130E+00  1.793967E+01
  3.229110E+01  5.115348E+01  6.887897E+01  8.197845E+01  9.021445E+01  9.488328E+01  2.625808E+00  2.627167E+00  2.656563E+00  2.675162E+00
  2.740801E+00  2.844070E+00  3.081008E+00  3.551559E+00  4.507140E+00  6.537568E+00  1.080127E+01  1.932211E+01  3.397934E+01  5.253391E+01
  6.976562E+01  8.249236E+01  9.049229E+01  9.502915E+01  2.843733E+00  2.844465E+00  2.878916E+00  2.902173E+00  2.973591E+00  3.098551E+00
  3.372216E+00  3.920179E+00  5.056636E+00  7.473715E+00  1.243175E+01  2.187513E+01  3.685033E+01  5.481055E+01  7.122373E+01  8.333714E+01
  9.095282E+01  9.526961E+01  3.203670E+00  3.203536E+00  3.248757E+00  3.280086E+00  3.372487E+00  3.534252E+00  3.882866E+00  4.601083E+00
  6.069799E+00  9.142528E+00  1.522377E+01  2.584556E+01  4.098079E+01  5.794939E+01  7.322695E+01  8.449664E+01  9.158241E+01  9.559795E+01
  3.794556E+00  3.794845E+00  3.859610E+00  3.911150E+00  4.044027E+00  4.284336E+00  4.797190E+00  5.846920E+00  7.953610E+00  1.217840E+01
  1.982038E+01  3.162079E+01  4.640735E+01  6.190164E+01  7.574220E+01  8.595305E+01  9.237153E+01  9.601152E+01  4.824758E+00  4.827443E+00
  4.935434E+00  5.030233E+00  5.253679E+00  5.666471E+00  6.526125E+00  8.244871E+00  1.154513E+01  1.760831E+01  2.715335E+01  3.946046E+01
  5.297312E+01  6.661213E+01  7.874490E+01  8.769225E+01  9.331686E+01  9.650518E+01  6.901407E+00  6.901442E+00  7.123142E+00  7.328132E+00
  7.773314E+00  8.609328E+00  1.028583E+01  1.342518E+01  1.891583E+01  2.748425E+01  3.818437E+01  4.932268E+01  6.073342E+01  7.209033E+01
  8.223207E+01  8.971063E+01  9.441232E+01  9.707739E+01  1.271587E+01  1.272076E+01  1.328481E+01  1.381339E+01  1.491036E+01  1.692536E+01
  2.063869E+01  2.673539E+01  3.512498E+01  4.436734E+01  5.271516E+01  6.085654E+01  6.952823E+01  7.834177E+01  8.620660E+01  9.201348E+01
  9.566099E+01  9.773075E+01  4.908106E+01  4.907303E+01  4.976492E+01  5.020164E+01  5.113515E+01  5.225024E+01  5.364974E+01  5.548274E+01
  5.794787E+01  6.132350E+01  6.553594E+01  7.074937E+01  7.693835E+01  8.360641E+01  8.958192E+01  9.396539E+01  9.671464E+01  9.828321E+01
  2.472764E+00  2.479158E+00  2.500931E+00  2.526034E+00  2.578800E+00  2.673658E+00  2.881226E+00  3.302208E+00  4.137031E+00  5.932016E+00
  9.646838E+00  1.745064E+01  3.164554E+01  5.058249E+01  6.851040E+01  8.175066E+01  9.009542E+01  9.482836E+01  2.509486E+00  2.517023E+00
  2.538740E+00  2.563158E+00  2.617042E+00  2.715548E+00  2.927225E+00  3.359988E+00  4.223339E+00  6.072089E+00  9.907162E+00  1.789091E+01
  3.218721E+01  5.104738E+01  6.881052E+01  8.192215E+01  9.018787E+01  9.487946E+01  2.625808E+00  2.633233E+00  2.656469E+00  2.684717E+00
  2.742707E+00  2.846895E+00  3.081712E+00  3.551415E+00  4.492742E+00  6.533542E+00  1.074756E+01  1.929549E+01  3.387563E+01  5.243051E+01
  6.969804E+01  8.243813E+01  9.046785E+01  9.502090E+01  2.843733E+00  2.851830E+00  2.879060E+00  2.910243E+00  2.977139E+00  3.101695E+00
  3.365705E+00  3.934743E+00  5.041073E+00  7.461671E+00  1.239504E+01  2.183866E+01  3.677502E+01  5.471172E+01  7.116315E+01  8.328508E+01
  9.092780E+01  9.526503E+01  3.203670E+00  3.213075E+00  3.247925E+00  3.287615E+00  3.375153E+00  3.535658E+00  3.881116E+00  4.599264E+00
  6.066567E+00  9.150231E+00  1.521673E+01  2.578448E+01  4.090797E+01  5.785692E+01  7.316814E+01  8.444765E+01  9.155918E+01  9.559279E+01
  3.794556E+00  3.805521E+00  3.858293E+00  3.920013E+00  4.046281E+00  4.285549E+00  4.799644E+00  5.836075E+00  7.943524E+00  1.216057E+01
  1.978848E+01  3.157345E+01  4.631465E+01  6.181196E+01  7.568947E+01  8.590714E+01  9.235192E+01  9.600560E+01  4.824758E+00  4.840546E+00
  4.936381E+00  5.039239E+00  5.257397E+00  5.669998E+00  6.523102E+00  8.233795E+00  1.153500E+01  1.759425E+01  2.710706E+01  3.944373E+01
  5.291502E+01  6.653954E+01  7.870088E+01  8.765307E+01  9.329856E+01  9.650119E+01  6.901407E+00  6.920947E+00  7.121426E+00  7.335947E+00
  7.776290E+00  8.614295E+00  1.027416E+01  1.344747E+01  1.890118E+01  2.746609E+01  3.815484E+01  4.929965E+01  6.063892E+01  7.202686E+01
  8.219482E+01  8.967786E+01  9.439822E+01  9.707362E+01  1.271587E+01  1.275357E+01  1.328184E+01  1.382563E+01  1.491090E+01  1.692747E+01
  2.064673E+01  2.673086E+01  3.511960E+01  4.434722E+01  5.273131E+01  6.083460E+01  6.945364E+01  7.829165E+01  8.618375E+01  9.198796E+01
  9.565221E+01  9.772973E+01  4.908106E+01  4.922740E+01  4.974556E+01  5.028036E+01  5.114545E+01  5.224103E+01  5.369754E+01  5.551128E+01
  5.795470E+01  6.131184E+01  6.548396E+01  7.071478E+01  7.691590E+01  8.358122E+01  8.955766E+01  9.394796E+01  9.671336E+01  9.828669E+01
  4.543690E+00  4.531005E+00  4.761176E+00  4.974425E+00  5.345761E+00  6.089555E+00  7.330387E+00  9.951564E+00  1.419507E+01  2.121325E+01
  3.148651E+01  4.530471E+01  6.082034E+01  7.501149E+01  8.545766E+01  9.208910E+01  9.586984E+01  9.788247E+01  4.543690E+00  4.610267E+00
  4.703777E+00  4.832932E+00  5.220819E+00  5.760633E+00  6.800243E+00  8.660743E+00  1.219883E+01  1.767674E+01  2.647676E+01  3.892479E+01
  5.397306E+01  6.910790E+01  8.131327E+01  8.959544E+01  9.448432E+01  9.715515E+01  4.543690E+00  4.532867E+00  4.657809E+00  4.831178E+00
  5.108166E+00  5.637805E+00  6.480633E+00  8.258235E+00  1.136932E+01  1.655391E+01  2.460207E+01  3.635297E+01  5.105262E+01  6.643154E+01
  7.938540E+01  8.835773E+01  9.377377E+01  9.677623E+01  4.543690E+00  4.584170E+00  4.700702E+00  4.837572E+00  5.111007E+00  5.544123E+00
  6.406622E+00  8.052376E+00  1.094070E+01  1.592338E+01  2.378449E+01  3.516325E+01  4.966415E+01  6.506666E+01  7.836335E+01  8.770832E+01
  9.338962E+01  9.657594E+01  4.543690E+00  4.557655E+00  4.662146E+00  4.787310E+00  5.087276E+00  5.575375E+00  6.371863E+00  8.097104E+00
  1.077541E+01  1.560902E+01  2.325332E+01  3.441849E+01  4.876353E+01  6.423560E+01  7.766843E+01  8.727695E+01  9.315520E+01  9.644250E+01
  4.543690E+00  4.569715E+00  4.695344E+00  4.824832E+00  5.126449E+00  5.537476E+00  6.357634E+00  7.950273E+00  1.074318E+01  1.548149E+01
  2.292083E+01  3.395317E+01  4.819241E+01  6.366876E+01  7.727112E+01  8.699033E+01  9.299138E+01  9.635276E+01  4.543690E+00  4.690180E+00
  4.747383E+00  4.844706E+00  5.052092E+00  5.453722E+00  6.296906E+00  7.855143E+00  1.055304E+01  1.535471E+01  2.269059E+01  3.346429E+01
  4.767679E+01  6.327534E+01  7.693198E+01  8.677232E+01  9.286111E+01  9.628365E+01  4.543690E+00  4.597548E+00  4.682886E+00  4.834731E+00
  5.082958E+00  5.439905E+00  6.274981E+00  7.834785E+00  1.048812E+01  1.519981E+01  2.242354E+01  3.325451E+01  4.738253E+01  6.287879E+01
  7.664591E+01  8.658151E+01  9.274757E+01  9.622314E+01  4.543690E+00  4.573018E+00  4.694304E+00  4.787697E+00  5.073821E+00  5.592510E+00
  6.279037E+00  7.783743E+00  1.049075E+01  1.513664E+01  2.231577E+01  3.305835E+01  4.712956E+01  6.264365E+01  7.642355E+01  8.643575E+01
  9.266937E+01  9.618170E+01  4.543690E+00  4.574434E+00  4.694202E+00  4.790922E+00  5.050656E+00  5.438573E+00  6.271221E+00  7.863116E+00
  1.042684E+01  1.503936E+01  2.218535E+01  3.285663E+01  4.685906E+01  6.238934E+01  7.624483E+01  8.631413E+01  9.259230E+01  9.613824E+01
  4.543690E+00  4.574581E+00  4.693050E+00  4.797531E+00  5.047022E+00  5.390810E+00  6.252741E+00  7.921114E+00  1.037902E+01  1.500149E+01
  2.210107E+01  3.272239E+01  4.662891E+01  6.219635E+01  7.604678E+01  8.621725E+01  9.253564E+01  9.610766E+01  4.543690E+00  4.372430E+00
  4.694410E+00  4.761685E+00  5.030856E+00  5.414813E+00  6.228633E+00  7.756094E+00  1.038705E+01  1.492261E+01  2.196063E+01  3.253123E+01
  4.653416E+01  6.196502E+01  7.595994E+01  8.612992E+01  9.248678E+01  9.607800E+01  4.543690E+00  4.566462E+00  4.681047E+00  4.781567E+00
  5.052098E+00  5.401450E+00  6.237981E+00  7.747514E+00  1.032740E+01  1.479628E+01  2.190401E+01  3.247846E+01  4.635613E+01  6.189079E+01
  7.585475E+01  8.606496E+01  9.244258E+01  9.605939E+01  4.543690E+00  4.535249E+00  4.724691E+00  4.772154E+00  5.060883E+00  5.415738E+00
  6.197584E+00  7.722852E+00  1.037626E+01  1.486750E+01  2.183328E+01  3.239521E+01  4.625920E+01  6.178672E+01  7.576482E+01  8.598457E+01
  9.240387E+01  9.603562E+01  4.543690E+00  4.582039E+00  4.688300E+00  4.780952E+00  5.007919E+00  5.385223E+00  6.241123E+00  7.651714E+00
  1.025318E+01  1.477204E+01  2.171285E+01  3.229853E+01  4.611707E+01  6.163324E+01  7.563900E+01  8.591993E+01  9.236534E+01  9.601444E+01
  4.543690E+00  4.502849E+00  4.671807E+00  4.803893E+00  5.029039E+00  5.406532E+00  6.213407E+00  7.667427E+00  1.028876E+01  1.470797E+01
  2.167684E+01  3.213441E+01  4.594583E+01  6.154927E+01  7.559109E+01  8.586938E+01  9.233195E+01  9.599753E+01  4.543690E+00  4.579990E+00
  4.735157E+00  4.772077E+00  5.023764E+00  5.433899E+00  6.158169E+00  7.683307E+00  9.953760E+00  1.475388E+01  2.169580E+01  3.214032E+01
  4.598378E+01  6.147838E+01  7.550488E+01  8.582217E+01  9.231338E+01  9.598260E+01  4.543690E+00  4.663292E+00  4.685747E+00  4.776969E+00
  5.023393E+00  5.432156E+00  6.212144E+00  7.733051E+00  1.031340E+01  1.474251E+01  2.167135E+01  3.209270E+01  4.589732E+01  6.139427E+01
  7.541667E+01  8.578188E+01  9.229029E+01  9.596888E+01  4.543690E+00  4.597979E+00  4.700959E+00  4.754056E+00  5.035133E+00  5.391982E+00
  6.195950E+00  7.705099E+00  1.023274E+01  1.471088E+01  2.162672E+01  3.197429E+01  4.578712E+01  6.131704E+01  7.538732E+01  8.574677E+01
  9.225565E+01  9.595019E+01  4.543690E+00  4.550662E+00  4.683581E+00  4.754278E+00  5.033059E+00  5.383996E+00  6.244591E+00  7.759039E+00
  1.022816E+01  1.470002E+01  2.156008E+01  3.192540E+01  4.569397E+01  6.125331E+01  7.532941E+01  8.570235E+01  9.224043E+01  9.594413E+01
