  6.442850E-01
          18 10.0000000
 -2.000000E+01 -1.000000E+01 -2.107210E+00 -1.806180E+00 -1.505150E+00 -1.204120E+00 -9.030900E-01 -6.020600E-01 -3.010300E-01  0.000000E+00
  3.010300E-01  6.020600E-01  9.030900E-01  1.204120E+00  1.505150E+00  1.806180E+00  2.107210E+00  2.408240E+00
          10 10.0000000
  0.000000E+00  1.000000E+01  2.000000E+01  3.000000E+01  4.000000E+01  5.000000E+01  6.000000E+01  7.000000E+01  8.000000E+01  8.900000E+01
          20  2.0000000
  1.000000E+00  3.000000E+00  5.000000E+00  7.000000E+00  9.000000E+00  1.100000E+01  1.300000E+01  1.500000E+01  1.700000E+01  1.900000E+01
  2.100000E+01  2.300000E+01  2.500000E+01  2.700000E+01  2.900000E+01  3.100000E+01  3.300000E+01  3.500000E+01  3.700000E+01  3.900000E+01
  2.476204E+00  2.473616E+00  2.532519E+00  2.594129E+00  2.702145E+00  2.934315E+00  3.385897E+00  4.314121E+00  6.273014E+00  1.017506E+01
  1.793718E+01  3.160467E+01  5.015529E+01  6.816891E+01  8.148607E+01  8.994600E+01  9.475189E+01  9.730798E+01  2.512571E+00  2.510458E+00
  2.569631E+00  2.635114E+00  2.745165E+00  2.982586E+00  3.450588E+00  4.399710E+00  6.418277E+00  1.042077E+01  1.832404E+01  3.212048E+01
  5.061646E+01  6.846252E+01  8.166083E+01  9.004153E+01  9.479740E+01  9.733294E+01  2.628448E+00  2.624411E+00  2.692236E+00  2.758995E+00
  2.878644E+00  3.135878E+00  3.647229E+00  4.678339E+00  6.839021E+00  1.117973E+01  1.956540E+01  3.370474E+01  5.198998E+01  6.935727E+01
  8.218153E+01  9.032465E+01  9.494707E+01  9.740903E+01  2.848719E+00  2.844412E+00  2.917876E+00  2.999401E+00  3.135508E+00  3.431581E+00
  4.015296E+00  5.217622E+00  7.683064E+00  1.263121E+01  2.183901E+01  3.643897E+01  5.426065E+01  7.082663E+01  8.303565E+01  9.078841E+01
  9.518941E+01  9.753326E+01  3.210728E+00  3.206133E+00  3.298853E+00  3.395566E+00  3.570662E+00  3.938748E+00  4.671423E+00  6.165162E+00
  9.210881E+00  1.512027E+01  2.545888E+01  4.041229E+01  5.738950E+01  7.285091E+01  8.420511E+01  9.142479E+01  9.552418E+01  9.770358E+01
  3.801010E+00  3.794804E+00  3.919999E+00  4.056796E+00  4.298604E+00  4.806584E+00  5.806899E+00  7.849335E+00  1.184230E+01  1.920939E+01
  3.081639E+01  4.567749E+01  6.132996E+01  7.537640E+01  8.566873E+01  9.222103E+01  9.593717E+01  9.791661E+01  4.833219E+00  4.829978E+00
  5.027034E+00  5.233157E+00  5.615153E+00  6.412154E+00  7.969818E+00  1.100432E+01  1.665377E+01  2.591554E+01  3.837740E+01  5.220340E+01
  6.602268E+01  7.837135E+01  8.741026E+01  9.316655E+01  9.643211E+01  9.817008E+01  6.906056E+00  6.903072E+00  7.273345E+00  7.655615E+00
  8.385393E+00  9.815395E+00  1.257135E+01  1.757609E+01  2.571811E+01  3.656938E+01  4.822076E+01  5.987017E+01  7.145559E+01  8.184301E+01
  8.942034E+01  9.426009E+01  9.700430E+01  9.846272E+01  1.274087E+01  1.271447E+01  1.365698E+01  1.461411E+01  1.636221E+01  1.963232E+01
  2.517816E+01  3.325505E+01  4.262226E+01  5.144122E+01  5.987774E+01  6.870599E+01  7.771695E+01  8.583486E+01  9.173994E+01  9.552267E+01
  9.766311E+01  9.880021E+01  4.912174E+01  4.908161E+01  5.028047E+01  5.102781E+01  5.217218E+01  5.345049E+01  5.526052E+01  5.771632E+01
  6.098171E+01  6.534037E+01  7.060744E+01  7.668358E+01  8.329087E+01  8.933495E+01  9.382077E+01  9.665898E+01  9.824449E+01  9.910387E+01
  2.476204E+00  2.474928E+00  2.518890E+00  2.555364E+00  2.640693E+00  2.817926E+00  3.138658E+00  3.858279E+00  5.210059E+00  8.077079E+00
  1.385090E+01  2.476944E+01  4.164285E+01  6.057204E+01  7.620722E+01  8.675130E+01  9.296311E+01  9.636533E+01  2.512571E+00  2.512408E+00
  2.556845E+00  2.595368E+00  2.680042E+00  2.866359E+00  3.196583E+00  3.933265E+00  5.320311E+00  8.284128E+00  1.417607E+01  2.524723E+01
  4.214915E+01  6.094604E+01  7.643439E+01  8.687826E+01  9.303043E+01  9.640018E+01  2.628448E+00  2.628979E+00  2.677629E+00  2.716348E+00
  2.811462E+00  3.014632E+00  3.370633E+00  4.176363E+00  5.689762E+00  8.905307E+00  1.521637E+01  2.675374E+01  4.370643E+01  6.206352E+01
  7.710960E+01  8.725323E+01  9.323005E+01  9.650340E+01  2.848719E+00  2.847050E+00  2.900156E+00  2.951557E+00  3.059685E+00  3.284193E+00
  3.705335E+00  4.643808E+00  6.386693E+00  1.008573E+01  1.713931E+01  2.939060E+01  4.630037E+01  6.389554E+01  7.821509E+01  8.787251E+01
  9.355825E+01  9.667274E+01  3.210728E+00  3.209552E+00  3.277094E+00  3.337242E+00  3.473316E+00  3.758376E+00  4.290550E+00  5.431694E+00
  7.636271E+00  1.210611E+01  2.029280E+01  3.338189E+01  4.992837E+01  6.640778E+01  7.973161E+01  8.871701E+01  9.400683E+01  9.690465E+01
  3.801010E+00  3.797793E+00  3.888268E+00  3.978999E+00  4.167404E+00  4.563886E+00  5.294415E+00  6.856334E+00  9.812904E+00  1.555854E+01
  2.522148E+01  3.893197E+01  5.456652E+01  6.955046E+01  8.162922E+01  8.977606E+01  9.456803E+01  9.719447E+01  4.833219E+00  4.840307E+00
  4.980098E+00  5.113410E+00  5.410691E+00  6.024210E+00  7.164286E+00  9.541938E+00  1.380948E+01  2.138462E+01  3.262766E+01  4.613366E+01
  6.012170E+01  7.328230E+01  8.388261E+01  9.103156E+01  9.523406E+01  9.753863E+01  6.906056E+00  6.903409E+00  7.184803E+00  7.455534E+00
  7.998174E+00  9.089299E+00  1.116169E+01  1.508889E+01  2.170400E+01  3.153588E+01  4.313059E+01  5.487737E+01  6.656979E+01  7.759130E+01
  8.648408E+01  9.248167E+01  9.600469E+01  9.793632E+01  1.274087E+01  1.272831E+01  1.338412E+01  1.404348E+01  1.535318E+01  1.786061E+01
  2.218616E+01  2.919233E+01  3.830236E+01  4.761333E+01  5.621450E+01  6.495430E+01  7.394923E+01  8.252164E+01  8.946004E+01  9.414070E+01
  9.688469E+01  9.839132E+01  4.912174E+01  4.916589E+01  5.001746E+01  5.059248E+01  5.150892E+01  5.269658E+01  5.435829E+01  5.651164E+01
  5.933930E+01  6.313664E+01  6.798248E+01  7.391151E+01  8.047144E+01  8.691454E+01  9.210590E+01  9.560802E+01  9.766412E+01  9.879176E+01
  2.476204E+00  2.475211E+00  2.513544E+00  2.543576E+00  2.615542E+00  2.752640E+00  3.032260E+00  3.639829E+00  4.794449E+00  7.175330E+00
  1.221649E+01  2.203241E+01  3.805174E+01  5.718195E+01  7.369410E+01  8.513926E+01  9.205395E+01  9.588541E+01  2.512571E+00  2.514843E+00
  2.549440E+00  2.582881E+00  2.655714E+00  2.796069E+00  3.082633E+00  3.711781E+00  4.904336E+00  7.344539E+00  1.252192E+01  2.247554E+01
  3.857997E+01  5.758696E+01  7.394381E+01  8.527838E+01  9.212900E+01  9.592354E+01  2.628448E+00  2.630259E+00  2.671315E+00  2.702528E+00
  2.785928E+00  2.938495E+00  3.249341E+00  3.941157E+00  5.216783E+00  7.903894E+00  1.349788E+01  2.395168E+01  4.019590E+01  5.879410E+01
  7.468935E+01  8.570017E+01  9.235439E+01  9.604055E+01  2.848719E+00  2.847509E+00  2.892178E+00  2.934655E+00  3.027315E+00  3.207627E+00
  3.569112E+00  4.367978E+00  5.885790E+00  8.994061E+00  1.532388E+01  2.657347E+01  4.290027E+01  6.078501E+01  7.591416E+01  8.639165E+01
  9.272440E+01  9.623191E+01  3.210728E+00  3.210818E+00  3.267538E+00  3.317960E+00  3.439906E+00  3.663816E+00  4.125971E+00  5.122333E+00
  7.096304E+00  1.089186E+01  1.835848E+01  3.056056E+01  4.674035E+01  6.351140E+01  7.759336E+01  8.734140E+01  9.323135E+01  9.649469E+01
  3.801010E+00  3.800035E+00  3.876829E+00  3.956496E+00  4.124487E+00  4.449388E+00  5.096483E+00  6.472423E+00  9.100869E+00  1.416220E+01
  2.316523E+01  3.625760E+01  5.164147E+01  6.693417E+01  7.969733E+01  8.852644E+01  9.386541E+01  9.682298E+01  4.833219E+00  4.834462E+00
  4.964800E+00  5.087299E+00  5.347569E+00  5.871579E+00  6.911393E+00  9.038811E+00  1.297064E+01  1.986543E+01  3.056147E+01  4.367527E+01
  5.757370E+01  7.100076E+01  8.219734E+01  8.993906E+01  9.462054E+01  9.721389E+01  6.906056E+00  6.906769E+00  7.157697E+00  7.407502E+00
  7.912581E+00  8.900058E+00  1.080158E+01  1.439277E+01  2.056380E+01  2.989824E+01  4.127879E+01  5.286632E+01  6.446571E+01  7.571078E+01
  8.509046E+01  9.157103E+01  9.549377E+01  9.766588E+01  1.274087E+01  1.273147E+01  1.332809E+01  1.395518E+01  1.518146E+01  1.746810E+01
  2.153764E+01  2.823699E+01  3.713977E+01  4.632162E+01  5.490547E+01  6.342510E+01  7.236010E+01  8.109408E+01  8.839359E+01  9.343729E+01
  9.648987E+01  9.818252E+01  4.912174E+01  4.908101E+01  4.983600E+01  5.047311E+01  5.135708E+01  5.250269E+01  5.402605E+01  5.608384E+01
  5.876551E+01  6.242064E+01  6.710116E+01  7.271915E+01  7.926460E+01  8.582713E+01  9.126726E+01  9.505789E+01  9.736407E+01  9.863392E+01
  2.476204E+00  2.474266E+00  2.511928E+00  2.538279E+00  2.602139E+00  2.728156E+00  2.988828E+00  3.520973E+00  4.574865E+00  6.854589E+00
  1.151098E+01  2.078326E+01  3.632690E+01  5.545827E+01  7.240368E+01  8.431972E+01  9.158244E+01  9.563126E+01  2.512571E+00  2.511126E+00
  2.548061E+00  2.576128E+00  2.639910E+00  2.770426E+00  3.036393E+00  3.595063E+00  4.672039E+00  7.014135E+00  1.179566E+01  2.126403E+01
  3.686052E+01  5.587704E+01  7.266161E+01  8.446774E+01  9.166044E+01  9.567094E+01  2.628448E+00  2.624027E+00  2.667420E+00  2.696214E+00
  2.767163E+00  2.910512E+00  3.201168E+00  3.801021E+00  4.999813E+00  7.558334E+00  1.272847E+01  2.268979E+01  3.850780E+01  5.711744E+01
  7.344499E+01  8.491238E+01  9.189907E+01  9.579492E+01  2.848719E+00  2.846787E+00  2.890321E+00  2.926121E+00  3.009804E+00  3.172347E+00
  3.507805E+00  4.216233E+00  5.606062E+00  8.615496E+00  1.451952E+01  2.528419E+01  4.126428E+01  5.918123E+01  7.472983E+01  8.564210E+01
  9.229103E+01  9.599863E+01  3.210728E+00  3.204989E+00  3.262853E+00  3.309913E+00  3.418239E+00  3.627058E+00  4.049383E+00  4.953033E+00
  6.730286E+00  1.047045E+01  1.748911E+01  2.931919E+01  4.518236E+01  6.204462E+01  7.649393E+01  8.664482E+01  9.282829E+01  9.627704E+01
  3.801010E+00  3.799208E+00  3.873829E+00  3.947036E+00  4.095319E+00  4.400996E+00  5.006107E+00  6.268195E+00  8.731755E+00  1.365226E+01
  2.224654E+01  3.499174E+01  5.021672E+01  6.560033E+01  7.870016E+01  8.789677E+01  9.350132E+01  9.662637E+01  4.833219E+00  4.835438E+00
  4.957675E+00  5.072163E+00  5.317494E+00  5.807458E+00  6.787912E+00  8.770717E+00  1.250165E+01  1.926895E+01  2.963117E+01  4.252001E+01
  5.632620E+01  6.982716E+01  8.132699E+01  8.939024E+01  9.430212E+01  9.704232E+01  6.906056E+00  6.896693E+00  7.149308E+00  7.389392E+00
  7.867517E+00  8.804808E+00  1.063992E+01  1.411190E+01  2.006343E+01  2.926918E+01  4.042232E+01  5.201659E+01  6.343850E+01  7.473587E+01
  8.436901E+01  9.111695E+01  9.522918E+01  9.752297E+01  1.274087E+01  1.273194E+01  1.331861E+01  1.392213E+01  1.508130E+01  1.729325E+01
  2.125343E+01  2.773861E+01  3.644656E+01  4.582352E+01  5.428920E+01  6.276943E+01  7.156405E+01  8.035535E+01  8.784337E+01  9.309188E+01
  9.628893E+01  9.807220E+01  4.912174E+01  4.910621E+01  4.987520E+01  5.043137E+01  5.121176E+01  5.240604E+01  5.393114E+01  5.587833E+01
  5.847786E+01  6.215631E+01  6.662813E+01  7.221288E+01  7.866221E+01  8.518861E+01  9.083323E+01  9.479697E+01  9.720065E+01  9.854834E+01
  2.476204E+00  2.477005E+00  2.506346E+00  2.533472E+00  2.602793E+00  2.714398E+00  2.966285E+00  3.469528E+00  4.490227E+00  6.614689E+00
  1.105761E+01  1.998748E+01  3.528384E+01  5.438599E+01  7.155727E+01  8.376387E+01  9.126536E+01  9.546068E+01  2.512571E+00  2.514553E+00
  2.543344E+00  2.572070E+00  2.642256E+00  2.757735E+00  3.013520E+00  3.538305E+00  4.582707E+00  6.776026E+00  1.134544E+01  2.046331E+01
  3.581351E+01  5.481907E+01  7.182451E+01  8.391544E+01  9.134550E+01  9.550085E+01  2.628448E+00  2.627124E+00  2.663011E+00  2.691841E+00
  2.769141E+00  2.896677E+00  3.174496E+00  3.741936E+00  4.900406E+00  7.297616E+00  1.226685E+01  2.190492E+01  3.747176E+01  5.610254E+01
  7.263259E+01  8.437532E+01  9.159303E+01  9.563001E+01  2.848719E+00  2.848809E+00  2.884842E+00  2.919408E+00  3.009035E+00  3.161243E+00
  3.480164E+00  4.146546E+00  5.499884E+00  8.314627E+00  1.398181E+01  2.449064E+01  4.025553E+01  5.821825E+01  7.395509E+01  8.513128E+01
  9.199996E+01  9.584122E+01  3.210728E+00  3.210090E+00  3.257386E+00  3.304110E+00  3.415574E+00  3.608390E+00  4.020580E+00  4.871311E+00
  6.594115E+00  1.012257E+01  1.691719E+01  2.848701E+01  4.422974E+01  6.112136E+01  7.577235E+01  8.616753E+01  9.255714E+01  9.613123E+01
  3.801010E+00  3.797867E+00  3.865276E+00  3.936284E+00  4.094786E+00  4.373568E+00  4.963945E+00  6.166130E+00  8.592410E+00  1.326940E+01
  2.163410E+01  3.418406E+01  4.935146E+01  6.476949E+01  7.804640E+01  8.746512E+01  9.325477E+01  9.649378E+01  4.833219E+00  4.838947E+00
  4.950888E+00  5.065733E+00  5.310256E+00  5.779994E+00  6.735070E+00  8.643370E+00  1.228937E+01  1.884525E+01  2.898867E+01  4.182446E+01
  5.556700E+01  6.911987E+01  8.075592E+01  8.901092E+01  9.408749E+01  9.692564E+01  6.906056E+00  6.913568E+00  7.138995E+00  7.371854E+00
  7.856174E+00  8.772651E+00  1.056236E+01  1.394983E+01  1.983596E+01  2.879416E+01  3.986378E+01  5.130674E+01  6.281958E+01  7.415380E+01
  8.389680E+01  9.080173E+01  9.505018E+01  9.742709E+01  1.274087E+01  1.273009E+01  1.330606E+01  1.389234E+01  1.506574E+01  1.722507E+01
  2.110861E+01  2.747963E+01  3.619252E+01  4.544563E+01  5.390804E+01  6.230811E+01  7.110233E+01  7.990507E+01  8.748283E+01  9.284702E+01
  9.614941E+01  9.799884E+01  4.912174E+01  4.917595E+01  4.984517E+01  5.038696E+01  5.126372E+01  5.228874E+01  5.388620E+01  5.579188E+01
  5.842675E+01  6.197617E+01  6.627756E+01  7.192374E+01  7.830304E+01  8.482654E+01  9.054008E+01  9.460761E+01  9.710029E+01  9.849014E+01
  2.476204E+00  2.474420E+00  2.507721E+00  2.535122E+00  2.604987E+00  2.710180E+00  2.955671E+00  3.443529E+00  4.394207E+00  6.479962E+00
  1.076839E+01  1.948048E+01  3.455069E+01  5.367067E+01  7.098165E+01  8.339133E+01  9.105219E+01  9.534346E+01  2.512571E+00  2.512402E+00
  2.543495E+00  2.575948E+00  2.643231E+00  2.753420E+00  3.003209E+00  3.526476E+00  4.489711E+00  6.666477E+00  1.105364E+01  1.994221E+01
  3.510048E+01  5.411263E+01  7.125390E+01  8.354722E+01  9.113498E+01  9.538497E+01  2.628448E+00  2.627095E+00  2.663051E+00  2.695087E+00
  2.769618E+00  2.886587E+00  3.163368E+00  3.713278E+00  4.796749E+00  7.180110E+00  1.195234E+01  2.137430E+01  3.676408E+01  5.541333E+01
  7.207715E+01  8.401737E+01  9.138904E+01  9.551808E+01  2.848719E+00  2.846755E+00  2.885381E+00  2.922355E+00  3.009687E+00  3.146241E+00
  3.461528E+00  4.118496E+00  5.392940E+00  8.186556E+00  1.367260E+01  2.394978E+01  3.958289E+01  5.756113E+01  7.342572E+01  8.478963E+01
  9.180542E+01  9.573435E+01  3.210728E+00  3.208714E+00  3.256770E+00  3.307231E+00  3.414222E+00  3.594166E+00  3.993762E+00  4.893450E+00
  6.465047E+00  9.979305E+00  1.657723E+01  2.793875E+01  4.356760E+01  6.051109E+01  7.527834E+01  8.584847E+01  9.237615E+01  9.603100E+01
  3.801010E+00  3.797333E+00  3.867158E+00  3.938686E+00  4.090905E+00  4.357983E+00  4.940300E+00  6.112944E+00  8.414199E+00  1.316400E+01
  2.125694E+01  3.364722E+01  4.874996E+01  6.421612E+01  7.759708E+01  8.717573E+01  9.309141E+01  9.640273E+01  4.833219E+00  4.832651E+00
  4.949172E+00  5.061988E+00  5.308836E+00  5.753992E+00  6.707911E+00  8.552996E+00  1.210983E+01  1.864620E+01  2.861506E+01  4.133319E+01
  5.504630E+01  6.863355E+01  8.036490E+01  8.875992E+01  9.394443E+01  9.684730E+01  6.906056E+00  6.906614E+00  7.138750E+00  7.371097E+00
  7.856742E+00  8.726675E+00  1.051776E+01  1.384586E+01  1.959564E+01  2.849907E+01  3.952244E+01  5.088921E+01  6.238109E+01  7.375420E+01
  8.356911E+01  9.059223E+01  9.493228E+01  9.736070E+01  1.274087E+01  1.272877E+01  1.330333E+01  1.388915E+01  1.507711E+01  1.715061E+01
  2.102923E+01  2.738260E+01  3.591771E+01  4.534224E+01  5.365088E+01  6.197846E+01  7.077094E+01  7.960721E+01  8.722884E+01  9.268709E+01
  9.605975E+01  9.794740E+01  4.912174E+01  4.909385E+01  4.984169E+01  5.042837E+01  5.131236E+01  5.229077E+01  5.392307E+01  5.574841E+01
  5.833271E+01  6.163546E+01  6.608223E+01  7.166112E+01  7.800224E+01  8.461469E+01  9.033701E+01  9.448410E+01  9.703117E+01  9.845229E+01
  2.476204E+00  2.475185E+00  2.505847E+00  2.531461E+00  2.591810E+00  2.701737E+00  2.954601E+00  3.407522E+00  4.339805E+00  6.394904E+00
  1.056896E+01  1.910085E+01  3.403580E+01  5.311970E+01  7.054724E+01  8.309985E+01  9.088711E+01  9.525629E+01  2.512571E+00  2.512807E+00
  2.543690E+00  2.569463E+00  2.630470E+00  2.744821E+00  2.997293E+00  3.465935E+00  4.426381E+00  6.542211E+00  1.084734E+01  1.954919E+01
  3.459153E+01  5.356144E+01  7.082583E+01  8.325873E+01  9.097011E+01  9.529854E+01  2.628448E+00  2.626627E+00  2.663381E+00  2.690926E+00
  2.756568E+00  2.879523E+00  3.159918E+00  3.667005E+00  4.729458E+00  7.032233E+00  1.174481E+01  2.098570E+01  3.625679E+01  5.488489E+01
  7.165987E+01  8.373920E+01  9.122946E+01  9.543334E+01  2.848719E+00  2.845575E+00  2.883399E+00  2.919059E+00  2.994854E+00  3.136643E+00
  3.458823E+00  4.060028E+00  5.307597E+00  8.050633E+00  1.344132E+01  2.354286E+01  3.908950E+01  5.705550E+01  7.302821E+01  8.452109E+01
  9.165352E+01  9.565415E+01  3.210728E+00  3.206135E+00  3.256600E+00  3.301566E+00  3.399746E+00  3.582715E+00  3.985267E+00  4.773111E+00
  6.369615E+00  9.802497E+00  1.634158E+01  2.752835E+01  4.309502E+01  6.003913E+01  7.490794E+01  8.559898E+01  9.223381E+01  9.595666E+01
  3.801010E+00  3.798419E+00  3.863764E+00  3.930709E+00  4.078089E+00  4.341815E+00  4.927583E+00  6.047812E+00  8.312601E+00  1.289357E+01
  2.099780E+01  3.326061E+01  4.831321E+01  6.378347E+01  7.726127E+01  8.694970E+01  9.296193E+01  9.633585E+01  4.833219E+00  4.832965E+00
  4.948426E+00  5.057152E+00  5.290481E+00  5.734251E+00  6.683906E+00  8.493727E+00  1.197425E+01  1.842150E+01  2.834596E+01  4.097488E+01
  5.467030E+01  6.825887E+01  8.007077E+01  8.856121E+01  9.383247E+01  9.678890E+01  6.906056E+00  6.904727E+00  7.133454E+00  7.358376E+00
  7.828044E+00  8.706876E+00  1.049367E+01  1.375965E+01  1.944610E+01  2.832171E+01  3.925216E+01  5.061158E+01  6.208049E+01  7.344658E+01
  8.332863E+01  9.042405E+01  9.483740E+01  9.731277E+01  1.274087E+01  1.272724E+01  1.329269E+01  1.388576E+01  1.501539E+01  1.710575E+01
  2.099110E+01  2.720901E+01  3.572825E+01  4.507529E+01  5.346441E+01  6.178473E+01  7.054282E+01  7.936859E+01  8.704340E+01  9.255560E+01
  9.598725E+01  9.791126E+01  4.912174E+01  4.913836E+01  4.980219E+01  5.038957E+01  5.126687E+01  5.233183E+01  5.390126E+01  5.570527E+01
  5.816519E+01  6.176884E+01  6.592400E+01  7.150704E+01  7.782487E+01  8.445319E+01  9.019640E+01  9.435957E+01  9.696891E+01  9.842701E+01
  2.476204E+00  2.473013E+00  2.499467E+00  2.527524E+00  2.592958E+00  2.697691E+00  2.931090E+00  3.397164E+00  4.315437E+00  6.307971E+00
  1.040017E+01  1.881883E+01  3.360174E+01  5.267123E+01  7.019393E+01  8.288524E+01  9.074986E+01  9.518089E+01  2.512571E+00  2.508449E+00
  2.535453E+00  2.566385E+00  2.631695E+00  2.740450E+00  2.981143E+00  3.458187E+00  4.390764E+00  6.459228E+00  1.067574E+01  1.925795E+01
  3.413869E+01  5.311420E+01  7.047485E+01  8.304607E+01  9.083609E+01  9.522415E+01  2.628448E+00  2.625559E+00  2.654524E+00  2.686942E+00
  2.757337E+00  2.874120E+00  3.134439E+00  3.659969E+00  4.692653E+00  6.945407E+00  1.155968E+01  2.068664E+01  3.581566E+01  5.444477E+01
  7.131869E+01  8.353087E+01  9.109805E+01  9.536072E+01  2.848719E+00  2.842673E+00  2.875659E+00  2.913235E+00  2.996321E+00  3.129804E+00
  3.436327E+00  4.047429E+00  5.291447E+00  7.946283E+00  1.324873E+01  2.323936E+01  3.865438E+01  5.663684E+01  7.270298E+01  8.432584E+01
  9.152747E+01  9.558488E+01  3.210728E+00  3.204550E+00  3.247539E+00  3.296052E+00  3.398588E+00  3.575403E+00  3.962273E+00  4.751479E+00
  6.310112E+00  9.663338E+00  1.611239E+01  2.722706E+01  4.269090E+01  5.964666E+01  7.460529E+01  8.541768E+01  9.211739E+01  9.589230E+01
  3.801010E+00  3.795271E+00  3.855211E+00  3.926237E+00  4.073480E+00  4.332685E+00  4.886542E+00  6.019028E+00  8.234622E+00  1.276229E+01
  2.075809E+01  3.296533E+01  4.794844E+01  6.343513E+01  7.698966E+01  8.678640E+01  9.285723E+01  9.627714E+01  4.833219E+00  4.827771E+00
  4.938675E+00  5.049565E+00  5.287095E+00  5.726062E+00  6.640938E+00  8.454627E+00  1.188836E+01  1.825883E+01  2.810535E+01  4.070141E+01
  5.434729E+01  6.795035E+01  7.983255E+01  8.842168E+01  9.374098E+01  9.673765E+01  6.906056E+00  6.896016E+00  7.129483E+00  7.347908E+00
  7.819257E+00  8.688251E+00  1.043023E+01  1.369489E+01  1.931232E+01  2.817146E+01  3.905290E+01  5.035989E+01  6.180572E+01  7.319465E+01
  8.313142E+01  9.031524E+01  9.476243E+01  9.727038E+01  1.274087E+01  1.272223E+01  1.328266E+01  1.385480E+01  1.499649E+01  1.707300E+01
  2.088311E+01  2.714301E+01  3.554974E+01  4.490583E+01  5.330453E+01  6.160285E+01  7.033782E+01  7.917640E+01  8.689589E+01  9.247424E+01
  9.592950E+01  9.787857E+01  4.912174E+01  4.904300E+01  4.979436E+01  5.031786E+01  5.128228E+01  5.235916E+01  5.380056E+01  5.570833E+01
  5.818790E+01  6.163514E+01  6.585297E+01  7.139008E+01  7.765508E+01  8.425874E+01  9.010094E+01  9.432457E+01  9.693059E+01  9.840130E+01
  2.476204E+00  2.474434E+00  2.507143E+00  2.528332E+00  2.589647E+00  2.699614E+00  2.923987E+00  3.376038E+00  4.274552E+00  6.270257E+00
  1.027365E+01  1.855639E+01  3.328076E+01  5.232571E+01  6.991945E+01  8.269682E+01  9.064252E+01  9.512807E+01  2.512571E+00  2.511864E+00
  2.543885E+00  2.566888E+00  2.627584E+00  2.745180E+00  2.961923E+00  3.436923E+00  4.349602E+00  6.392654E+00  1.054374E+01  1.900409E+01
  3.383015E+01  5.277102E+01  7.020312E+01  8.285895E+01  9.072931E+01  9.517172E+01  2.628448E+00  2.625140E+00  2.662637E+00  2.687097E+00
  2.753911E+00  2.876000E+00  3.121626E+00  3.634198E+00  4.650436E+00  6.900818E+00  1.141530E+01  2.042244E+01  3.551612E+01  5.410955E+01
  7.105491E+01  8.334911E+01  9.099344E+01  9.531017E+01  2.848719E+00  2.846280E+00  2.883872E+00  2.913470E+00  2.991988E+00  3.132200E+00
  3.428645E+00  4.020105E+00  5.215192E+00  7.890837E+00  1.312101E+01  2.299597E+01  3.835491E+01  5.631875E+01  7.245322E+01  8.415244E+01
  9.142823E+01  9.553659E+01  3.210728E+00  3.206849E+00  3.255137E+00  3.295614E+00  3.394131E+00  3.576949E+00  3.934839E+00  4.718775E+00
  6.262603E+00  9.652441E+00  1.597183E+01  2.697546E+01  4.240448E+01  5.935297E+01  7.437083E+01  8.525588E+01  9.202440E+01  9.584779E+01
  3.801010E+00  3.798121E+00  3.864031E+00  3.926447E+00  4.069036E+00  4.334084E+00  4.873063E+00  5.984595E+00  8.184153E+00  1.266865E+01
  2.060241E+01  3.271638E+01  4.768547E+01  6.316933E+01  7.677773E+01  8.663977E+01  9.277284E+01  9.623706E+01  4.833219E+00  4.831736E+00
  4.944790E+00  5.049809E+00  5.277770E+00  5.723574E+00  6.606495E+00  8.411364E+00  1.182760E+01  1.819859E+01  2.795002E+01  4.044615E+01
  5.411387E+01  6.771719E+01  7.965043E+01  8.829137E+01  9.366662E+01  9.670325E+01  6.906056E+00  6.907426E+00  7.133260E+00  7.354403E+00
  7.810001E+00  8.686682E+00  1.041180E+01  1.364043E+01  1.923897E+01  2.808645E+01  3.891488E+01  5.018730E+01  6.161341E+01  7.300067E+01
  8.298054E+01  9.020427E+01  9.470135E+01  9.724237E+01  1.274087E+01  1.272640E+01  1.329209E+01  1.386124E+01  1.498350E+01  1.706533E+01
  2.086578E+01  2.702912E+01  3.548791E+01  4.486932E+01  5.323272E+01  6.144070E+01  7.019315E+01  7.903243E+01  8.677993E+01  9.238864E+01
  9.588199E+01  9.785709E+01  4.912174E+01  4.909089E+01  4.980336E+01  5.032615E+01  5.124932E+01  5.234416E+01  5.372540E+01  5.565578E+01
  5.808508E+01  6.165593E+01  6.582652E+01  7.125333E+01  7.753683E+01  8.413692E+01  9.001636E+01  9.426053E+01  9.689651E+01  9.838273E+01
  2.476204E+00  2.474570E+00  2.505277E+00  2.537954E+00  2.588140E+00  2.683751E+00  2.920210E+00  3.371431E+00  4.259082E+00  6.202402E+00
  1.017411E+01  1.838514E+01  3.297992E+01  5.202521E+01  6.966768E+01  8.253465E+01  9.055075E+01  9.507519E+01  2.512571E+00  2.512480E+00
  2.542147E+00  2.577756E+00  2.628058E+00  2.730121E+00  2.958273E+00  3.413834E+00  4.334416E+00  6.352879E+00  1.042581E+01  1.883201E+01
  3.353353E+01  5.247430E+01  6.995435E+01  8.269691E+01  9.063670E+01  9.511961E+01  2.628448E+00  2.626259E+00  2.660874E+00  2.699583E+00
  2.752125E+00  2.860699E+00  3.117281E+00  3.609440E+00  4.629902E+00  6.831427E+00  1.129302E+01  2.024420E+01  3.521181E+01  5.381991E+01
  7.081222E+01  8.319105E+01  9.090667E+01  9.525863E+01  2.848719E+00  2.844672E+00  2.881682E+00  2.925429E+00  2.991190E+00  3.115888E+00
  3.411007E+00  4.017538E+00  5.192384E+00  7.798099E+00  1.296896E+01  2.279152E+01  3.806367E+01  5.603869E+01  7.222241E+01  8.400350E+01
  9.134381E+01  9.548804E+01  3.210728E+00  3.206656E+00  3.254169E+00  3.308808E+00  3.391938E+00  3.556726E+00  3.937128E+00  4.705651E+00
  6.235704E+00  9.527339E+00  1.581609E+01  2.677575E+01  4.213658E+01  5.909299E+01  7.415659E+01  8.511738E+01  9.194803E+01  9.580209E+01
  3.801010E+00  3.797218E+00  3.862511E+00  3.936296E+00  4.066319E+00  4.313885E+00  4.863567E+00  5.949015E+00  8.150891E+00  1.258983E+01
  2.044168E+01  3.250110E+01  4.742983E+01  6.293323E+01  7.658124E+01  8.651266E+01  9.270355E+01  9.619590E+01  4.833219E+00  4.829806E+00
  4.943689E+00  5.060898E+00  5.276803E+00  5.697047E+00  6.598048E+00  8.371677E+00  1.177745E+01  1.804842E+01  2.778304E+01  4.027557E+01
  5.389720E+01  6.751694E+01  7.947588E+01  8.818120E+01  9.360583E+01  9.666601E+01  6.906056E+00  6.908674E+00  7.130997E+00  7.359317E+00
  7.799521E+00  8.652985E+00  1.038288E+01  1.361390E+01  1.919564E+01  2.795158E+01  3.876395E+01  5.002422E+01  6.143711E+01  7.283115E+01
  8.283498E+01  9.011362E+01  9.465052E+01  9.721227E+01  1.274087E+01  1.272186E+01  1.329408E+01  1.386606E+01  1.497309E+01  1.701607E+01
  2.080578E+01  2.700905E+01  3.548152E+01  4.473984E+01  5.312001E+01  6.135188E+01  7.005404E+01  7.890599E+01  8.666345E+01  9.231802E+01
  9.584468E+01  9.783445E+01  4.912174E+01  4.911269E+01  4.979657E+01  5.032307E+01  5.119984E+01  5.227635E+01  5.377875E+01  5.558554E+01
  5.811416E+01  6.154444E+01  6.575124E+01  7.119217E+01  7.745623E+01  8.404632E+01  8.992282E+01  9.420557E+01  9.686456E+01  9.836507E+01
  2.476204E+00  2.476157E+00  2.502778E+00  2.520665E+00  2.578078E+00  2.699206E+00  2.904357E+00  3.356799E+00  4.218329E+00  6.161306E+00
  1.005988E+01  1.822790E+01  3.274812E+01  5.178271E+01  6.948068E+01  8.240984E+01  9.047257E+01  9.503425E+01  2.512571E+00  2.515267E+00
  2.540108E+00  2.558880E+00  2.616083E+00  2.740226E+00  2.952337E+00  3.415169E+00  4.299146E+00  6.268515E+00  1.032007E+01  1.868357E+01
  3.330407E+01  5.223590E+01  6.976949E+01  8.257482E+01  9.056093E+01  9.507915E+01  2.628448E+00  2.629507E+00  2.658372E+00  2.680035E+00
  2.743546E+00  2.873858E+00  3.103739E+00  3.613094E+00  4.575934E+00  6.761748E+00  1.119683E+01  2.009539E+01  3.497715E+01  5.358831E+01
  7.063250E+01  8.307299E+01  9.083018E+01  9.521986E+01  2.848719E+00  2.848161E+00  2.879887E+00  2.908518E+00  2.984556E+00  3.135019E+00
  3.400857E+00  3.987101E+00  5.145425E+00  7.732350E+00  1.287913E+01  2.266022E+01  3.785818E+01  5.581546E+01  7.204954E+01  8.389053E+01
  9.127424E+01  9.545055E+01  3.210728E+00  3.209646E+00  3.252244E+00  3.289697E+00  3.382014E+00  3.571836E+00  3.918848E+00  4.683075E+00
  6.268495E+00  9.439849E+00  1.571545E+01  2.663111E+01  4.192725E+01  5.888553E+01  7.399619E+01  8.501163E+01  9.188119E+01  9.576727E+01
  3.801010E+00  3.796853E+00  3.860889E+00  3.917782E+00  4.055820E+00  4.330337E+00  4.842791E+00  5.941782E+00  8.083053E+00  1.248744E+01
  2.032773E+01  3.237467E+01  4.723599E+01  6.274269E+01  7.643797E+01  8.641878E+01  9.264240E+01  9.616433E+01  4.833219E+00  4.832675E+00
  4.944150E+00  5.039892E+00  5.267108E+00  5.722488E+00  6.584018E+00  8.362614E+00  1.174084E+01  1.796937E+01  2.765646E+01  4.017643E+01
  5.372391E+01  6.734911E+01  7.935332E+01  8.810060E+01  9.355296E+01  9.663897E+01  6.906056E+00  6.913733E+00  7.129233E+00  7.330687E+00
  7.798504E+00  8.690880E+00  1.035424E+01  1.357925E+01  1.915521E+01  2.786019E+01  3.865043E+01  4.990747E+01  6.129981E+01  7.269651E+01
  8.273412E+01  9.004760E+01  9.460622E+01  9.718905E+01  1.274087E+01  1.271759E+01  1.329161E+01  1.383806E+01  1.496230E+01  1.704428E+01
  2.076702E+01  2.692819E+01  3.543660E+01  4.466838E+01  5.304371E+01  6.129296E+01  6.996964E+01  7.880178E+01  8.658970E+01  9.226868E+01
  9.580950E+01  9.781768E+01  4.912174E+01  4.918923E+01  4.985273E+01  5.029848E+01  5.116100E+01  5.233241E+01  5.377574E+01  5.563433E+01
  5.813169E+01  6.151154E+01  6.570370E+01  7.109672E+01  7.742086E+01  8.396578E+01  8.988253E+01  9.416143E+01  9.683627E+01  9.835299E+01
  2.476204E+00  2.438630E+00  2.504777E+00  2.530321E+00  2.596267E+00  2.684750E+00  2.908698E+00  3.354248E+00  4.218152E+00  5.853355E+00
  9.982738E+00  1.809548E+01  3.256773E+01  5.141270E+01  6.934373E+01  8.229906E+01  9.041656E+01  9.499653E+01  2.512571E+00  2.478594E+00
  2.542094E+00  2.570267E+00  2.633435E+00  2.728696E+00  2.954914E+00  3.410617E+00  4.304255E+00  6.110744E+00  1.023837E+01  1.854004E+01
  3.311260E+01  5.186160E+01  6.962344E+01  8.246611E+01  9.050562E+01  9.504165E+01  2.628448E+00  2.590755E+00  2.661513E+00  2.689004E+00
  2.761570E+00  2.859556E+00  3.107582E+00  3.604567E+00  4.578112E+00  6.737227E+00  1.109807E+01  1.995129E+01  3.480461E+01  5.321505E+01
  7.048199E+01  8.296645E+01  9.077779E+01  9.518322E+01  2.848719E+00  2.807509E+00  2.882710E+00  2.914527E+00  3.003082E+00  3.114725E+00
  3.401113E+00  3.980084E+00  5.148210E+00  7.601231E+00  1.277347E+01  2.250251E+01  3.768267E+01  5.543483E+01  7.191669E+01  8.379012E+01
  9.122337E+01  9.541600E+01  3.210728E+00  3.162455E+00  3.254099E+00  3.295812E+00  3.402189E+00  3.555561E+00  3.924659E+00  4.674717E+00
  6.187792E+00  9.367751E+00  1.562283E+01  2.647863E+01  4.176637E+01  5.849289E+01  7.387400E+01  8.491842E+01  9.183430E+01  9.573491E+01
  3.801010E+00  3.744812E+00  3.862707E+00  3.925300E+00  4.076902E+00  4.310051E+00  4.846245E+00  5.926907E+00  8.079492E+00  1.226065E+01
  2.022249E+01  3.223492E+01  4.710108E+01  6.241142E+01  7.632769E+01  8.633468E+01  9.260152E+01  9.613556E+01  4.833219E+00  4.767612E+00
  4.941529E+00  5.048919E+00  5.282637E+00  5.693052E+00  6.583561E+00  8.343563E+00  1.170218E+01  1.802579E+01  2.752990E+01  4.002942E+01
  5.360454E+01  6.698788E+01  7.925591E+01  8.802538E+01  9.351723E+01  9.661354E+01  6.906056E+00  6.804964E+00  7.127810E+00  7.345384E+00
  7.814420E+00  8.650560E+00  1.035643E+01  1.355905E+01  1.912271E+01  2.777240E+01  3.854174E+01  4.982159E+01  6.119868E+01  7.240458E+01
  8.265333E+01  8.998596E+01  9.458026E+01  9.716760E+01  1.274087E+01  1.254921E+01  1.328379E+01  1.383755E+01  1.497720E+01  1.700804E+01
  2.075266E+01  2.692245E+01  3.533389E+01  4.413495E+01  5.298845E+01  6.121526E+01  6.989559E+01  7.852869E+01  8.652831E+01  9.222297E+01
  9.579111E+01  9.780086E+01  4.912174E+01  4.810838E+01  4.973263E+01  5.031083E+01  5.133444E+01  5.230914E+01  5.376945E+01  5.566502E+01
  5.804929E+01  6.159259E+01  6.570191E+01  7.108684E+01  7.737910E+01  8.384460E+01  8.982190E+01  9.413194E+01  9.682495E+01  9.834055E+01
  2.476204E+00  2.471609E+00  2.497280E+00  2.531702E+00  2.587145E+00  2.685117E+00  2.900029E+00  3.319097E+00  4.215122E+00  6.045552E+00
  9.946963E+00  1.799410E+01  3.238361E+01  5.140236E+01  6.917831E+01  8.221518E+01  9.035835E+01  9.497275E+01  2.512571E+00  2.510266E+00
  2.533575E+00  2.571164E+00  2.626248E+00  2.729162E+00  2.946898E+00  3.377876E+00  4.300352E+00  6.167948E+00  1.018576E+01  1.843368E+01
  3.294091E+01  5.186144E+01  6.946666E+01  8.238254E+01  9.044856E+01  9.501762E+01  2.628448E+00  2.624905E+00  2.653270E+00  2.690950E+00
  2.749519E+00  2.860552E+00  3.100188E+00  3.562548E+00  4.582406E+00  6.651552E+00  1.105834E+01  1.983911E+01  3.462919E+01  5.322771E+01
  7.033887E+01  8.288581E+01  9.072074E+01  9.516074E+01  2.848719E+00  2.842450E+00  2.874460E+00  2.916198E+00  2.988329E+00  3.116151E+00
  3.393188E+00  3.977185E+00  5.140697E+00  7.622722E+00  1.272828E+01  2.238614E+01  3.750578E+01  5.547486E+01  7.177149E+01  8.371299E+01
  9.116799E+01  9.539460E+01  3.210728E+00  3.204996E+00  3.245206E+00  3.297243E+00  3.386926E+00  3.556873E+00  3.914414E+00  4.646324E+00
  6.169052E+00  9.384339E+00  1.557989E+01  2.636559E+01  4.159934E+01  5.856848E+01  7.373410E+01  8.484634E+01  9.178363E+01  9.571554E+01
  3.801010E+00  3.793908E+00  3.853152E+00  3.926701E+00  4.062069E+00  4.309625E+00  4.827233E+00  5.898929E+00  8.079326E+00  1.234925E+01
  2.015408E+01  3.212142E+01  4.693957E+01  6.245461E+01  7.619942E+01  8.627012E+01  9.255434E+01  9.611791E+01  4.833219E+00  4.828062E+00
  4.934635E+00  5.051115E+00  5.270087E+00  5.693317E+00  6.565780E+00  8.308635E+00  1.167536E+01  1.778901E+01  2.750080E+01  3.992706E+01
  5.346221E+01  6.709499E+01  7.914395E+01  8.797045E+01  9.347608E+01  9.659830E+01  6.906056E+00  6.896741E+00  7.116342E+00  7.351746E+00
  7.795125E+00  8.645970E+00  1.033761E+01  1.348644E+01  1.909816E+01  2.771668E+01  3.849057E+01  4.973245E+01  6.106867E+01  7.248071E+01
  8.256229E+01  8.993951E+01  9.454449E+01  9.715531E+01  1.274087E+01  1.270959E+01  1.327060E+01  1.384174E+01  1.495024E+01  1.700135E+01
  2.075657E+01  2.690510E+01  3.529374E+01  4.455024E+01  5.293727E+01  6.115237E+01  6.976784E+01  7.863453E+01  8.645851E+01  9.219009E+01
  9.576344E+01  9.779222E+01  4.912174E+01  4.908833E+01  4.971192E+01  5.032525E+01  5.117643E+01  5.231519E+01  5.376876E+01  5.548520E+01
  5.805597E+01  6.148040E+01  6.566096E+01  7.104966E+01  7.717131E+01  8.379059E+01  8.977776E+01  9.409798E+01  9.680630E+01  9.832886E+01
  2.476204E+00  2.474418E+00  2.503602E+00  2.527566E+00  2.579075E+00  2.674099E+00  2.895689E+00  3.349053E+00  4.188658E+00  6.024417E+00
  9.872073E+00  1.787993E+01  3.220141E+01  5.125648E+01  6.906034E+01  8.211811E+01  9.030724E+01  9.494446E+01  2.512571E+00  2.512779E+00
  2.540603E+00  2.566558E+00  2.616808E+00  2.717724E+00  2.940890E+00  3.393443E+00  4.272537E+00  6.137753E+00  1.014892E+01  1.832268E+01
  3.275308E+01  5.171643E+01  6.935149E+01  8.228578E+01  9.039806E+01  9.499020E+01  2.628448E+00  2.627256E+00  2.658965E+00  2.685467E+00
  2.743523E+00  2.848437E+00  3.093432E+00  3.598632E+00  4.554943E+00  6.626581E+00  1.098387E+01  1.973073E+01  3.446368E+01  5.308468E+01
  7.022704E+01  8.279366E+01  9.067147E+01  9.513364E+01  2.848719E+00  2.846271E+00  2.880274E+00  2.910990E+00  2.980200E+00  3.101651E+00
  3.387806E+00  3.981077E+00  5.109402E+00  7.572499E+00  1.266731E+01  2.226938E+01  3.732944E+01  5.533244E+01  7.166516E+01  8.362464E+01
  9.112181E+01  9.536884E+01  3.210728E+00  3.207214E+00  3.250863E+00  3.293190E+00  3.381307E+00  3.542849E+00  3.905370E+00  4.673642E+00
  6.130610E+00  9.345035E+00  1.550493E+01  2.625212E+01  4.141852E+01  5.843440E+01  7.363824E+01  8.476341E+01  9.173980E+01  9.569118E+01
  3.801010E+00  3.796972E+00  3.859249E+00  3.921945E+00  4.053245E+00  4.294018E+00  4.825765E+00  5.911237E+00  8.023854E+00  1.229112E+01
  2.013012E+01  3.199290E+01  4.677378E+01  6.233678E+01  7.611467E+01  8.619415E+01  9.251495E+01  9.609606E+01  4.833219E+00  4.833212E+00
  4.937349E+00  5.045660E+00  5.257884E+00  5.675383E+00  6.563957E+00  8.326061E+00  1.163394E+01  1.774905E+01  2.740364E+01  3.982878E+01
  5.332020E+01  6.699444E+01  7.907256E+01  8.790303E+01  9.344182E+01  9.657954E+01  6.906056E+00  6.906783E+00  7.126389E+00  7.341428E+00
  7.784416E+00  8.623785E+00  1.032501E+01  1.356104E+01  1.903091E+01  2.762930E+01  3.843366E+01  4.965899E+01  6.093625E+01  7.240714E+01
  8.249853E+01  8.988286E+01  9.451546E+01  9.713998E+01  1.274087E+01  1.272160E+01  1.327950E+01  1.383697E+01  1.493742E+01  1.697783E+01
  2.072362E+01  2.689235E+01  3.524044E+01  4.444557E+01  5.286797E+01  6.107955E+01  6.965898E+01  7.858390E+01  8.641753E+01  9.214491E+01
  9.573972E+01  9.778084E+01  4.912174E+01  4.910638E+01  4.978794E+01  5.034145E+01  5.117097E+01  5.227827E+01  5.378891E+01  5.567916E+01
  5.798900E+01  6.136484E+01  6.558828E+01  7.095529E+01  7.702936E+01  8.378966E+01  8.973653E+01  9.407475E+01  9.678832E+01  9.832309E+01
  2.476204E+00  2.473033E+00  2.493731E+00  2.527975E+00  2.584893E+00  2.678643E+00  2.904286E+00  3.323522E+00  4.174026E+00  6.015551E+00
  9.826517E+00  1.779051E+01  3.209047E+01  5.108622E+01  6.889422E+01  8.203560E+01  9.025868E+01  9.491483E+01  2.512571E+00  2.512392E+00
  2.530133E+00  2.566709E+00  2.622742E+00  2.721680E+00  2.944452E+00  3.382188E+00  4.265862E+00  6.155614E+00  1.009104E+01  1.823550E+01
  3.264680E+01  5.154588E+01  6.917828E+01  8.220485E+01  9.034928E+01  9.496123E+01  2.628448E+00  2.626806E+00  2.650478E+00  2.686940E+00
  2.746516E+00  2.855963E+00  3.098782E+00  3.574387E+00  4.540418E+00  6.635138E+00  1.094398E+01  1.963588E+01  3.433760E+01  5.292258E+01
  7.005117E+01  8.271471E+01  9.062463E+01  9.510530E+01  2.848719E+00  2.843998E+00  2.869583E+00  2.911636E+00  2.986598E+00  3.106199E+00
  3.389741E+00  3.952656E+00  5.093181E+00  7.558846E+00  1.257448E+01  2.217215E+01  3.722017E+01  5.518033E+01  7.150543E+01  8.354948E+01
  9.107759E+01  9.534091E+01  3.210728E+00  3.206080E+00  3.242999E+00  3.293594E+00  3.385128E+00  3.545527E+00  3.907431E+00  4.637212E+00
  6.119265E+00  9.259170E+00  1.538847E+01  2.615329E+01  4.133084E+01  5.830052E+01  7.347327E+01  8.469155E+01  9.169872E+01  9.566569E+01
  3.801010E+00  3.795240E+00  3.846902E+00  3.922109E+00  4.058911E+00  4.305843E+00  4.828636E+00  5.883267E+00  8.007705E+00  1.228407E+01
  1.999304E+01  3.191223E+01  4.667514E+01  6.220964E+01  7.597731E+01  8.612768E+01  9.247739E+01  9.607254E+01  4.833219E+00  4.833935E+00
  4.928529E+00  5.046903E+00  5.266902E+00  5.685253E+00  6.562892E+00  8.285746E+00  1.161027E+01  1.771849E+01  2.731350E+01  3.973595E+01
  5.322554E+01  6.687955E+01  7.893810E+01  8.784697E+01  9.340845E+01  9.655930E+01  6.906056E+00  6.899900E+00  7.112184E+00  7.342077E+00
  7.787701E+00  8.629148E+00  1.032847E+01  1.348763E+01  1.901057E+01  2.760392E+01  3.833862E+01  4.958530E+01  6.087915E+01  7.230638E+01
  8.240105E+01  8.983707E+01  9.448911E+01  9.712308E+01  1.274087E+01  1.271312E+01  1.326359E+01  1.383198E+01  1.494164E+01  1.699387E+01
  2.071404E+01  2.679970E+01  3.523150E+01  4.446310E+01  5.281575E+01  6.103115E+01  6.963528E+01  7.850582E+01  8.633676E+01  9.210628E+01
  9.571999E+01  9.776678E+01  4.912174E+01  4.912536E+01  4.977095E+01  5.035546E+01  5.120583E+01  5.231005E+01  5.373448E+01  5.554882E+01
  5.803020E+01  6.143197E+01  6.556773E+01  7.093192E+01  7.705069E+01  8.370724E+01  8.966602E+01  9.403194E+01  9.676940E+01  9.831500E+01
  2.476204E+00  2.473470E+00  2.509203E+00  2.525232E+00  2.574429E+00  2.680580E+00  2.888388E+00  3.317974E+00  4.168460E+00  5.984430E+00
  9.736953E+00  1.770981E+01  3.197211E+01  5.083305E+01  6.883534E+01  8.195972E+01  9.021872E+01  9.489122E+01  2.512571E+00  2.511391E+00
  2.546318E+00  2.564029E+00  2.611922E+00  2.724062E+00  2.931530E+00  3.379830E+00  4.257170E+00  6.131819E+00  1.002346E+01  1.815245E+01
  3.254035E+01  5.132424E+01  6.912917E+01  8.212878E+01  9.031044E+01  9.493826E+01  2.628448E+00  2.624574E+00  2.664207E+00  2.682764E+00
  2.737683E+00  2.854743E+00  3.084247E+00  3.572509E+00  4.536116E+00  6.597277E+00  1.085585E+01  1.955303E+01  3.422833E+01  5.267725E+01
  7.000919E+01  8.263940E+01  9.058688E+01  9.508283E+01  2.848719E+00  2.843908E+00  2.884366E+00  2.908536E+00  2.974785E+00  3.109351E+00
  3.376870E+00  3.944827E+00  5.089983E+00  7.540968E+00  1.252036E+01  2.209175E+01  3.710995E+01  5.494113E+01  7.146197E+01  8.347813E+01
  9.104047E+01  9.531980E+01  3.210728E+00  3.206735E+00  3.257514E+00  3.290555E+00  3.371137E+00  3.548051E+00  3.892353E+00  4.629009E+00
  6.107890E+00  9.231824E+00  1.531477E+01  2.606799E+01  4.122701E+01  5.806617E+01  7.344847E+01  8.462694E+01  9.166496E+01  9.564556E+01
  3.801010E+00  3.796215E+00  3.868504E+00  3.918557E+00  4.045613E+00  4.299094E+00  4.808190E+00  5.876475E+00  7.990488E+00  1.224494E+01
  1.998363E+01  3.181862E+01  4.660359E+01  6.200354E+01  7.594269E+01  8.606963E+01  9.244746E+01  9.605477E+01  4.833219E+00  4.827513E+00
  4.945187E+00  5.042875E+00  5.251278E+00  5.681148E+00  6.536059E+00  8.280787E+00  1.159123E+01  1.768782E+01  2.727144E+01  3.965552E+01
  5.315190E+01  6.667190E+01  7.892283E+01  8.779440E+01  9.338257E+01  9.654342E+01  6.906056E+00  6.906324E+00  7.138995E+00  7.337402E+00
  7.770049E+00  8.632652E+00  1.029500E+01  1.347782E+01  1.897940E+01  2.757062E+01  3.834839E+01  4.951713E+01  6.082721E+01  7.211398E+01
  8.237824E+01  8.979150E+01  9.446836E+01  9.711025E+01  1.274087E+01  1.272029E+01  1.330484E+01  1.382216E+01  1.492964E+01  1.696710E+01
  2.067431E+01  2.679659E+01  3.519976E+01  4.443846E+01  5.275707E+01  6.098059E+01  6.959248E+01  7.833839E+01  8.632988E+01  9.207529E+01
  9.570678E+01  9.775710E+01  4.912174E+01  4.909367E+01  4.988736E+01  5.032502E+01  5.111109E+01  5.230807E+01  5.372124E+01  5.561281E+01
  5.801325E+01  6.141795E+01  6.546984E+01  7.091308E+01  7.704063E+01  8.360409E+01  8.968487E+01  9.402147E+01  9.676095E+01  9.830745E+01
  2.476204E+00  2.474184E+00  2.501956E+00  2.526085E+00  2.568306E+00  2.677691E+00  2.887381E+00  3.312354E+00  4.147733E+00  5.974745E+00
  9.750521E+00  1.762943E+01  3.188137E+01  5.086404E+01  6.875349E+01  8.191602E+01  9.018799E+01  9.487276E+01  2.512571E+00  2.510874E+00
  2.539209E+00  2.565741E+00  2.608514E+00  2.720621E+00  2.932320E+00  3.370766E+00  4.230103E+00  6.110784E+00  9.983123E+00  1.806171E+01
  3.243774E+01  5.132829E+01  6.904973E+01  8.208700E+01  9.027974E+01  9.491985E+01  2.628448E+00  2.624281E+00  2.658570E+00  2.687034E+00
  2.730882E+00  2.854132E+00  3.083754E+00  3.559406E+00  4.508629E+00  6.566747E+00  1.083203E+01  1.948040E+01  3.413567E+01  5.270679E+01
  6.993559E+01  8.259861E+01  9.055689E+01  9.506477E+01  2.848719E+00  2.845249E+00  2.879139E+00  2.911207E+00  2.974877E+00  3.106184E+00
  3.377515E+00  3.932076E+00  5.063397E+00  7.526984E+00  1.247285E+01  2.197743E+01  3.702314E+01  5.497219E+01  7.138641E+01  8.343702E+01
  9.101286E+01  9.530299E+01  3.210728E+00  3.207324E+00  3.250644E+00  3.292533E+00  3.368062E+00  3.545679E+00  3.892025E+00  4.612597E+00
  6.081419E+00  9.211983E+00  1.531007E+01  2.598228E+01  4.114080E+01  5.809929E+01  7.337981E+01  8.459013E+01  9.163828E+01  9.563013E+01
  3.801010E+00  3.795664E+00  3.857959E+00  3.918921E+00  4.041619E+00  4.295650E+00  4.807868E+00  5.859006E+00  7.955694E+00  1.223120E+01
  1.989658E+01  3.173403E+01  4.650337E+01  6.203255E+01  7.588045E+01  8.603650E+01  9.242365E+01  9.604027E+01  4.833219E+00  4.832894E+00
  4.939174E+00  5.042491E+00  5.252782E+00  5.674356E+00  6.538691E+00  8.262834E+00  1.155163E+01  1.765818E+01  2.721062E+01  3.961398E+01
  5.307230E+01  6.672997E+01  7.886946E+01  8.776743E+01  9.336199E+01  9.653024E+01  6.906056E+00  6.902418E+00  7.124119E+00  7.342148E+00
  7.776917E+00  8.617042E+00  1.029197E+01  1.344216E+01  1.894263E+01  2.754699E+01  3.822552E+01  4.942250E+01  6.076015E+01  7.218721E+01
  8.233244E+01  8.977157E+01  9.445084E+01  9.709932E+01  1.274087E+01  1.272747E+01  1.327783E+01  1.381152E+01  1.494409E+01  1.694698E+01
  2.066210E+01  2.675810E+01  3.513804E+01  4.441804E+01  5.274360E+01  6.095082E+01  6.953908E+01  7.841695E+01  8.629280E+01  9.206068E+01
  9.569251E+01  9.774856E+01  4.912174E+01  4.912114E+01  4.981620E+01  5.017799E+01  5.120736E+01  5.224595E+01  5.371338E+01  5.556723E+01
  5.796882E+01  6.139906E+01  6.554028E+01  7.081849E+01  7.698641E+01  8.365124E+01  8.964436E+01  9.401018E+01  9.674750E+01  9.830202E+01
  2.476204E+00  2.453602E+00  2.503491E+00  2.522527E+00  2.581604E+00  2.677335E+00  2.875901E+00  3.307411E+00  4.147429E+00  5.964473E+00
  9.721648E+00  1.757258E+01  3.178535E+01  5.076826E+01  6.866705E+01  8.185007E+01  9.015589E+01  9.485689E+01  2.512571E+00  2.491914E+00
  2.539967E+00  2.561771E+00  2.620807E+00  2.721287E+00  2.916024E+00  3.367112E+00  4.235099E+00  6.113482E+00  9.984004E+00  1.801218E+01
  3.234147E+01  5.122920E+01  6.896249E+01  8.202348E+01  9.024767E+01  9.490424E+01  2.628448E+00  2.603951E+00  2.657263E+00  2.680527E+00
  2.744001E+00  2.850826E+00  3.069796E+00  3.555243E+00  4.491575E+00  6.571188E+00  1.082902E+01  1.940455E+01  3.404726E+01  5.261014E+01
  6.984734E+01  8.253672E+01  9.052627E+01  9.505016E+01  2.848719E+00  2.824194E+00  2.880255E+00  2.905519E+00  2.982576E+00  3.106134E+00
  3.375901E+00  3.926471E+00  5.060816E+00  7.517930E+00  1.246300E+01  2.194355E+01  3.693161E+01  5.488343E+01  7.130577E+01  8.337787E+01
  9.098315E+01  9.528819E+01  3.210728E+00  3.181120E+00  3.250356E+00  3.288574E+00  3.380192E+00  3.542511E+00  3.882289E+00  4.607479E+00
  6.057897E+00  9.194872E+00  1.528663E+01  2.591848E+01  4.104352E+01  5.801610E+01  7.330325E+01  8.453307E+01  9.161086E+01  9.561627E+01
  3.801010E+00  3.768368E+00  3.859977E+00  3.914901E+00  4.055131E+00  4.294195E+00  4.805786E+00  5.853085E+00  7.967886E+00  1.221673E+01
  2.001954E+01  3.169020E+01  4.644513E+01  6.195448E+01  7.581032E+01  8.598516E+01  9.239816E+01  9.602802E+01  4.833219E+00  4.791676E+00
  4.940327E+00  5.038280E+00  5.260624E+00  5.675325E+00  6.527285E+00  8.243896E+00  1.154065E+01  1.765880E+01  2.735202E+01  3.953263E+01
  5.301352E+01  6.666201E+01  7.880543E+01  8.771891E+01  9.333961E+01  9.651955E+01  6.906056E+00  6.846545E+00  7.127450E+00  7.338041E+00
  7.784188E+00  8.618372E+00  1.026804E+01  1.343533E+01  1.893191E+01  2.751734E+01  3.842910E+01  4.940822E+01  6.070914E+01  7.212976E+01
  8.227905E+01  8.973044E+01  9.443204E+01  9.709032E+01  1.274087E+01  1.262218E+01  1.328381E+01  1.381903E+01  1.494351E+01  1.695036E+01
  2.064990E+01  2.673683E+01  3.518453E+01  4.439666E+01  5.287505E+01  6.089256E+01  6.949732E+01  7.837026E+01  8.624971E+01  9.202535E+01
  9.567732E+01  9.774120E+01  4.912174E+01  4.857242E+01  4.979898E+01  5.032261E+01  5.123916E+01  5.227259E+01  5.358757E+01  5.553231E+01
  5.807138E+01  6.141407E+01  6.554730E+01  7.087170E+01  7.695743E+01  8.361078E+01  8.960629E+01  9.396494E+01  9.673514E+01  9.829356E+01
  2.476204E+00  2.472917E+00  2.497761E+00  2.524575E+00  2.577181E+00  2.678557E+00  2.902212E+00  3.302719E+00  4.140285E+00  5.891046E+00
  9.683699E+00  1.751198E+01  3.172036E+01  5.068169E+01  6.858224E+01  8.181332E+01  9.012365E+01  9.484037E+01  2.512571E+00  2.511225E+00
  2.535563E+00  2.563532E+00  2.615053E+00  2.723098E+00  2.942424E+00  3.363812E+00  4.223991E+00  6.019425E+00  9.942528E+00  1.795852E+01
  3.228587E+01  5.114203E+01  6.888210E+01  8.198089E+01  9.021600E+01  9.488797E+01  2.628448E+00  2.624207E+00  2.653345E+00  2.682976E+00
  2.739517E+00  2.853018E+00  3.097226E+00  3.554236E+00  4.497919E+00  6.521805E+00  1.078990E+01  1.935731E+01  3.398100E+01  5.252900E+01
  6.976668E+01  8.249413E+01  9.049532E+01  9.503358E+01  2.848719E+00  2.844120E+00  2.874074E+00  2.906692E+00  2.977108E+00  3.107640E+00
  3.404155E+00  3.922433E+00  5.047474E+00  7.458298E+00  1.241820E+01  2.188996E+01  3.687885E+01  5.481202E+01  7.122526E+01  8.334201E+01
  9.095386E+01  9.527328E+01  3.210728E+00  3.205599E+00  3.245763E+00  3.288771E+00  3.374967E+00  3.544395E+00  3.934002E+00  4.602832E+00
  6.063236E+00  9.221531E+00  1.523876E+01  2.586380E+01  4.099667E+01  5.794845E+01  7.323068E+01  8.449973E+01  9.158333E+01  9.560206E+01
  3.801010E+00  3.793879E+00  3.852512E+00  3.917025E+00  4.048392E+00  4.292088E+00  4.846943E+00  5.841519E+00  7.939472E+00  1.219588E+01
  1.980280E+01  3.164110E+01  4.640290E+01  6.189186E+01  7.574319E+01  8.595900E+01  9.237386E+01  9.601437E+01  4.833219E+00  4.830043E+00
  4.934069E+00  5.039992E+00  5.251979E+00  5.675588E+00  6.574808E+00  8.243070E+00  1.153567E+01  1.758807E+01  2.712180E+01  3.948243E+01
  5.299405E+01  6.660626E+01  7.874925E+01  8.769306E+01  9.331820E+01  9.650842E+01  6.906056E+00  6.902036E+00  7.119428E+00  7.334396E+00
  7.776244E+00  8.620410E+00  1.032682E+01  1.343777E+01  1.891869E+01  2.754359E+01  3.816165E+01  4.935587E+01  6.069693E+01  7.208952E+01
  8.223111E+01  8.970910E+01  9.441428E+01  9.708134E+01  1.274087E+01  1.271447E+01  1.326566E+01  1.381655E+01  1.492753E+01  1.694682E+01
  2.066772E+01  2.672996E+01  3.512538E+01  4.436497E+01  5.269417E+01  6.088651E+01  6.949984E+01  7.833743E+01  8.620604E+01  9.201237E+01
  9.566426E+01  9.773402E+01  4.912174E+01  4.909798E+01  4.978275E+01  5.032079E+01  5.122728E+01  5.227486E+01  5.366790E+01  5.554522E+01
  5.794759E+01  6.136458E+01  6.545789E+01  7.086517E+01  7.695044E+01  8.352975E+01  8.957877E+01  9.395866E+01  9.672160E+01  9.828613E+01
  2.476204E+00  2.468175E+00  2.501558E+00  2.526483E+00  2.578367E+00  2.671649E+00  2.880312E+00  3.293036E+00  4.103629E+00  5.915639E+00
  9.625564E+00  1.745555E+01  3.161985E+01  5.058625E+01  6.852498E+01  8.176260E+01  9.009145E+01  9.482031E+01  2.512571E+00  2.507278E+00
  2.539050E+00  2.565269E+00  2.616146E+00  2.716775E+00  2.923821E+00  3.351539E+00  4.144632E+00  6.063770E+00  9.885668E+00  1.788983E+01
  3.217516E+01  5.104702E+01  6.882198E+01  8.193118E+01  9.018478E+01  9.486716E+01  2.628448E+00  2.620267E+00  2.659918E+00  2.684560E+00
  2.739401E+00  2.845965E+00  3.080667E+00  3.538446E+00  4.431248E+00  6.524205E+00  1.074895E+01  1.928442E+01  3.387842E+01  5.243307E+01
  6.971328E+01  8.244933E+01  9.046437E+01  9.501401E+01  2.848719E+00  2.838766E+00  2.878287E+00  2.909258E+00  2.977906E+00  3.100285E+00
  3.364069E+00  3.910376E+00  5.015491E+00  7.452065E+00  1.237706E+01  2.182362E+01  3.677755E+01  5.471552E+01  7.117440E+01  8.329230E+01
  9.092484E+01  9.525405E+01  3.210728E+00  3.200195E+00  3.249326E+00  3.290667E+00  3.376017E+00  3.538557E+00  3.880965E+00  4.588202E+00
  6.051988E+00  9.136682E+00  1.521410E+01  2.580006E+01  4.090232E+01  5.785923E+01  7.318043E+01  8.445703E+01  9.155585E+01  9.558481E+01
  3.801010E+00  3.789112E+00  3.856806E+00  3.917821E+00  4.049458E+00  4.285749E+00  4.798627E+00  5.829517E+00  7.902396E+00  1.214952E+01
  1.976756E+01  3.156928E+01  4.630651E+01  6.181522E+01  7.570379E+01  8.591786E+01  9.234924E+01  9.599809E+01  4.833219E+00  4.826886E+00
  4.938876E+00  5.040357E+00  5.254936E+00  5.667521E+00  6.520469E+00  8.219706E+00  1.150265E+01  1.757606E+01  2.708561E+01  3.942323E+01
  5.290124E+01  6.654057E+01  7.871416E+01  8.766351E+01  9.329634E+01  9.649483E+01  6.906056E+00  6.888526E+00  7.119351E+00  7.334456E+00
  7.779280E+00  8.611774E+00  1.028393E+01  1.340213E+01  1.890964E+01  2.745715E+01  3.813858E+01  4.931598E+01  6.061892E+01  7.203102E+01
  8.220777E+01  8.968407E+01  9.439584E+01  9.706876E+01  1.274087E+01  1.270235E+01  1.327895E+01  1.381821E+01  1.492726E+01  1.693369E+01
  2.066315E+01  2.668413E+01  3.505832E+01  4.435863E+01  5.270477E+01  6.083717E+01  6.943413E+01  7.829527E+01  8.619221E+01  9.199235E+01
  9.565060E+01  9.772529E+01  4.912174E+01  4.897697E+01  4.976886E+01  5.030923E+01  5.118769E+01  5.226346E+01  5.369653E+01  5.551157E+01
  5.779723E+01  6.139211E+01  6.544154E+01  7.080012E+01  7.690598E+01  8.352880E+01  8.956506E+01  9.394807E+01  9.671245E+01  9.828259E+01
  4.519699E+00  4.515203E+00  4.785388E+00  5.027939E+00  5.364051E+00  6.090065E+00  7.462048E+00  9.960133E+00  1.427837E+01  2.117145E+01
  3.162285E+01  4.521449E+01  6.072632E+01  7.494311E+01  8.543675E+01  9.210378E+01  9.586682E+01  9.788592E+01  4.519699E+00  4.566643E+00
  4.688479E+00  4.794746E+00  5.131221E+00  5.664178E+00  6.810553E+00  8.678457E+00  1.213216E+01  1.770823E+01  2.646301E+01  3.887352E+01
  5.400930E+01  6.907735E+01  8.134086E+01  8.961513E+01  9.448273E+01  9.715128E+01  4.519699E+00  4.619403E+00  4.599680E+00  4.814349E+00
  5.090585E+00  5.584742E+00  6.453406E+00  8.251339E+00  1.127416E+01  1.645501E+01  2.460173E+01  3.629047E+01  5.111072E+01  6.648145E+01
  7.938372E+01  8.836151E+01  9.377300E+01  9.677409E+01  4.519699E+00  4.416976E+00  4.652721E+00  4.822411E+00  5.027483E+00  5.493738E+00
  6.398136E+00  8.113970E+00  1.102358E+01  1.599307E+01  2.378689E+01  3.509319E+01  4.966092E+01  6.508662E+01  7.837334E+01  8.771926E+01
  9.340454E+01  9.657237E+01  4.519699E+00  4.551302E+00  4.673739E+00  4.798934E+00  5.096675E+00  5.372115E+00  6.405437E+00  8.014522E+00
  1.095910E+01  1.568297E+01  2.322692E+01  3.448581E+01  4.880151E+01  6.425926E+01  7.771777E+01  8.726909E+01  9.315012E+01  9.643638E+01
  4.519699E+00  4.546577E+00  4.719356E+00  4.831767E+00  5.157041E+00  5.450326E+00  6.412493E+00  8.051559E+00  1.072375E+01  1.533447E+01
  2.288389E+01  3.396674E+01  4.817875E+01  6.370184E+01  7.726678E+01  8.698200E+01  9.298633E+01  9.634766E+01  4.519699E+00  4.554812E+00
  4.671116E+00  4.833118E+00  5.131979E+00  5.436851E+00  6.383762E+00  7.936500E+00  1.059095E+01  1.531308E+01  2.262925E+01  3.362868E+01
  4.776857E+01  6.326038E+01  7.693027E+01  8.672718E+01  9.284942E+01  9.628327E+01  4.519699E+00  4.386120E+00  4.693204E+00  4.756146E+00
  5.117759E+00  5.459299E+00  6.347127E+00  7.980361E+00  1.054551E+01  1.516080E+01  2.244016E+01  3.333354E+01  4.739069E+01  6.290412E+01
  7.665646E+01  8.657847E+01  9.274934E+01  9.622157E+01  4.519699E+00  4.551304E+00  4.694601E+00  4.817365E+00  5.092588E+00  5.470024E+00
  6.264310E+00  7.891762E+00  1.042735E+01  1.512777E+01  2.231277E+01  3.306136E+01  4.713578E+01  6.260561E+01  7.644851E+01  8.642799E+01
  9.266322E+01  9.618082E+01  4.519699E+00  4.597250E+00  4.722374E+00  4.860214E+00  5.085996E+00  5.367100E+00  6.302870E+00  7.868152E+00
  1.044648E+01  1.500825E+01  2.217051E+01  3.294126E+01  4.689518E+01  6.239085E+01  7.624808E+01  8.631007E+01  9.259216E+01  9.614040E+01
  4.519699E+00  4.652383E+00  4.707588E+00  4.819390E+00  5.080071E+00  5.515690E+00  6.260089E+00  7.865946E+00  1.046488E+01  1.496266E+01
  2.208595E+01  3.275821E+01  4.670986E+01  6.220111E+01  7.609877E+01  8.621236E+01  9.253355E+01  9.610883E+01  4.519699E+00  4.212102E+00
  4.637520E+00  4.756992E+00  5.190137E+00  5.401057E+00  6.307636E+00  7.887331E+00  1.039371E+01  1.458355E+01  2.200193E+01  3.269963E+01
  4.656611E+01  6.171983E+01  7.597138E+01  8.613237E+01  9.249635E+01  9.608012E+01  4.519699E+00  4.571749E+00  4.652540E+00  4.809714E+00
  5.099193E+00  5.428539E+00  6.295959E+00  7.767512E+00  1.036061E+01  1.481293E+01  2.191800E+01  3.255648E+01  4.629927E+01  6.187653E+01
  7.585378E+01  8.606074E+01  9.244723E+01  9.605975E+01  4.519699E+00  4.629011E+00  4.674435E+00  4.816717E+00  5.063704E+00  5.333116E+00
  6.253709E+00  7.920090E+00  1.030562E+01  1.474181E+01  2.185235E+01  3.243081E+01  4.610035E+01  6.179001E+01  7.576654E+01  8.599008E+01
  9.240520E+01  9.603922E+01  4.519699E+00  4.540471E+00  4.695132E+00  4.809847E+00  5.067921E+00  5.411875E+00  6.192381E+00  7.804440E+00
  1.029471E+01  1.474790E+01  2.172466E+01  3.234218E+01  4.603919E+01  6.163228E+01  7.561874E+01  8.590861E+01  9.236368E+01  9.601651E+01
  4.519699E+00  4.561348E+00  4.737719E+00  4.781470E+00  5.018425E+00  5.418716E+00  6.218926E+00  7.824259E+00  1.028032E+01  1.473677E+01
  2.161001E+01  3.225767E+01  4.596728E+01  6.141284E+01  7.560568E+01  8.586783E+01  9.233994E+01  9.600050E+01  4.519699E+00  4.512658E+00
  4.733385E+00  4.791719E+00  5.154216E+00  5.367651E+00  6.205177E+00  7.803120E+00  1.023701E+01  1.475992E+01  2.166094E+01  3.215739E+01
  4.587088E+01  6.147646E+01  7.553510E+01  8.583459E+01  9.231380E+01  9.598525E+01  4.519699E+00  4.551431E+00  4.675283E+00  4.802716E+00
  5.106890E+00  5.381938E+00  6.145863E+00  7.747818E+00  1.034129E+01  1.471702E+01  2.166122E+01  3.217247E+01  4.577941E+01  6.138911E+01
  7.546474E+01  8.575836E+01  9.229129E+01  9.596907E+01  4.519699E+00  4.512915E+00  4.678185E+00  4.779124E+00  5.075490E+00  5.409169E+00
  6.274865E+00  7.792532E+00  1.025299E+01  1.461226E+01  2.154188E+01  3.212681E+01  4.574136E+01  6.128519E+01  7.539084E+01  8.573582E+01
  9.226295E+01  9.595498E+01  4.519699E+00  4.492077E+00  4.747925E+00  4.760425E+00  5.067735E+00  5.367847E+00  6.205557E+00  7.688367E+00
  1.009092E+01  1.465867E+01  2.149106E+01  3.200937E+01  4.565944E+01  6.123971E+01  7.534773E+01  8.570154E+01  9.223875E+01  9.594027E+01
