  6.376794E-01
          18 10.0000000
 -2.000000E+01 -1.000000E+01 -2.107210E+00 -1.806180E+00 -1.505150E+00 -1.204120E+00 -9.030900E-01 -6.020600E-01 -3.010300E-01  0.000000E+00
  3.010300E-01  6.020600E-01  9.030900E-01  1.204120E+00  1.505150E+00  1.806180E+00  2.107210E+00  2.408240E+00
          10 10.0000000
  0.000000E+00  1.000000E+01  2.000000E+01  3.000000E+01  4.000000E+01  5.000000E+01  6.000000E+01  7.000000E+01  8.000000E+01  8.900000E+01
          23  4.0000000
  4.000000E+00  8.000000E+00  1.200000E+01  1.600000E+01  2.000000E+01  2.400000E+01  2.800000E+01  3.200000E+01  3.600000E+01  4.000000E+01
  4.400000E+01  4.800000E+01  5.200000E+01  5.600000E+01  6.000000E+01  6.400000E+01  6.800000E+01  7.200000E+01  7.600000E+01  8.000000E+01
  8.400000E+01  8.800000E+01  9.200000E+01
  2.585938E+00  2.586426E+00  2.646484E+00  2.745605E+00  2.900391E+00  3.223145E+00  3.884277E+00  5.213867E+00  7.858643E+00  1.301099E+01
  2.249365E+01  3.768652E+01  5.633606E+01  7.293921E+01  8.466037E+01  9.176085E+01  9.571442E+01  9.778197E+01  2.630859E+00  2.631836E+00
  2.695801E+00  2.789062E+00  2.948242E+00  3.278809E+00  3.944824E+00  5.322266E+00  7.999023E+00  1.327075E+01  2.288184E+01  3.816382E+01
  5.673438E+01  7.319324E+01  8.480359E+01  9.183736E+01  9.575452E+01  9.780264E+01  2.750977E+00  2.752930E+00  2.827148E+00  2.920410E+00
  3.092773E+00  3.449219E+00  4.185059E+00  5.633789E+00  8.506348E+00  1.408228E+01  2.409961E+01  3.960669E+01  5.792322E+01  7.394226E+01
  8.522852E+01  9.206622E+01  9.587338E+01  9.786410E+01  2.952637E+00  2.953613E+00  3.075195E+00  3.166992E+00  3.365234E+00  3.772461E+00
  4.598145E+00  6.244629E+00  9.445312E+00  1.558008E+01  2.628516E+01  4.208081E+01  5.988745E+01  7.517200E+01  8.592725E+01  9.244052E+01
  9.606816E+01  9.796490E+01  3.342285E+00  3.343750E+00  3.472168E+00  3.590332E+00  3.826172E+00  4.306152E+00  5.291504E+00  7.248047E+00
  1.103027E+01  1.805762E+01  2.969458E+01  4.565674E+01  6.258789E+01  7.685510E+01  8.687994E+01  9.295175E+01  9.633442E+01  9.810258E+01
  3.967773E+00  3.973633E+00  4.121582E+00  4.271484E+00  4.591797E+00  5.213867E+00  6.493652E+00  8.997070E+00  1.371289E+01  2.204346E+01
  3.469775E+01  5.037939E+01  6.597778E+01  7.895337E+01  8.806921E+01  9.358984E+01  9.666650E+01  9.827439E+01  5.041992E+00  5.044922E+00
  5.258789E+00  5.493164E+00  5.944336E+00  6.870117E+00  8.691406E+00  1.218262E+01  1.840039E+01  2.841162E+01  4.167969E+01  5.620459E+01
  7.000244E+01  8.144019E+01  8.947961E+01  9.434668E+01  9.706030E+01  9.847806E+01  7.188477E+00  7.189453E+00  7.601562E+00  7.990234E+00
  8.778320E+00  1.032227E+01  1.326855E+01  1.856445E+01  2.703613E+01  3.842676E+01  5.075195E+01  6.302295E+01  7.464893E+01  8.431152E+01
  9.110730E+01  9.522003E+01  9.751495E+01  9.871339E+01  1.318555E+01  1.317969E+01  1.409570E+01  1.499219E+01  1.668945E+01  1.981836E+01
  2.526758E+01  3.340234E+01  4.317969E+01  5.261133E+01  6.149609E+01  7.088965E+01  8.002441E+01  8.763281E+01  9.298950E+01  9.623083E+01
  9.804065E+01  9.898563E+01  4.951562E+01  4.953125E+01  5.054688E+01  5.135938E+01  5.229688E+01  5.373438E+01  5.564062E+01  5.820312E+01
  6.173438E+01  6.629688E+01  7.209375E+01  7.875000E+01  8.535938E+01  9.091406E+01  9.484570E+01  9.723047E+01  9.856201E+01  9.925562E+01
  2.585938E+00  2.588379E+00  2.645020E+00  2.740723E+00  2.893066E+00  3.209473E+00  3.856445E+00  5.159180E+00  7.745850E+00  1.276099E+01
  2.203052E+01  3.687988E+01  5.539905E+01  7.222748E+01  8.419189E+01  9.148375E+01  9.553931E+01  9.764657E+01  2.630859E+00  2.633789E+00
  2.692871E+00  2.785645E+00  2.940918E+00  3.266113E+00  3.921387E+00  5.266602E+00  7.912598E+00  1.300952E+01  2.241064E+01  3.734888E+01
  5.580176E+01  7.248706E+01  8.433936E+01  9.156303E+01  9.558075E+01  9.766850E+01  2.750977E+00  2.754883E+00  2.827148E+00  2.929199E+00
  3.102051E+00  3.450684E+00  4.133301E+00  5.570312E+00  8.402344E+00  1.379004E+01  2.359424E+01  3.877466E+01  5.700842E+01  7.325623E+01
  8.477814E+01  9.179922E+01  9.570450E+01  9.773366E+01  2.952637E+00  2.955566E+00  3.072266E+00  3.159180E+00  3.351562E+00  3.757324E+00
  4.539551E+00  6.149414E+00  9.304688E+00  1.524023E+01  2.572314E+01  4.123242E+01  5.900476E+01  7.451892E+01  8.549762E+01  9.218613E+01
  9.590705E+01  9.784049E+01  3.342285E+00  3.344727E+00  3.466309E+00  3.578125E+00  3.809570E+00  4.291016E+00  5.225586E+00  7.129883E+00
  1.083691E+01  1.763330E+01  2.905396E+01  4.480396E+01  6.175366E+01  7.624329E+01  8.647925E+01  9.271460E+01  9.618385E+01  9.798640E+01
  3.967773E+00  3.974609E+00  4.117188E+00  4.258789E+00  4.566895E+00  5.174805E+00  6.398926E+00  8.825684E+00  1.340674E+01  2.148779E+01
  3.397266E+01  4.955054E+01  6.520947E+01  7.839478E+01  8.770428E+01  9.337387E+01  9.652911E+01  9.816850E+01  5.041992E+00  5.047852E+00
  5.252930E+00  5.464844E+00  5.913086E+00  6.800781E+00  8.521484E+00  1.188770E+01  1.792773E+01  2.771191E+01  4.093066E+01  5.544678E+01
  6.931543E+01  8.094299E+01  8.915503E+01  9.415521E+01  9.693834E+01  9.838432E+01  7.188477E+00  7.190430E+00  7.586914E+00  7.937500E+00
  8.701172E+00  1.016797E+01  1.297461E+01  1.806836E+01  2.633496E+01  3.762305E+01  5.009766E+01  6.237109E+01  7.405127E+01  8.388208E+01
  9.082861E+01  9.505597E+01  9.741037E+01  9.863330E+01  1.318555E+01  1.318555E+01  1.404492E+01  1.491406E+01  1.650391E+01  1.953711E+01
  2.467578E+01  3.262305E+01  4.242188E+01  5.201562E+01  6.102344E+01  7.035059E+01  7.952637E+01  8.728027E+01  9.276440E+01  9.609790E+01
  9.795642E+01  9.892136E+01  4.951562E+01  4.954688E+01  5.056250E+01  5.126562E+01  5.220312E+01  5.371875E+01  5.542188E+01  5.793750E+01
  6.142188E+01  6.593750E+01  7.184375E+01  7.839844E+01  8.503125E+01  9.066406E+01  9.469141E+01  9.713867E+01  9.850049E+01  9.920996E+01
  2.585938E+00  2.585449E+00  2.642578E+00  2.739258E+00  2.882812E+00  3.198242E+00  3.841797E+00  5.126465E+00  7.691162E+00  1.266626E+01
  2.182959E+01  3.652661E+01  5.503088E+01  7.195355E+01  8.398322E+01  9.136540E+01  9.545381E+01  9.756863E+01  2.630859E+00  2.630371E+00
  2.691895E+00  2.780762E+00  2.934082E+00  3.254883E+00  3.916504E+00  5.231934E+00  7.837891E+00  1.291138E+01  2.220532E+01  3.699292E+01
  5.543616E+01  7.221503E+01  8.413214E+01  9.144597E+01  9.549615E+01  9.759122E+01  2.750977E+00  2.751465E+00  2.827148E+00  2.924805E+00
  3.094238E+00  3.437012E+00  4.128906E+00  5.545410E+00  8.325195E+00  1.369434E+01  2.337012E+01  3.841235E+01  5.664917E+01  7.299292E+01
  8.457672E+01  9.168521E+01  9.562207E+01  9.765854E+01  2.952637E+00  2.951172E+00  3.068848E+00  3.154785E+00  3.344238E+00  3.742188E+00
  4.547363E+00  6.119141E+00  9.214844E+00  1.512256E+01  2.547534E+01  4.085840E+01  5.865894E+01  7.426880E+01  8.530469E+01  9.207788E+01
  9.582837E+01  9.776883E+01  3.342285E+00  3.339844E+00  3.468750E+00  3.577148E+00  3.798340E+00  4.273438E+00  5.199707E+00  7.103027E+00
  1.072070E+01  1.746680E+01  2.877588E+01  4.442676E+01  6.142773E+01  7.601257E+01  8.629944E+01  9.261401E+01  9.611020E+01  9.791951E+01
  3.967773E+00  3.971680E+00  4.114258E+00  4.252930E+00  4.555664E+00  5.149414E+00  6.372559E+00  8.755371E+00  1.326562E+01  2.127588E+01
  3.366162E+01  4.918237E+01  6.491406E+01  7.818762E+01  8.753937E+01  9.328241E+01  9.646207E+01  9.810748E+01  5.041992E+00  5.044922E+00
  5.250977E+00  5.454102E+00  5.905273E+00  6.762695E+00  8.465820E+00  1.178613E+01  1.772363E+01  2.742773E+01  4.060107E+01  5.511279E+01
  6.905249E+01  8.076233E+01  8.900781E+01  9.407471E+01  9.687875E+01  9.833035E+01  7.188477E+00  7.184570E+00  7.573242E+00  7.926758E+00
  8.661133E+00  1.010156E+01  1.285547E+01  1.787012E+01  2.603613E+01  3.729883E+01  4.980371E+01  6.208154E+01  7.382666E+01  8.373169E+01
  9.070129E+01  9.498730E+01  9.735938E+01  9.858740E+01  1.318555E+01  1.317188E+01  1.403516E+01  1.485156E+01  1.639648E+01  1.935938E+01
  2.445312E+01  3.231250E+01  4.208984E+01  5.176562E+01  6.081055E+01  7.010938E+01  7.934180E+01  8.716211E+01  9.265869E+01  9.604260E+01
  9.791534E+01  9.888486E+01  4.951562E+01  4.945312E+01  5.053125E+01  5.123438E+01  5.209375E+01  5.359375E+01  5.532812E+01  5.785938E+01
  6.131250E+01  6.579688E+01  7.171875E+01  7.825781E+01  8.488672E+01  9.057031E+01  9.461328E+01  9.709473E+01  9.847363E+01  9.918359E+01
  2.585938E+00  2.590332E+00  2.645020E+00  2.735352E+00  2.887695E+00  3.193848E+00  3.831543E+00  5.117676E+00  7.654785E+00  1.257983E+01
  2.167822E+01  3.633057E+01  5.476355E+01  7.172797E+01  8.384375E+01  9.127679E+01  9.538778E+01  9.749503E+01  2.630859E+00  2.632812E+00
  2.694824E+00  2.779297E+00  2.933594E+00  3.249512E+00  3.906738E+00  5.208008E+00  7.814453E+00  1.282129E+01  2.204858E+01  3.679468E+01
  5.517126E+01  7.199225E+01  8.399457E+01  9.135820E+01  9.543073E+01  9.751832E+01  2.750977E+00  2.755859E+00  2.827637E+00  2.922363E+00
  3.094727E+00  3.431152E+00  4.116699E+00  5.519043E+00  8.282715E+00  1.359619E+01  2.320459E+01  3.821118E+01  5.638989E+01  7.277454E+01
  8.444269E+01  9.159991E+01  9.555841E+01  9.758752E+01  2.952637E+00  2.956543E+00  3.072266E+00  3.151855E+00  3.343262E+00  3.736328E+00
  4.534668E+00  6.102051E+00  9.177246E+00  1.501074E+01  2.528979E+01  4.065088E+01  5.840881E+01  7.406030E+01  8.517706E+01  9.199652E+01
  9.576769E+01  9.770100E+01  3.342285E+00  3.347168E+00  3.468262E+00  3.573242E+00  3.795898E+00  4.265137E+00  5.195801E+00  7.057129E+00
  1.066553E+01  1.733350E+01  2.856299E+01  4.421826E+01  6.119214E+01  7.581641E+01  8.618011E+01  9.253784E+01  9.605367E+01  9.785601E+01
  3.967773E+00  3.979980E+00  4.116211E+00  4.249023E+00  4.554688E+00  5.166504E+00  6.346191E+00  8.708984E+00  1.316895E+01  2.110254E+01
  3.343408E+01  4.898096E+01  6.469873E+01  7.800732E+01  8.743066E+01  9.321323E+01  9.641048E+01  9.804953E+01  5.041992E+00  5.046875E+00
  5.248047E+00  5.470703E+00  5.901367E+00  6.769531E+00  8.436523E+00  1.169336E+01  1.757861E+01  2.720215E+01  4.036133E+01  5.493506E+01
  6.886328E+01  8.060010E+01  8.891174E+01  9.401343E+01  9.683307E+01  9.827884E+01  7.188477E+00  7.196289E+00  7.569336E+00  7.927734E+00
  8.650391E+00  1.006836E+01  1.276855E+01  1.772949E+01  2.582910E+01  3.703809E+01  4.958887E+01  6.193701E+01  7.366455E+01  8.359082E+01
  9.061865E+01  9.493573E+01  9.732025E+01  9.854333E+01  1.318555E+01  1.319336E+01  1.404297E+01  1.482227E+01  1.636133E+01  1.926367E+01
  2.429688E+01  3.208398E+01  4.184766E+01  5.154883E+01  6.065234E+01  6.999414E+01  7.921094E+01  8.704736E+01  9.259058E+01  9.600037E+01
  9.788391E+01  9.884958E+01  4.951562E+01  4.954688E+01  5.051562E+01  5.118750E+01  5.209375E+01  5.357812E+01  5.531250E+01  5.779688E+01
  6.126562E+01  6.568750E+01  7.163281E+01  7.814844E+01  8.479297E+01  9.050000E+01  9.456836E+01  9.706348E+01  9.845117E+01  9.915845E+01
  2.585938E+00  2.586914E+00  2.644043E+00  2.737793E+00  2.883789E+00  3.208984E+00  3.819824E+00  5.102539E+00  7.616699E+00  1.251489E+01
  2.154224E+01  3.615503E+01  5.454932E+01  7.153351E+01  8.371680E+01  9.119275E+01  9.532625E+01  9.742597E+01  2.630859E+00  2.632324E+00
  2.692383E+00  2.782715E+00  2.931641E+00  3.251953E+00  3.891602E+00  5.208984E+00  7.776855E+00  1.275439E+01  2.191333E+01  3.661719E+01
  5.495825E+01  7.179675E+01  8.386853E+01  9.127499E+01  9.536977E+01  9.744985E+01  2.750977E+00  2.753906E+00  2.826172E+00  2.922363E+00
  3.093750E+00  3.429199E+00  4.102051E+00  5.516602E+00  8.256348E+00  1.351660E+01  2.305762E+01  3.802881E+01  5.618005E+01  7.258618E+01
  8.432001E+01  9.151895E+01  9.549908E+01  9.752088E+01  2.952637E+00  2.956055E+00  3.069824E+00  3.152832E+00  3.340820E+00  3.729980E+00
  4.516602E+00  6.082031E+00  9.126465E+00  1.492383E+01  2.513110E+01  4.046704E+01  5.820630E+01  7.387976E+01  8.505981E+01  9.191882E+01
  9.571098E+01  9.763741E+01  3.342285E+00  3.345215E+00  3.467773E+00  3.573730E+00  3.795410E+00  4.261230E+00  5.176270E+00  7.035156E+00
  1.060107E+01  1.722900E+01  2.838135E+01  4.402734E+01  6.100146E+01  7.564734E+01  8.607031E+01  9.246536E+01  9.600060E+01  9.779652E+01
  3.967773E+00  3.974121E+00  4.114258E+00  4.261719E+00  4.550293E+00  5.162598E+00  6.320801E+00  8.668457E+00  1.309277E+01  2.096777E+01
  3.322656E+01  4.879346E+01  6.452368E+01  7.785120E+01  8.732977E+01  9.314667E+01  9.636186E+01  9.799516E+01  5.041992E+00  5.046875E+00
  5.244141E+00  5.466797E+00  5.893555E+00  6.755859E+00  8.389648E+00  1.162598E+01  1.746484E+01  2.702686E+01  4.014209E+01  5.476465E+01
  6.870728E+01  8.045898E+01  8.882239E+01  9.395355E+01  9.678995E+01  9.823067E+01  7.188477E+00  7.190430E+00  7.564453E+00  7.926758E+00
  8.627930E+00  1.004297E+01  1.271875E+01  1.762012E+01  2.565039E+01  3.683105E+01  4.938379E+01  6.179053E+01  7.353076E+01  8.346875E+01
  9.054163E+01  9.488403E+01  9.728329E+01  9.850230E+01  1.318555E+01  1.319336E+01  1.403125E+01  1.481250E+01  1.633203E+01  1.920312E+01
  2.415234E+01  3.191992E+01  4.164062E+01  5.138086E+01  6.049023E+01  6.987988E+01  7.910156E+01  8.694531E+01  9.252759E+01  9.595947E+01
  9.785400E+01  9.881659E+01  4.951562E+01  4.948438E+01  5.054688E+01  5.121875E+01  5.210938E+01  5.360938E+01  5.525000E+01  5.781250E+01
  6.117188E+01  6.562500E+01  7.150781E+01  7.805469E+01  8.470703E+01  9.042188E+01  9.451562E+01  9.703516E+01  9.842871E+01  9.913379E+01
  2.585938E+00  2.590332E+00  2.642578E+00  2.735352E+00  2.882812E+00  3.202637E+00  3.810547E+00  5.087402E+00  7.585693E+00  1.243750E+01
  2.141040E+01  3.586206E+01  5.424438E+01  7.130457E+01  8.356970E+01  9.109244E+01  9.525500E+01  9.735213E+01  2.630859E+00  2.633789E+00
  2.689941E+00  2.779297E+00  2.928711E+00  3.243164E+00  3.883301E+00  5.179688E+00  7.730469E+00  1.267529E+01  2.177393E+01  3.632178E+01
  5.465540E+01  7.157068E+01  8.372260E+01  9.117523E+01  9.529914E+01  9.737669E+01  2.750977E+00  2.754883E+00  2.824707E+00  2.918945E+00
  3.088867E+00  3.420898E+00  4.104492E+00  5.482910E+00  8.205078E+00  1.343408E+01  2.291260E+01  3.772729E+01  5.588184E+01  7.236572E+01
  8.417822E+01  9.142184E+01  9.543029E+01  9.744970E+01  2.952637E+00  2.956055E+00  3.067871E+00  3.149902E+00  3.335938E+00  3.738770E+00
  4.501953E+00  6.042480E+00  9.068359E+00  1.482080E+01  2.496509E+01  4.015552E+01  5.791650E+01  7.366931E+01  8.492480E+01  9.182605E+01
  9.564539E+01  9.756945E+01  3.342285E+00  3.346680E+00  3.464844E+00  3.568848E+00  3.792480E+00  4.249512E+00  5.171875E+00  6.983887E+00
  1.054004E+01  1.709863E+01  2.819434E+01  4.371167E+01  6.072437E+01  7.545044E+01  8.594397E+01  9.237830E+01  9.593922E+01  9.773306E+01
  3.967773E+00  3.975098E+00  4.112793E+00  4.261230E+00  4.544434E+00  5.147461E+00  6.291504E+00  8.602051E+00  1.300195E+01  2.079932E+01
  3.301123E+01  4.848169E+01  6.426587E+01  7.767078E+01  8.721478E+01  9.306680E+01  9.630583E+01  9.793724E+01  5.041992E+00  5.048828E+00
  5.239258E+00  5.458008E+00  5.881836E+00  6.731445E+00  8.342773E+00  1.155566E+01  1.732568E+01  2.680762E+01  3.991260E+01  5.447217E+01
  6.847607E+01  8.029712E+01  8.872009E+01  9.388245E+01  9.673999E+01  9.817931E+01  7.188477E+00  7.187500E+00  7.555664E+00  7.911133E+00
  8.603516E+00  9.996094E+00  1.263086E+01  1.748047E+01  2.543750E+01  3.657422E+01  4.917871E+01  6.153271E+01  7.332373E+01  8.332837E+01
  9.045410E+01  9.482251E+01  9.724063E+01  9.845856E+01  1.318555E+01  1.318164E+01  1.400195E+01  1.476758E+01  1.628711E+01  1.909375E+01
  2.398633E+01  3.167578E+01  4.140430E+01  5.118164E+01  6.034766E+01  6.966309E+01  7.892676E+01  8.682812E+01  9.245801E+01  9.590918E+01
  9.781952E+01  9.878183E+01  4.951562E+01  4.953125E+01  5.050000E+01  5.112500E+01  5.209375E+01  5.354688E+01  5.521875E+01  5.768750E+01
  6.109375E+01  6.554688E+01  7.142188E+01  7.787500E+01  8.458594E+01  9.035156E+01  9.446094E+01  9.700000E+01  9.840332E+01  9.911035E+01
  2.585938E+00  2.586426E+00  2.642090E+00  2.734863E+00  2.875977E+00  3.195312E+00  3.822754E+00  5.062988E+00  7.558838E+00  1.237891E+01
  2.124097E+01  3.554907E+01  5.394006E+01  7.101953E+01  8.337567E+01  9.097769E+01  9.517431E+01  9.727771E+01  2.630859E+00  2.629883E+00
  2.689941E+00  2.779297E+00  2.926270E+00  3.248535E+00  3.878906E+00  5.168945E+00  7.715332E+00  1.261401E+01  2.159863E+01  3.600586E+01
  5.435107E+01  7.128967E+01  8.353015E+01  9.106140E+01  9.521914E+01  9.730293E+01  2.750977E+00  2.754395E+00  2.826172E+00  2.918457E+00
  3.083008E+00  3.412598E+00  4.098633E+00  5.469238E+00  8.184082E+00  1.335669E+01  2.272534E+01  3.740283E+01  5.558459E+01  7.209192E+01
  8.399084E+01  9.131134E+01  9.535252E+01  9.737795E+01  2.952637E+00  2.954590E+00  3.067871E+00  3.146484E+00  3.331055E+00  3.744141E+00
  4.494629E+00  6.019531E+00  9.037109E+00  1.472510E+01  2.475757E+01  3.982056E+01  5.762866E+01  7.340796E+01  8.474591E+01  9.172079E+01
  9.557114E+01  9.750099E+01  3.342285E+00  3.342773E+00  3.462891E+00  3.582031E+00  3.799316E+00  4.253418E+00  5.164551E+00  6.966797E+00
  1.047559E+01  1.698633E+01  2.795508E+01  4.336890E+01  6.045630E+01  7.520581E+01  8.577637E+01  9.227991E+01  9.586983E+01  9.766908E+01
  3.967773E+00  3.974121E+00  4.111328E+00  4.257324E+00  4.532715E+00  5.129395E+00  6.272949E+00  8.556641E+00  1.290381E+01  2.062891E+01
  3.273877E+01  4.814526E+01  6.402271E+01  7.744775E+01  8.706152E+01  9.297742E+01  9.624251E+01  9.787893E+01  5.041992E+00  5.047852E+00
  5.234375E+00  5.452148E+00  5.865234E+00  6.698242E+00  8.321289E+00  1.144922E+01  1.717480E+01  2.658154E+01  3.961670E+01  5.416162E+01
  6.826172E+01  8.009985E+01  8.858337E+01  9.380322E+01  9.668387E+01  9.812761E+01  7.188477E+00  7.189453E+00  7.545898E+00  7.896484E+00
  8.566406E+00  9.938477E+00  1.254590E+01  1.729883E+01  2.520312E+01  3.629688E+01  4.890820E+01  6.126611E+01  7.314355E+01  8.315649E+01
  9.033557E+01  9.475427E+01  9.719257E+01  9.841429E+01  1.318555E+01  1.317578E+01  1.398242E+01  1.473633E+01  1.621094E+01  1.898047E+01
  2.382422E+01  3.139844E+01  4.113477E+01  5.095898E+01  6.014453E+01  6.944434E+01  7.878418E+01  8.668750E+01  9.236060E+01  9.585425E+01
  9.778101E+01  9.874628E+01  4.951562E+01  4.950000E+01  5.046875E+01  5.112500E+01  5.196875E+01  5.350000E+01  5.515625E+01  5.764062E+01
  6.104688E+01  6.543750E+01  7.124219E+01  7.769531E+01  8.448047E+01  9.025391E+01  9.439453E+01  9.696289E+01  9.837500E+01  9.908374E+01
  2.585938E+00  2.586426E+00  2.643066E+00  2.727051E+00  2.875488E+00  3.188965E+00  3.803711E+00  5.053223E+00  7.479980E+00  1.225757E+01
  2.106104E+01  3.524902E+01  5.355298E+01  7.071765E+01  8.317291E+01  9.085037E+01  9.508511E+01  9.720006E+01  2.630859E+00  2.631348E+00
  2.687500E+00  2.773926E+00  2.925293E+00  3.239746E+00  3.875977E+00  5.145508E+00  7.632812E+00  1.249487E+01  2.141699E+01  3.570361E+01
  5.396533E+01  7.099060E+01  8.332959E+01  9.093539E+01  9.513068E+01  9.722598E+01  2.750977E+00  2.752930E+00  2.823242E+00  2.914551E+00
  3.080566E+00  3.403320E+00  4.077148E+00  5.441895E+00  8.094238E+00  1.322168E+01  2.252734E+01  3.709326E+01  5.520569E+01  7.180090E+01
  8.379547E+01  9.118884E+01  9.526637E+01  9.730307E+01  2.952637E+00  2.951172E+00  3.069824E+00  3.143066E+00  3.342773E+00  3.735840E+00
  4.469238E+00  6.000000E+00  8.935547E+00  1.457031E+01  2.453857E+01  3.950049E+01  5.726025E+01  7.312976E+01  8.456000E+01  9.160379E+01
  9.548874E+01  9.742949E+01  3.342285E+00  3.343750E+00  3.462891E+00  3.576172E+00  3.795898E+00  4.244629E+00  5.134277E+00  6.924316E+00
  1.036816E+01  1.679883E+01  2.770361E+01  4.304297E+01  6.010522E+01  7.494580E+01  8.560297E+01  9.217050E+01  9.579262E+01  9.760226E+01
  3.967773E+00  3.971680E+00  4.109375E+00  4.250488E+00  4.524902E+00  5.112305E+00  6.242188E+00  8.507812E+00  1.275781E+01  2.040332E+01
  3.244482E+01  4.782568E+01  6.369800E+01  7.721021E+01  8.690344E+01  9.287732E+01  9.617178E+01  9.781786E+01  5.041992E+00  5.047852E+00
  5.240234E+00  5.443359E+00  5.851562E+00  6.663086E+00  8.255859E+00  1.134570E+01  1.697607E+01  2.628418E+01  3.930127E+01  5.387207E+01
  6.796973E+01  7.988892E+01  8.844263E+01  9.371423E+01  9.662100E+01  9.807346E+01  7.188477E+00  7.186523E+00  7.544922E+00  7.873047E+00
  8.554688E+00  9.876953E+00  1.246191E+01  1.714551E+01  2.489844E+01  3.594043E+01  4.861621E+01  6.102100E+01  7.288623E+01  8.297363E+01
  9.021497E+01  9.467786E+01  9.713812E+01  9.836803E+01  1.318555E+01  1.317969E+01  1.397070E+01  1.468359E+01  1.614258E+01  1.883789E+01
  2.361523E+01  3.112500E+01  4.076758E+01  5.066797E+01  5.992578E+01  6.925195E+01  7.856641E+01  8.653760E+01  9.226270E+01  9.579138E+01
  9.773633E+01  9.870908E+01  4.951562E+01  4.951562E+01  5.046875E+01  5.107812E+01  5.200000E+01  5.345312E+01  5.509375E+01  5.756250E+01
  6.087500E+01  6.528125E+01  7.110156E+01  7.754688E+01  8.430859E+01  9.014453E+01  9.433008E+01  9.692090E+01  9.834570E+01  9.905640E+01
  2.585938E+00  2.587891E+00  2.639160E+00  2.717285E+00  2.865234E+00  3.163574E+00  3.751465E+00  4.938965E+00  7.284180E+00  1.184668E+01
  2.020630E+01  3.387744E+01  5.176038E+01  6.922339E+01  8.219409E+01  9.026349E+01  9.474811E+01  9.698354E+01  2.630859E+00  2.633301E+00
  2.686523E+00  2.763184E+00  2.910645E+00  3.217285E+00  3.824707E+00  5.034668E+00  7.416992E+00  1.206348E+01  2.054102E+01  3.431592E+01
  5.217932E+01  6.950916E+01  8.235986E+01  9.035397E+01  9.479684E+01  9.701140E+01  2.750977E+00  2.754395E+00  2.818848E+00  2.907227E+00
  3.060547E+00  3.391113E+00  4.031738E+00  5.320801E+00  7.843262E+00  1.274487E+01  2.158765E+01  3.565942E+01  5.343982E+01  7.035864E+01
  8.285297E+01  9.062326E+01  9.494160E+01  9.709430E+01  2.952637E+00  2.956055E+00  3.061523E+00  3.142578E+00  3.341309E+00  3.685547E+00
  4.402344E+00  5.833496E+00  8.666016E+00  1.401611E+01  2.348022E+01  3.800659E+01  5.553857E+01  7.175317E+01  8.366132E+01  9.106470E+01
  9.517909E+01  9.723022E+01  3.342285E+00  3.345703E+00  3.458496E+00  3.560547E+00  3.769043E+00  4.192871E+00  5.045410E+00  6.739746E+00
  9.988770E+00  1.608984E+01  2.648682E+01  4.149902E+01  5.846948E+01  7.365906E+01  8.476489E+01  9.166724E+01  9.550336E+01  9.741595E+01
  3.967773E+00  3.975098E+00  4.097168E+00  4.229004E+00  4.507812E+00  5.030273E+00  6.101562E+00  8.216309E+00  1.220898E+01  1.945117E+01
  3.103369E+01  4.628589E+01  6.218994E+01  7.603455E+01  8.613971E+01  9.241855E+01  9.590779E+01  9.764778E+01  5.041992E+00  5.044922E+00
  5.227539E+00  5.408203E+00  5.787109E+00  6.539062E+00  8.028320E+00  1.088184E+01  1.614844E+01  2.501123E+01  3.774805E+01  5.243750E+01
  6.662524E+01  7.884131E+01  8.776538E+01  9.330713E+01  9.638641E+01  9.792221E+01  7.188477E+00  7.191406E+00  7.504883E+00  7.804688E+00
  8.434570E+00  9.609375E+00  1.196680E+01  1.627637E+01  2.361426E+01  3.437109E+01  4.714453E+01  5.981104E+01  7.172314E+01  8.207031E+01
  8.963342E+01  9.432764E+01  9.693665E+01  9.823796E+01  1.318555E+01  1.319531E+01  1.387695E+01  1.452930E+01  1.584375E+01  1.824609E+01
  2.264062E+01  2.967773E+01  3.920508E+01  4.936914E+01  5.886328E+01  6.827930E+01  7.760059E+01  8.579102E+01  9.178784E+01  9.550586E+01
  9.757245E+01  9.860291E+01  4.951562E+01  4.953125E+01  5.039062E+01  5.090625E+01  5.185938E+01  5.309375E+01  5.470312E+01  5.717188E+01
  6.040625E+01  6.482812E+01  7.042188E+01  7.686719E+01  8.355469E+01  8.959766E+01  9.398633E+01  9.671484E+01  9.823145E+01  9.897559E+01
  2.585938E+00  2.587891E+00  2.637207E+00  2.714844E+00  2.858398E+00  3.154785E+00  3.742676E+00  4.905762E+00  7.218262E+00  1.169360E+01
  1.991772E+01  3.332812E+01  5.114563E+01  6.872620E+01  8.181708E+01  9.003757E+01  9.460931E+01  9.687304E+01  2.630859E+00  2.631348E+00
  2.684570E+00  2.762695E+00  2.902832E+00  3.211914E+00  3.817383E+00  4.997070E+00  7.358887E+00  1.190503E+01  2.024463E+01  3.375952E+01
  5.156592E+01  6.901599E+01  8.198615E+01  9.013013E+01  9.465924E+01  9.690190E+01  2.750977E+00  2.753418E+00  2.816895E+00  2.902832E+00
  3.056152E+00  3.383301E+00  4.006348E+00  5.279785E+00  7.781250E+00  1.256641E+01  2.126636E+01  3.508911E+01  5.283069E+01  6.988025E+01
  8.248901E+01  9.040546E+01  9.480787E+01  9.698778E+01  2.952637E+00  2.953125E+00  3.058105E+00  3.142578E+00  3.331543E+00  3.671387E+00
  4.373047E+00  5.798340E+00  8.569336E+00  1.380859E+01  2.312744E+01  3.741138E+01  5.494409E+01  7.129797E+01  8.331329E+01  9.085663E+01
  9.505151E+01  9.712856E+01  3.342285E+00  3.344238E+00  3.452637E+00  3.557617E+00  3.756348E+00  4.176270E+00  5.006348E+00  6.660156E+00
  9.876465E+00  1.584033E+01  2.607764E+01  4.088232E+01  5.789893E+01  7.323669E+01  8.443866E+01  9.147266E+01  9.538440E+01  9.732099E+01
  3.967773E+00  3.974121E+00  4.093262E+00  4.236816E+00  4.508789E+00  5.022461E+00  6.059570E+00  8.114258E+00  1.204443E+01  1.912695E+01
  3.055322E+01  4.566162E+01  6.166260E+01  7.565283E+01  8.584100E+01  9.224060E+01  9.579948E+01  9.756109E+01  5.041992E+00  5.044922E+00
  5.218750E+00  5.412109E+00  5.775391E+00  6.495117E+00  7.937500E+00  1.071680E+01  1.588379E+01  2.455908E+01  3.719971E+01  5.185059E+01
  6.615698E+01  7.850439E+01  8.749817E+01  9.314850E+01  9.629037E+01  9.784538E+01  7.188477E+00  7.187500E+00  7.490234E+00  7.804688E+00
  8.383789E+00  9.555664E+00  1.182812E+01  1.600391E+01  2.319531E+01  3.380273E+01  4.661328E+01  5.930957E+01  7.131738E+01  8.178296E+01
  8.940051E+01  9.419037E+01  9.685422E+01  9.817213E+01  1.318555E+01  1.317969E+01  1.384180E+01  1.448828E+01  1.574023E+01  1.808594E+01
  2.231445E+01  2.920898E+01  3.867578E+01  4.888281E+01  5.847656E+01  6.787305E+01  7.726465E+01  8.555859E+01  9.159448E+01  9.539331E+01
  9.750525E+01  9.854974E+01  4.951562E+01  4.950000E+01  5.037500E+01  5.090625E+01  5.178125E+01  5.303125E+01  5.464062E+01  5.701562E+01
  6.023438E+01  6.451562E+01  7.014844E+01  7.659375E+01  8.330469E+01  8.943359E+01  9.386133E+01  9.664258E+01  9.818115E+01  9.893652E+01
  2.585938E+00  2.584473E+00  2.633789E+00  2.712402E+00  2.868652E+00  3.145020E+00  3.723145E+00  4.861328E+00  7.149902E+00  1.154004E+01
  1.954590E+01  3.276074E+01  5.046619E+01  6.810657E+01  8.142371E+01  8.980243E+01  9.445834E+01  9.676447E+01  2.630859E+00  2.630859E+00
  2.681152E+00  2.762695E+00  2.895508E+00  3.195312E+00  3.794922E+00  4.951660E+00  7.285156E+00  1.174878E+01  1.986548E+01  3.318677E+01
  5.088855E+01  6.840198E+01  8.159625E+01  8.989703E+01  9.450965E+01  9.679430E+01  2.750977E+00  2.751465E+00  2.814941E+00  2.900391E+00
  3.048828E+00  3.367676E+00  3.985840E+00  5.215332E+00  7.699707E+00  1.239600E+01  2.086646E+01  3.449829E+01  5.215808E+01  6.928162E+01
  8.211011E+01  9.017905E+01  9.466220E+01  9.688300E+01  2.952637E+00  2.953125E+00  3.054199E+00  3.137207E+00  3.322754E+00  3.652344E+00
  4.376953E+00  5.722656E+00  8.457031E+00  1.360498E+01  2.267896E+01  3.679468E+01  5.428687E+01  7.072461E+01  8.295258E+01  9.064136E+01
  9.491251E+01  9.702855E+01  3.342285E+00  3.342773E+00  3.448242E+00  3.550781E+00  3.746582E+00  4.154785E+00  4.981934E+00  6.596680E+00
  9.735352E+00  1.559082E+01  2.556396E+01  4.023730E+01  5.727197E+01  7.269922E+01  8.410260E+01  9.127228E+01  9.525427E+01  9.722753E+01
  3.967773E+00  3.974609E+00  4.088379E+00  4.229980E+00  4.492676E+00  4.995605E+00  6.011719E+00  8.002930E+00  1.185156E+01  1.880518E+01
  2.996191E+01  4.500879E+01  6.108325E+01  7.516003E+01  8.553491E+01  9.205862E+01  9.568047E+01  9.747568E+01  5.041992E+00  5.041016E+00
  5.211914E+00  5.398438E+00  5.755859E+00  6.453125E+00  7.880859E+00  1.055469E+01  1.559668E+01  2.412744E+01  3.653271E+01  5.122656E+01
  6.564380E+01  7.806372E+01  8.722681E+01  9.298792E+01  9.618445E+01  9.776936E+01  7.188477E+00  7.184570E+00  7.469727E+00  7.780273E+00
  8.348633E+00  9.468750E+00  1.166113E+01  1.569629E+01  2.274023E+01  3.325293E+01  4.595215E+01  5.877637E+01  7.087891E+01  8.139844E+01
  8.916772E+01  9.405249E+01  9.676251E+01  9.810696E+01  1.318555E+01  1.317383E+01  1.382422E+01  1.442578E+01  1.563867E+01  1.788672E+01
  2.198242E+01  2.868555E+01  3.809766E+01  4.840234E+01  5.797461E+01  6.744336E+01  7.690527E+01  8.524023E+01  9.140479E+01  9.528076E+01
  9.742993E+01  9.849695E+01  4.951562E+01  4.946875E+01  5.029688E+01  5.084375E+01  5.167188E+01  5.298438E+01  5.454688E+01  5.676562E+01
  6.004688E+01  6.431250E+01  6.988281E+01  7.627344E+01  8.306250E+01  8.920703E+01  9.372461E+01  9.655664E+01  9.812842E+01  9.889941E+01
  2.585938E+00  2.583984E+00  2.633301E+00  2.709961E+00  2.861328E+00  3.138672E+00  3.724121E+00  4.845215E+00  7.104492E+00  1.145532E+01
  1.942554E+01  3.255127E+01  5.021399E+01  6.788672E+01  8.126447E+01  8.968948E+01  9.438600E+01  9.669455E+01  2.630859E+00  2.629883E+00
  2.680176E+00  2.761230E+00  2.892090E+00  3.192871E+00  3.779297E+00  4.936523E+00  7.241211E+00  1.167310E+01  1.975464E+01  3.297583E+01
  5.063635E+01  6.818433E+01  8.143835E+01  8.978506E+01  9.443787E+01  9.672498E+01  2.750977E+00  2.751953E+00  2.810059E+00  2.898438E+00
  3.044922E+00  3.360352E+00  3.969727E+00  5.212891E+00  7.652832E+00  1.232715E+01  2.074683E+01  3.427930E+01  5.190906E+01  6.906995E+01
  8.195648E+01  9.007004E+01  9.459235E+01  9.681552E+01  2.952637E+00  2.950195E+00  3.054199E+00  3.134277E+00  3.316406E+00  3.645020E+00
  4.356934E+00  5.705566E+00  8.415039E+00  1.351074E+01  2.254468E+01  3.656421E+01  5.404224E+01  7.052332E+01  8.280615E+01  9.053665E+01
  9.484583E+01  9.696404E+01  3.342285E+00  3.341797E+00  3.447754E+00  3.547852E+00  3.755371E+00  4.145508E+00  4.960938E+00  6.565918E+00
  9.681641E+00  1.547998E+01  2.540771E+01  3.999463E+01  5.703955E+01  7.251233E+01  8.396564E+01  9.117352E+01  9.519179E+01  9.716703E+01
  3.967773E+00  3.971680E+00  4.087402E+00  4.225098E+00  4.485352E+00  4.980469E+00  5.985840E+00  7.970215E+00  1.178076E+01  1.866211E+01
  2.977539E+01  4.476123E+01  6.086890E+01  7.499146E+01  8.541028E+01  9.196710E+01  9.562341E+01  9.742037E+01  5.041992E+00  5.041016E+00
  5.213867E+00  5.395508E+00  5.742188E+00  6.433594E+00  7.836914E+00  1.049805E+01  1.546973E+01  2.394189E+01  3.632129E+01  5.098535E+01
  6.545557E+01  7.791699E+01  8.711621E+01  9.290564E+01  9.613358E+01  9.772020E+01  7.188477E+00  7.184570E+00  7.471680E+00  7.770508E+00
  8.325195E+00  9.430664E+00  1.159961E+01  1.559766E+01  2.256934E+01  3.301270E+01  4.574512E+01  5.856543E+01  7.071875E+01  8.127295E+01
  8.907251E+01  9.398059E+01  9.671881E+01  9.806461E+01  1.318555E+01  1.317188E+01  1.382227E+01  1.441211E+01  1.559766E+01  1.781641E+01
  2.185742E+01  2.853125E+01  3.788477E+01  4.819336E+01  5.783203E+01  6.727441E+01  7.677539E+01  8.513965E+01  9.132837E+01  9.522095E+01
  9.739392E+01  9.846301E+01  4.951562E+01  4.946875E+01  5.031250E+01  5.079688E+01  5.168750E+01  5.290625E+01  5.446875E+01  5.673438E+01
  5.998438E+01  6.417188E+01  6.981250E+01  7.617969E+01  8.298438E+01  8.913281E+01  9.367188E+01  9.651562E+01  9.810059E+01  9.887549E+01
  2.585938E+00  2.589355E+00  2.634277E+00  2.713379E+00  2.865723E+00  3.142090E+00  3.722168E+00  4.865234E+00  7.155762E+00  1.153125E+01
  1.953320E+01  3.272925E+01  5.046399E+01  6.806018E+01  8.139813E+01  8.977548E+01  9.440932E+01  9.667316E+01  2.630859E+00  2.633789E+00
  2.681641E+00  2.762695E+00  2.895996E+00  3.193359E+00  3.789551E+00  4.957031E+00  7.294922E+00  1.173877E+01  1.985352E+01  3.315430E+01
  5.088538E+01  6.835535E+01  8.157098E+01  8.987030E+01  9.446106E+01  9.670378E+01  2.750977E+00  2.755371E+00  2.811523E+00  2.898926E+00
  3.049316E+00  3.366699E+00  3.982910E+00  5.218262E+00  7.707031E+00  1.238501E+01  2.085205E+01  3.446484E+01  5.215637E+01  6.923572E+01
  8.208527E+01  9.015302E+01  9.461484E+01  9.679485E+01  2.952637E+00  2.956055E+00  3.051758E+00  3.133789E+00  3.320312E+00  3.653320E+00
  4.370605E+00  5.728516E+00  8.462891E+00  1.359326E+01  2.266333E+01  3.675952E+01  5.428516E+01  7.067993E+01  8.292859E+01  9.061642E+01
  9.486725E+01  9.694427E+01  3.342285E+00  3.347168E+00  3.446777E+00  3.548340E+00  3.747559E+00  4.153320E+00  4.975586E+00  6.599121E+00
  9.744629E+00  1.557617E+01  2.554688E+01  4.020117E+01  5.727295E+01  7.265564E+01  8.407996E+01  9.124899E+01  9.521178E+01  9.714855E+01
  3.967773E+00  3.975586E+00  4.087891E+00  4.228516E+00  4.494629E+00  4.990723E+00  6.007324E+00  8.007812E+00  1.186475E+01  1.878760E+01
  2.994141E+01  4.497070E+01  6.108545E+01  7.511890E+01  8.551404E+01  9.203680E+01  9.564154E+01  9.740347E+01  5.041992E+00  5.043945E+00
  5.210938E+00  5.399414E+00  5.756836E+00  6.449219E+00  7.873047E+00  1.056250E+01  1.560352E+01  2.410547E+01  3.651025E+01  5.118896E+01
  6.564966E+01  7.802441E+01  8.720801E+01  9.296899E+01  9.614978E+01  9.770529E+01  7.188477E+00  7.193359E+00  7.468750E+00  7.779297E+00
  8.341797E+00  9.464844E+00  1.164941E+01  1.570020E+01  2.275098E+01  3.323145E+01  4.593066E+01  5.874023E+01  7.088672E+01  8.136279E+01
  8.915112E+01  9.403625E+01  9.673303E+01  9.805209E+01  1.318555E+01  1.318750E+01  1.381836E+01  1.442383E+01  1.563281E+01  1.788672E+01
  2.198633E+01  2.869141E+01  3.811914E+01  4.837500E+01  5.795898E+01  6.741309E+01  7.691406E+01  8.520801E+01  9.139136E+01  9.526758E+01
  9.740637E+01  9.845337E+01  4.951562E+01  4.953125E+01  5.029688E+01  5.085938E+01  5.171875E+01  5.295312E+01  5.456250E+01  5.681250E+01
  6.006250E+01  6.429688E+01  6.986719E+01  7.626562E+01  8.307031E+01  8.919141E+01  9.371094E+01  9.654785E+01  9.811084E+01  9.886816E+01
  2.585938E+00  2.589844E+00  2.634277E+00  2.712891E+00  2.853027E+00  3.147461E+00  3.731934E+00  4.874023E+00  7.176758E+00  1.158789E+01
  1.966089E+01  3.291968E+01  5.070105E+01  6.830188E+01  8.153479E+01  8.984091E+01  9.442908E+01  9.665632E+01  2.630859E+00  2.633301E+00
  2.683594E+00  2.764648E+00  2.897949E+00  3.201172E+00  3.802734E+00  4.951172E+00  7.300293E+00  1.179688E+01  1.998364E+01  3.334912E+01
  5.112256E+01  6.859534E+01  8.170642E+01  8.993509E+01  9.448061E+01  9.668709E+01  2.750977E+00  2.755859E+00  2.814941E+00  2.901855E+00
  3.050781E+00  3.371582E+00  3.996094E+00  5.230469E+00  7.716797E+00  1.246240E+01  2.099097E+01  3.466528E+01  5.239172E+01  6.947009E+01
  8.221716E+01  9.021588E+01  9.463380E+01  9.677858E+01  2.952637E+00  2.956543E+00  3.057617E+00  3.138672E+00  3.323242E+00  3.657715E+00
  4.356934E+00  5.740723E+00  8.492676E+00  1.367969E+01  2.281689E+01  3.697021E+01  5.451587E+01  7.090649E+01  8.305414E+01  9.067599E+01
  9.488510E+01  9.692871E+01  3.342285E+00  3.345703E+00  3.452148E+00  3.552734E+00  3.755371E+00  4.159668E+00  4.996582E+00  6.587402E+00
  9.778809E+00  1.567236E+01  2.572559E+01  4.042139E+01  5.749365E+01  7.286975E+01  8.419739E+01  9.130405E+01  9.522835E+01  9.713387E+01
  3.967773E+00  3.973633E+00  4.091309E+00  4.234863E+00  4.494141E+00  5.003418E+00  6.030762E+00  8.018066E+00  1.191553E+01  1.890723E+01
  3.014502E+01  4.519604E+01  6.129053E+01  7.531750E+01  8.562146E+01  9.208698E+01  9.565642E+01  9.738998E+01  5.041992E+00  5.049805E+00
  5.220703E+00  5.404297E+00  5.757812E+00  6.464844E+00  7.894531E+00  1.060742E+01  1.567188E+01  2.426416E+01  3.674316E+01  5.140723E+01
  6.583179E+01  7.820581E+01  8.730359E+01  9.301257E+01  9.616290E+01  9.769334E+01  7.188477E+00  7.193359E+00  7.483398E+00  7.788086E+00
  8.360352E+00  9.488281E+00  1.170801E+01  1.578809E+01  2.287695E+01  3.343164E+01  4.616309E+01  5.892920E+01  7.104395E+01  8.152417E+01
  8.923340E+01  9.407446E+01  9.674420E+01  9.804211E+01  1.318555E+01  1.318750E+01  1.384961E+01  1.445117E+01  1.565820E+01  1.793750E+01
  2.210547E+01  2.882812E+01  3.826367E+01  4.856055E+01  5.813672E+01  6.756445E+01  7.704492E+01  8.534766E+01  9.145898E+01  9.529834E+01
  9.741589E+01  9.844550E+01  4.951562E+01  4.953125E+01  5.037500E+01  5.084375E+01  5.171875E+01  5.298438E+01  5.460938E+01  5.682812E+01
  6.007812E+01  6.442188E+01  6.999219E+01  7.635938E+01  8.314844E+01  8.928125E+01  9.376562E+01  9.657227E+01  9.811914E+01  9.886182E+01
  2.585938E+00  2.587891E+00  2.636719E+00  2.713867E+00  2.856934E+00  3.150879E+00  3.731934E+00  4.877930E+00  7.188965E+00  1.163184E+01
  1.977124E+01  3.311377E+01  5.091956E+01  6.848804E+01  8.166565E+01  8.989352E+01  9.444837E+01  9.662981E+01  2.630859E+00  2.633789E+00
  2.683594E+00  2.761230E+00  2.899902E+00  3.204102E+00  3.807129E+00  4.970215E+00  7.313477E+00  1.185278E+01  2.009546E+01  3.354248E+01
  5.134070E+01  6.877991E+01  8.183600E+01  8.998703E+01  9.449968E+01  9.666078E+01  2.750977E+00  2.754395E+00  2.815918E+00  2.901367E+00
  3.054199E+00  3.375977E+00  4.000000E+00  5.250977E+00  7.731934E+00  1.250928E+01  2.111011E+01  3.486548E+01  5.260840E+01  6.964966E+01
  8.234290E+01  9.026596E+01  9.465228E+01  9.675298E+01  2.952637E+00  2.956055E+00  3.056152E+00  3.137695E+00  3.325684E+00  3.663086E+00
  4.361816E+00  5.769531E+00  8.527832E+00  1.372559E+01  2.295068E+01  3.717725E+01  5.472778E+01  7.107703E+01  8.317419E+01  9.072318E+01
  9.490280E+01  9.690426E+01  3.342285E+00  3.344727E+00  3.450195E+00  3.555176E+00  3.752930E+00  4.167480E+00  4.989746E+00  6.619141E+00
  9.809570E+00  1.574707E+01  2.588232E+01  4.063745E+01  5.769507E+01  7.302881E+01  8.430933E+01  9.134732E+01  9.524484E+01  9.711104E+01
  3.967773E+00  3.977051E+00  4.093750E+00  4.233887E+00  4.502441E+00  5.012695E+00  6.041016E+00  8.062988E+00  1.198193E+01  1.900488E+01
  3.033252E+01  4.541455E+01  6.147876E+01  7.546204E+01  8.572382E+01  9.212524E+01  9.567159E+01  9.736914E+01  5.041992E+00  5.047852E+00
  5.219727E+00  5.407227E+00  5.768555E+00  6.479492E+00  7.905273E+00  1.065527E+01  1.575586E+01  2.440430E+01  3.694873E+01  5.161230E+01
  6.599854E+01  7.833325E+01  8.739453E+01  9.304529E+01  9.617639E+01  9.767500E+01  7.188477E+00  7.190430E+00  7.480469E+00  7.794922E+00
  8.374023E+00  9.522461E+00  1.175977E+01  1.588672E+01  2.301465E+01  3.360840E+01  4.636816E+01  5.910254E+01  7.118750E+01  8.163281E+01
  8.931274E+01  9.410126E+01  9.675616E+01  9.802670E+01  1.318555E+01  1.318945E+01  1.382812E+01  1.446875E+01  1.570117E+01  1.801953E+01
  2.219531E+01  2.900781E+01  3.845508E+01  4.871680E+01  5.829102E+01  6.770312E+01  7.716309E+01  8.543604E+01  9.152539E+01  9.532092E+01
  9.742651E+01  9.843378E+01  4.951562E+01  4.953125E+01  5.035938E+01  5.085938E+01  5.171875E+01  5.298438E+01  5.462500E+01  5.689062E+01
  6.012500E+01  6.448438E+01  7.004688E+01  7.647656E+01  8.323438E+01  8.935547E+01  9.381250E+01  9.658789E+01  9.812598E+01  9.885352E+01
  2.585938E+00  2.589355E+00  2.633789E+00  2.716797E+00  2.857910E+00  3.154297E+00  3.743164E+00  4.898438E+00  7.200195E+00  1.168701E+01
  1.989673E+01  3.330444E+01  5.112341E+01  6.867688E+01  8.178040E+01  8.996173E+01  9.446655E+01  9.660767E+01  2.630859E+00  2.634277E+00
  2.683594E+00  2.764160E+00  2.901367E+00  3.209473E+00  3.815430E+00  4.991211E+00  7.340820E+00  1.189941E+01  2.022314E+01  3.373730E+01
  5.154407E+01  6.896692E+01  8.194977E+01  9.005469E+01  9.451768E+01  9.663887E+01  2.750977E+00  2.755859E+00  2.815918E+00  2.903809E+00
  3.051758E+00  3.383301E+00  4.005859E+00  5.273438E+00  7.762695E+00  1.256104E+01  2.124390E+01  3.506543E+01  5.280945E+01  6.983179E+01
  8.245367E+01  9.033185E+01  9.466975E+01  9.673160E+01  2.952637E+00  2.955078E+00  3.054199E+00  3.141113E+00  3.328613E+00  3.669434E+00
  4.372559E+00  5.791016E+00  8.548340E+00  1.380029E+01  2.310962E+01  3.738794E+01  5.492334E+01  7.125049E+01  8.327924E+01  9.078580E+01
  9.491933E+01  9.688373E+01  3.342285E+00  3.347656E+00  3.450195E+00  3.557617E+00  3.751953E+00  4.173828E+00  5.004883E+00  6.653320E+00
  9.853027E+00  1.583252E+01  2.605518E+01  4.085547E+01  5.787939E+01  7.318982E+01  8.440704E+01  9.140607E+01  9.526013E+01  9.709177E+01
  3.967773E+00  3.977051E+00  4.088379E+00  4.236816E+00  4.504395E+00  5.027344E+00  6.057129E+00  8.104004E+00  1.201758E+01  1.911719E+01
  3.052686E+01  4.563428E+01  6.164429E+01  7.560791E+01  8.581238E+01  9.217892E+01  9.568542E+01  9.735153E+01  5.041992E+00  5.042969E+00
  5.215820E+00  5.414062E+00  5.776367E+00  6.494141E+00  7.934570E+00  1.070703E+01  1.585059E+01  2.454639E+01  3.717236E+01  5.182080E+01
  6.614038E+01  7.846265E+01  8.747278E+01  9.309344E+01  9.618869E+01  9.765930E+01  7.188477E+00  7.192383E+00  7.481445E+00  7.806641E+00
  8.378906E+00  9.548828E+00  1.182227E+01  1.598633E+01  2.315137E+01  3.379004E+01  4.658789E+01  5.928174E+01  7.130420E+01  8.174414E+01
  8.937952E+01  9.414343E+01  9.676685E+01  9.801340E+01  1.318555E+01  1.318555E+01  1.383008E+01  1.448828E+01  1.574219E+01  1.808203E+01
  2.231445E+01  2.917969E+01  3.862891E+01  4.887305E+01  5.846094E+01  6.784668E+01  7.725586E+01  8.552637E+01  9.157886E+01  9.535669E+01
  9.743518E+01  9.842358E+01  4.951562E+01  4.956250E+01  5.032812E+01  5.090625E+01  5.175000E+01  5.300000E+01  5.467188E+01  5.700000E+01
  6.021875E+01  6.451562E+01  7.016406E+01  7.657031E+01  8.330469E+01  8.940625E+01  9.384570E+01  9.661328E+01  9.813135E+01  9.884668E+01
  2.585938E+00  2.586914E+00  2.635254E+00  2.718262E+00  2.858887E+00  3.155762E+00  3.751953E+00  4.916016E+00  7.250000E+00  1.174438E+01
  1.998291E+01  3.346948E+01  5.132324E+01  6.884851E+01  8.190155E+01  9.001996E+01  9.447902E+01  9.658344E+01  2.630859E+00  2.632812E+00
  2.686523E+00  2.766602E+00  2.902832E+00  3.213379E+00  3.809570E+00  5.009277E+00  7.392578E+00  1.195996E+01  2.031128E+01  3.390308E+01
  5.174292E+01  6.913696E+01  8.206982E+01  9.011258E+01  9.453008E+01  9.661480E+01  2.750977E+00  2.752930E+00  2.813477E+00  2.905273E+00
  3.057129E+00  3.386719E+00  4.018066E+00  5.279297E+00  7.815918E+00  1.264038E+01  2.135352E+01  3.523706E+01  5.300708E+01  6.999683E+01
  8.257025E+01  9.038791E+01  9.468170E+01  9.670818E+01  2.952637E+00  2.955078E+00  3.059570E+00  3.144043E+00  3.330566E+00  3.672852E+00
  4.384277E+00  5.816406E+00  8.594238E+00  1.387109E+01  2.322119E+01  3.756787E+01  5.511694E+01  7.140759E+01  8.339081E+01  9.083905E+01
  9.493045E+01  9.686137E+01  3.342285E+00  3.343750E+00  3.452637E+00  3.556152E+00  3.759277E+00  4.179688E+00  5.017090E+00  6.681152E+00
  9.911621E+00  1.592529E+01  2.618262E+01  4.104224E+01  5.806592E+01  7.333582E+01  8.451086E+01  9.145551E+01  9.527031E+01  9.707085E+01
  3.967773E+00  3.974609E+00  4.095215E+00  4.242676E+00  4.508789E+00  5.031738E+00  6.078613E+00  8.129883E+00  1.211279E+01  1.923877E+01
  3.068408E+01  4.582422E+01  6.181738E+01  7.573975E+01  8.590759E+01  9.222391E+01  9.569443E+01  9.733244E+01  5.041992E+00  5.043945E+00
  5.222656E+00  5.416992E+00  5.783203E+00  6.508789E+00  7.966797E+00  1.076562E+01  1.597168E+01  2.471777E+01  3.735205E+01  5.200244E+01
  6.629443E+01  7.857886E+01  8.755750E+01  9.313287E+01  9.619635E+01  9.764249E+01  7.188477E+00  7.187500E+00  7.489258E+00  7.814453E+00
  8.396484E+00  9.547852E+00  1.186816E+01  1.608594E+01  2.334570E+01  3.400391E+01  4.676465E+01  5.943164E+01  7.143799E+01  8.184351E+01
  8.945264E+01  9.417700E+01  9.677338E+01  9.799930E+01  1.318555E+01  1.317578E+01  1.384766E+01  1.451562E+01  1.576758E+01  1.815234E+01
  2.242383E+01  2.933789E+01  3.886719E+01  4.905859E+01  5.858984E+01  6.796875E+01  7.736328E+01  8.560645E+01  9.163989E+01  9.538318E+01
  9.744043E+01  9.841266E+01  4.951562E+01  4.945312E+01  5.034375E+01  5.093750E+01  5.178125E+01  5.304688E+01  5.467188E+01  5.704688E+01
  6.028125E+01  6.457812E+01  7.024219E+01  7.664844E+01  8.339062E+01  8.946875E+01  9.388477E+01  9.663477E+01  9.813379E+01  9.884033E+01
  2.585938E+00  2.586914E+00  2.635742E+00  2.718750E+00  2.859863E+00  3.164062E+00  3.759766E+00  4.931152E+00  7.259277E+00  1.178564E+01
  2.009375E+01  3.362134E+01  5.154028E+01  6.902405E+01  8.201489E+01  9.008450E+01  9.449164E+01  9.655609E+01  2.630859E+00  2.632324E+00
  2.686035E+00  2.766113E+00  2.900879E+00  3.216309E+00  3.819336E+00  5.007812E+00  7.390137E+00  1.201465E+01  2.042651E+01  3.405615E+01
  5.195972E+01  6.931128E+01  8.218213E+01  9.017648E+01  9.454252E+01  9.658768E+01  2.750977E+00  2.754395E+00  2.816406E+00  2.907227E+00
  3.057129E+00  3.393066E+00  4.025391E+00  5.298340E+00  7.813965E+00  1.268848E+01  2.146851E+01  3.539429E+01  5.322266E+01  7.016638E+01
  8.267944E+01  9.045026E+01  9.469374E+01  9.668171E+01  2.952637E+00  2.953125E+00  3.060547E+00  3.142578E+00  3.332031E+00  3.682129E+00
  4.394043E+00  5.820312E+00  8.612793E+00  1.394141E+01  2.334961E+01  3.773389E+01  5.532764E+01  7.156970E+01  8.349500E+01  9.089868E+01
  9.494186E+01  9.683609E+01  3.342285E+00  3.343262E+00  3.453125E+00  3.561035E+00  3.765137E+00  4.190430E+00  5.031738E+00  6.706543E+00
  9.938965E+00  1.600635E+01  2.633545E+01  4.121582E+01  5.826831E+01  7.348779E+01  8.460785E+01  9.151151E+01  9.528084E+01  9.704716E+01
  3.967773E+00  3.975098E+00  4.093262E+00  4.246582E+00  4.496094E+00  5.041992E+00  6.098145E+00  8.165527E+00  1.215527E+01  1.934180E+01
  3.085693E+01  4.600000E+01  6.200464E+01  7.587866E+01  8.599585E+01  9.227551E+01  9.570395E+01  9.731075E+01  5.041992E+00  5.042969E+00
  5.226562E+00  5.405273E+00  5.776367E+00  6.530273E+00  8.000977E+00  1.082324E+01  1.602734E+01  2.486133E+01  3.754248E+01  5.216406E+01
  6.646313E+01  7.870410E+01  8.763611E+01  9.317957E+01  9.620483E+01  9.762326E+01  7.188477E+00  7.189453E+00  7.495117E+00  7.805664E+00
  8.416992E+00  9.589844E+00  1.192871E+01  1.618848E+01  2.344922E+01  3.417285E+01  4.694336E+01  5.957080E+01  7.158691E+01  8.195264E+01
  8.952075E+01  9.421814E+01  9.678110E+01  9.798312E+01  1.318555E+01  1.318359E+01  1.385938E+01  1.451758E+01  1.579688E+01  1.820508E+01
  2.254883E+01  2.949219E+01  3.899219E+01  4.920117E+01  5.871289E+01  6.808105E+01  7.748926E+01  8.569824E+01  9.169678E+01  9.541772E+01
  9.744690E+01  9.839996E+01  4.951562E+01  4.951562E+01  5.035938E+01  5.095312E+01  5.181250E+01  5.310938E+01  5.470312E+01  5.712500E+01
  6.025000E+01  6.465625E+01  7.030469E+01  7.673438E+01  8.346094E+01  8.954297E+01  9.392383E+01  9.665527E+01  9.813867E+01  9.883008E+01
  2.585938E+00  2.587402E+00  2.636230E+00  2.717773E+00  2.862305E+00  3.162109E+00  3.753906E+00  4.934082E+00  7.288574E+00  1.183325E+01
  2.019019E+01  3.381665E+01  5.174377E+01  6.919043E+01  8.212665E+01  9.013745E+01  9.450291E+01  9.652621E+01  2.630859E+00  2.630859E+00
  2.685547E+00  2.766113E+00  2.906738E+00  3.215820E+00  3.827148E+00  5.027832E+00  7.408691E+00  1.204980E+01  2.052490E+01  3.425464E+01
  5.216248E+01  6.947681E+01  8.229285E+01  9.022894E+01  9.455364E+01  9.655811E+01  2.750977E+00  2.753418E+00  2.819336E+00  2.903809E+00
  3.061035E+00  3.391602E+00  4.036621E+00  5.313965E+00  7.833984E+00  1.272949E+01  2.156982E+01  3.559790E+01  5.342273E+01  7.032690E+01
  8.278723E+01  9.050104E+01  9.470454E+01  9.665292E+01  2.952637E+00  2.955078E+00  3.060059E+00  3.143066E+00  3.338379E+00  3.681641E+00
  4.406250E+00  5.828125E+00  8.654785E+00  1.399902E+01  2.346240E+01  3.794360E+01  5.552368E+01  7.172241E+01  8.359760E+01  9.094699E+01
  9.495218E+01  9.680853E+01  3.342285E+00  3.341797E+00  3.454102E+00  3.559570E+00  3.767090E+00  4.188965E+00  5.047852E+00  6.731934E+00
  9.975098E+00  1.607324E+01  2.646777E+01  4.143457E+01  5.845581E+01  7.363025E+01  8.470410E+01  9.155624E+01  9.529054E+01  9.702136E+01
  3.967773E+00  3.972168E+00  4.096191E+00  4.228027E+00  4.503906E+00  5.027832E+00  6.106445E+00  8.207031E+00  1.219531E+01  1.943213E+01
  3.101367E+01  4.622046E+01  6.217773E+01  7.600842E+01  8.608325E+01  9.231619E+01  9.571291E+01  9.728721E+01  5.041992E+00  5.043945E+00
  5.226562E+00  5.404297E+00  5.782227E+00  6.537109E+00  8.039062E+00  1.087305E+01  1.613086E+01  2.498633E+01  3.772803E+01  5.237402E+01
  6.661768E+01  7.881787E+01  8.771387E+01  9.321521E+01  9.621307E+01  9.760242E+01  7.188477E+00  7.181641E+00  7.498047E+00  7.808594E+00
  8.429688E+00  9.607422E+00  1.197559E+01  1.626172E+01  2.359180E+01  3.434082E+01  4.712500E+01  5.975049E+01  7.171924E+01  8.205078E+01
  8.958862E+01  9.424884E+01  9.678864E+01  9.796561E+01  1.318555E+01  1.318164E+01  1.386523E+01  1.452344E+01  1.584375E+01  1.824609E+01
  2.265820E+01  2.965430E+01  3.916992E+01  4.933984E+01  5.884766E+01  6.822656E+01  7.760156E+01  8.577783E+01  9.175171E+01  9.544238E+01
  9.745386E+01  9.838654E+01  4.951562E+01  4.950000E+01  5.032812E+01  5.093750E+01  5.184375E+01  5.306250E+01  5.475000E+01  5.717188E+01
  6.037500E+01  6.479688E+01  7.038281E+01  7.685938E+01  8.354688E+01  8.958984E+01  9.396289E+01  9.667383E+01  9.814209E+01  9.882080E+01
  2.585938E+00  2.583496E+00  2.634766E+00  2.717773E+00  2.857910E+00  3.164551E+00  3.749023E+00  4.940430E+00  7.277832E+00  1.180493E+01
  2.015552E+01  3.373047E+01  5.166333E+01  6.910278E+01  8.206024E+01  9.009253E+01  9.445931E+01  9.647023E+01  2.630859E+00  2.629883E+00
  2.685059E+00  2.766113E+00  2.903320E+00  3.219238E+00  3.821289E+00  5.020508E+00  7.395996E+00  1.202051E+01  2.048828E+01  3.416602E+01
  5.208179E+01  6.938965E+01  8.222693E+01  9.018448E+01  9.451042E+01  9.650259E+01  2.750977E+00  2.751953E+00  2.816895E+00  2.906738E+00
  3.056152E+00  3.391113E+00  4.030762E+00  5.306641E+00  7.834473E+00  1.269678E+01  2.152930E+01  3.550708E+01  5.334351E+01  7.024219E+01
  8.272296E+01  9.045776E+01  9.466241E+01  9.659887E+01  2.952637E+00  2.951660E+00  3.061035E+00  3.145508E+00  3.333984E+00  3.682617E+00
  4.400391E+00  5.833496E+00  8.641113E+00  1.396240E+01  2.342334E+01  3.785083E+01  5.544653E+01  7.164124E+01  8.353583E+01  9.090561E+01
  9.491182E+01  9.675690E+01  3.342285E+00  3.342773E+00  3.453125E+00  3.560547E+00  3.757812E+00  4.190918E+00  5.038574E+00  6.720215E+00
  9.958008E+00  1.603467E+01  2.641992E+01  4.133813E+01  5.838257E+01  7.355383E+01  8.464545E+01  9.151749E+01  9.525253E+01  9.697294E+01
  3.967773E+00  3.970703E+00  4.093750E+00  4.229980E+00  4.493652E+00  5.029785E+00  6.110840E+00  8.187012E+00  1.218311E+01  1.938281E+01
  3.095752E+01  4.612231E+01  6.211133E+01  7.593762E+01  8.602917E+01  9.228049E+01  9.567795E+01  9.724297E+01  5.041992E+00  5.038086E+00
  5.226562E+00  5.408203E+00  5.772461E+00  6.532227E+00  8.016602E+00  1.085938E+01  1.609082E+01  2.492285E+01  3.766064E+01  5.228174E+01
  6.655957E+01  7.875464E+01  8.766479E+01  9.318335E+01  9.618167E+01  9.756308E+01  7.188477E+00  7.185547E+00  7.496094E+00  7.797852E+00
  8.414062E+00  9.600586E+00  1.194531E+01  1.622754E+01  2.353125E+01  3.425879E+01  4.706250E+01  5.966943E+01  7.167236E+01  8.199487E+01
  8.954468E+01  9.422137E+01  9.676117E+01  9.793204E+01  1.318555E+01  1.317383E+01  1.386719E+01  1.452734E+01  1.580664E+01  1.823242E+01
  2.259570E+01  2.959180E+01  3.910352E+01  4.926758E+01  5.880859E+01  6.815918E+01  7.756348E+01  8.573047E+01  9.171460E+01  9.542004E+01
  9.743152E+01  9.835956E+01  4.951562E+01  4.946875E+01  5.035938E+01  5.093750E+01  5.176562E+01  5.307812E+01  5.470312E+01  5.712500E+01
  6.035938E+01  6.471875E+01  7.035938E+01  7.676562E+01  8.352344E+01  8.955859E+01  9.393555E+01  9.665918E+01  9.812891E+01  9.880029E+01
  2.585938E+00  2.586426E+00  2.636230E+00  2.719727E+00  2.856934E+00  3.157227E+00  3.753418E+00  4.916992E+00  7.235352E+00  1.175806E+01
  1.998584E+01  3.351367E+01  5.138293E+01  6.889050E+01  8.191022E+01  8.998700E+01  9.439115E+01  9.640401E+01  2.630859E+00  2.630859E+00
  2.687500E+00  2.763184E+00  2.900391E+00  3.213379E+00  3.813477E+00  4.993652E+00  7.378418E+00  1.197559E+01  2.031567E+01  3.394751E+01
  5.180273E+01  6.917847E+01  8.207837E+01  9.007959E+01  9.444285E+01  9.643698E+01  2.750977E+00  2.753906E+00  2.818848E+00  2.906250E+00
  3.055664E+00  3.382812E+00  4.021973E+00  5.280762E+00  7.801270E+00  1.265698E+01  2.134668E+01  3.528271E+01  5.306677E+01  7.003723E+01
  8.257837E+01  9.035550E+01  9.459669E+01  9.653499E+01  2.952637E+00  2.954590E+00  3.061523E+00  3.143555E+00  3.329590E+00  3.675293E+00
  4.387695E+00  5.801758E+00  8.581055E+00  1.389062E+01  2.322485E+01  3.761646E+01  5.517554E+01  7.144617E+01  8.339795E+01  9.080765E+01
  9.484906E+01  9.669585E+01  3.342285E+00  3.339844E+00  3.453125E+00  3.558594E+00  3.756348E+00  4.180664E+00  5.026367E+00  6.682617E+00
  9.900391E+00  1.595166E+01  2.619824E+01  4.109644E+01  5.812354E+01  7.337231E+01  8.451685E+01  9.142538E+01  9.519391E+01  9.691585E+01
  3.967773E+00  3.973145E+00  4.094727E+00  4.244141E+00  4.508301E+00  5.033203E+00  6.087891E+00  8.133789E+00  1.210254E+01  1.927148E+01
  3.070068E+01  4.588135E+01  6.187134E+01  7.577332E+01  8.591187E+01  9.219562E+01  9.562447E+01  9.719072E+01  5.041992E+00  5.041016E+00
  5.224609E+00  5.421875E+00  5.779297E+00  6.511719E+00  7.981445E+00  1.077832E+01  1.595117E+01  2.475635E+01  3.737402E+01  5.205518E+01
  6.634399E+01  7.860938E+01  8.756079E+01  9.310706E+01  9.613419E+01  9.751666E+01  7.188477E+00  7.189453E+00  7.497070E+00  7.802734E+00
  8.396484E+00  9.560547E+00  1.188867E+01  1.610938E+01  2.334277E+01  3.405371E+01  4.678516E+01  5.947998E+01  7.148389E+01  8.187109E+01
  8.945496E+01  9.415430E+01  9.672046E+01  9.789215E+01  1.318555E+01  1.317773E+01  1.385742E+01  1.451367E+01  1.577539E+01  1.816406E+01
  2.247461E+01  2.937695E+01  3.886523E+01  4.909961E+01  5.859766E+01  6.801367E+01  7.740234E+01  8.563135E+01  9.164233E+01  9.536548E+01
  9.739856E+01  9.832739E+01  4.951562E+01  4.951562E+01  5.035938E+01  5.095312E+01  5.176562E+01  5.307812E+01  5.467188E+01  5.706250E+01
  6.026562E+01  6.460938E+01  7.025000E+01  7.667969E+01  8.341406E+01  8.948828E+01  9.388867E+01  9.661914E+01  9.810449E+01  9.877930E+01
  2.585938E+00  2.587402E+00  2.638184E+00  2.714355E+00  2.856445E+00  3.152832E+00  3.746094E+00  4.900391E+00  7.213867E+00  1.169263E+01
  1.988501E+01  3.329761E+01  5.112952E+01  6.866052E+01  8.174811E+01  8.989117E+01  9.431803E+01  9.633470E+01  2.630859E+00  2.633301E+00
  2.687012E+00  2.764160E+00  2.901855E+00  3.208984E+00  3.820801E+00  4.994629E+00  7.354004E+00  1.190454E+01  2.021118E+01  3.372876E+01
  5.154968E+01  6.895081E+01  8.191754E+01  8.998468E+01  9.437038E+01  9.636823E+01  2.750977E+00  2.753906E+00  2.816406E+00  2.902344E+00
  3.054688E+00  3.383301E+00  4.013672E+00  5.275391E+00  7.775391E+00  1.256616E+01  2.123315E+01  3.505762E+01  5.281506E+01  6.981543E+01
  8.242169E+01  9.026318E+01  9.452606E+01  9.646806E+01  2.952637E+00  2.956055E+00  3.057617E+00  3.142090E+00  3.329590E+00  3.671875E+00
  4.375488E+00  5.794434E+00  8.563965E+00  1.380811E+01  2.309326E+01  3.738013E+01  5.492993E+01  7.123413E+01  8.324817E+01  9.071988E+01
  9.478162E+01  9.663190E+01  3.342285E+00  3.344727E+00  3.454102E+00  3.554688E+00  3.753418E+00  4.176270E+00  5.008301E+00  6.654785E+00
  9.872559E+00  1.584033E+01  2.604297E+01  4.084912E+01  5.788696E+01  7.317383E+01  8.437714E+01  9.134357E+01  9.513084E+01  9.685596E+01
  3.967773E+00  3.973633E+00  4.095215E+00  4.235840E+00  4.504395E+00  5.020020E+00  6.067383E+00  8.109863E+00  1.203955E+01  1.912695E+01
  3.051953E+01  4.562891E+01  6.165210E+01  7.559204E+01  8.578400E+01  9.212119E+01  9.556664E+01  9.713593E+01  5.041992E+00  5.043945E+00
  5.221680E+00  5.409180E+00  5.779297E+00  6.498047E+00  7.944336E+00  1.071387E+01  1.588086E+01  2.456201E+01  3.716699E+01  5.181396E+01
  6.614868E+01  7.844751E+01  8.744666E+01  9.304120E+01  9.608252E+01  9.746793E+01  7.188477E+00  7.183594E+00  7.489258E+00  7.800781E+00
  8.384766E+00  9.558594E+00  1.183398E+01  1.600293E+01  2.319531E+01  3.381055E+01  4.658105E+01  5.927441E+01  7.131348E+01  8.173047E+01
  8.935669E+01  9.409808E+01  9.667596E+01  9.785034E+01  1.318555E+01  1.317578E+01  1.384961E+01  1.449414E+01  1.573633E+01  1.808594E+01
  2.233008E+01  2.921289E+01  3.868555E+01  4.889258E+01  5.845117E+01  6.784082E+01  7.726465E+01  8.551367E+01  9.156055E+01  9.531897E+01
  9.736218E+01  9.829346E+01  4.951562E+01  4.951562E+01  5.035938E+01  5.087500E+01  5.176562E+01  5.304688E+01  5.465625E+01  5.701562E+01
  6.021875E+01  6.451562E+01  7.015625E+01  7.657812E+01  8.330469E+01  8.940625E+01  9.383594E+01  9.658594E+01  9.807715E+01  9.875488E+01
  2.585938E+00  2.586914E+00  2.636719E+00  2.717285E+00  2.854492E+00  3.148438E+00  3.737305E+00  4.878418E+00  7.179688E+00  1.162354E+01
  1.973438E+01  3.305298E+01  5.086145E+01  6.842969E+01  8.157910E+01  8.978528E+01  9.424362E+01  9.626744E+01  2.630859E+00  2.633301E+00
  2.683105E+00  2.768555E+00  2.896484E+00  3.199707E+00  3.807129E+00  4.970215E+00  7.304199E+00  1.184521E+01  2.005737E+01  3.348291E+01
  5.128210E+01  6.872180E+01  8.174982E+01  8.987970E+01  9.429654E+01  9.630154E+01  2.750977E+00  2.753418E+00  2.814941E+00  2.902344E+00
  3.050781E+00  3.373047E+00  3.999023E+00  5.252441E+00  7.723145E+00  1.250146E+01  2.107056E+01  3.480469E+01  5.255017E+01  6.959302E+01
  8.225842E+01  9.016110E+01  9.445428E+01  9.640312E+01  2.952637E+00  2.955566E+00  3.058594E+00  3.139648E+00  3.324707E+00  3.662109E+00
  4.364258E+00  5.766602E+00  8.518066E+00  1.371582E+01  2.291431E+01  3.711841E+01  5.467139E+01  7.102246E+01  8.309229E+01  9.062247E+01
  9.471300E+01  9.656985E+01  3.342285E+00  3.344727E+00  3.452148E+00  3.553223E+00  3.751465E+00  4.164062E+00  4.991211E+00  6.619141E+00
  9.799805E+00  1.574365E+01  2.583691E+01  4.057788E+01  5.763965E+01  7.297656E+01  8.423120E+01  9.125235E+01  9.506664E+01  9.679791E+01
  3.967773E+00  3.976562E+00  4.089844E+00  4.236328E+00  4.499512E+00  5.009277E+00  6.041016E+00  8.061035E+00  1.196875E+01  1.899316E+01
  3.028223E+01  4.535620E+01  6.142578E+01  7.541345E+01  8.565015E+01  9.203741E+01  9.550798E+01  9.708287E+01  5.041992E+00  5.048828E+00
  5.221680E+00  5.405273E+00  5.771484E+00  6.474609E+00  7.920898E+00  1.065527E+01  1.573730E+01  2.439014E+01  3.689941E+01  5.155811E+01
  6.595020E+01  7.828906E+01  8.732715E+01  9.296722E+01  9.603052E+01  9.742073E+01  7.188477E+00  7.192383E+00  7.487305E+00  7.798828E+00
  8.372070E+00  9.516602E+00  1.176074E+01  1.588281E+01  2.299414E+01  3.359473E+01  4.631738E+01  5.905811E+01  7.114502E+01  8.159497E+01
  8.925281E+01  9.403308E+01  9.663104E+01  9.780969E+01  1.318555E+01  1.318555E+01  1.383789E+01  1.448242E+01  1.569531E+01  1.799414E+01
  2.218750E+01  2.900586E+01  3.843164E+01  4.870703E+01  5.824805E+01  6.766602E+01  7.712793E+01  8.540479E+01  9.147510E+01  9.526489E+01
  9.732593E+01  9.826056E+01  4.951562E+01  4.954688E+01  5.039062E+01  5.089062E+01  5.170312E+01  5.303125E+01  5.467188E+01  5.689062E+01
  6.014062E+01  6.448438E+01  7.003125E+01  7.645312E+01  8.321094E+01  8.933203E+01  9.377734E+01  9.654785E+01  9.805127E+01  9.873096E+01
  4.686073E+00  4.802861E+00  5.002797E+00  5.293472E+00  5.532216E+00  6.331386E+00  8.115882E+00  1.107735E+01  1.591565E+01  2.379239E+01
  3.535525E+01  4.999796E+01  6.551521E+01  7.861945E+01  8.787657E+01  9.348527E+01  9.661490E+01  9.824772E+01  4.686073E+00  4.849418E+00
  5.069015E+00  5.214993E+00  5.537929E+00  6.404597E+00  7.940898E+00  1.081433E+01  1.560521E+01  2.325319E+01  3.475932E+01  4.918462E+01
  6.475188E+01  7.806062E+01  8.750272E+01  9.326909E+01  9.647541E+01  9.814095E+01  4.686073E+00  4.794326E+00  5.020700E+00  5.198272E+00
  5.489911E+00  6.298598E+00  7.863032E+00  1.072965E+01  1.543285E+01  2.306842E+01  3.450045E+01  4.886546E+01  6.444906E+01  7.784452E+01
  8.734165E+01  9.317518E+01  9.640835E+01  9.808012E+01  4.686073E+00  4.821164E+00  5.023757E+00  5.155378E+00  5.500052E+00  6.303094E+00
  7.853802E+00  1.065499E+01  1.534185E+01  2.288518E+01  3.430021E+01  4.866267E+01  6.423750E+01  7.767096E+01  8.722695E+01  9.310510E+01
  9.635700E+01  9.802199E+01  4.686073E+00  4.790908E+00  5.073521E+00  5.226467E+00  5.558706E+00  6.341204E+00  7.784956E+00  1.064544E+01
  1.527051E+01  2.277111E+01  3.407066E+01  4.847270E+01  6.404292E+01  7.751122E+01  8.712681E+01  9.304020E+01  9.630759E+01  9.796804E+01
  4.686073E+00  4.805042E+00  5.011087E+00  5.191908E+00  5.540299E+00  6.323980E+00  7.781027E+00  1.056954E+01  1.517573E+01  2.264357E+01
  3.390742E+01  4.819030E+01  6.378333E+01  7.732746E+01  8.700661E+01  9.295962E+01  9.625059E+01  9.791071E+01  4.686073E+00  4.825223E+00
  5.065250E+00  5.213039E+00  5.435938E+00  6.306907E+00  7.796629E+00  1.048150E+01  1.512240E+01  2.244131E+01  3.365379E+01  4.789209E+01
  6.353903E+01  7.710723E+01  8.686146E+01  9.286952E+01  9.618869E+01  9.785118E+01  4.686073E+00  4.806317E+00  5.069402E+00  5.115158E+00
  5.460338E+00  6.295519E+00  7.726243E+00  1.044681E+01  1.488121E+01  2.223838E+01  3.341280E+01  4.758727E+01  6.319505E+01  7.686939E+01
  8.670164E+01  9.277290E+01  9.611818E+01  9.778731E+01  4.686073E+00  4.837907E+00  5.024734E+00  5.074528E+00  5.496977E+00  6.068244E+00
  7.512209E+00  9.980649E+00  1.432083E+01  2.138836E+01  3.218090E+01  4.617463E+01  6.170921E+01  7.566753E+01  8.592685E+01  9.230879E+01
  9.585623E+01  9.761450E+01  4.686073E+00  4.753874E+00  5.006853E+00  5.108881E+00  5.454230E+00  6.045918E+00  7.459201E+00  9.901542E+00
  1.413474E+01  2.107417E+01  3.169153E+01  4.560676E+01  6.118060E+01  7.526615E+01  8.563387E+01  9.213354E+01  9.574554E+01  9.752711E+01
  4.686073E+00  4.724771E+00  4.983294E+00  5.088032E+00  5.453689E+00  6.025626E+00  7.426050E+00  9.610436E+00  1.393561E+01  2.074029E+01
  3.113953E+01  4.500285E+01  6.061888E+01  7.477646E+01  8.532333E+01  9.194585E+01  9.562273E+01  9.744022E+01  4.686073E+00  4.757986E+00
  4.958669E+00  5.046838E+00  5.449129E+00  6.010801E+00  7.218956E+00  9.621291E+00  1.382065E+01  2.057782E+01  3.101607E+01  4.478810E+01
  6.041302E+01  7.460362E+01  8.520151E+01  9.186282E+01  9.556358E+01  9.738553E+01  4.686073E+00  4.792905E+00  4.930277E+00  5.131410E+00
  5.463991E+00  6.010559E+00  7.420334E+00  9.673904E+00  1.397828E+01  2.072732E+01  3.111399E+01  4.498703E+01  6.062006E+01  7.474170E+01
  8.529999E+01  9.192569E+01  9.558205E+01  9.736787E+01  4.686073E+00  4.824306E+00  5.001455E+00  5.090340E+00  5.467052E+00  5.994548E+00
  7.448087E+00  9.677777E+00  1.397259E+01  2.088411E+01  3.129686E+01  4.515751E+01  6.082090E+01  7.494676E+01  8.541086E+01  9.197866E+01
  9.559962E+01  9.735477E+01  4.686073E+00  4.818041E+00  4.982555E+00  5.088452E+00  5.398620E+00  6.019063E+00  7.442434E+00  9.740260E+00
  1.402133E+01  2.098509E+01  3.144181E+01  4.537183E+01  6.100476E+01  7.508551E+01  8.550986E+01  9.201839E+01  9.561536E+01  9.733335E+01
  4.686073E+00  4.857186E+00  4.988459E+00  5.076373E+00  5.457158E+00  6.014945E+00  7.472461E+00  9.862526E+00  1.407655E+01  2.106961E+01
  3.168264E+01  4.558359E+01  6.116484E+01  7.522643E+01  8.560395E+01  9.207372E+01  9.562859E+01  9.731525E+01  4.686073E+00  4.771122E+00
  4.976864E+00  5.111096E+00  5.440922E+00  6.051334E+00  7.511871E+00  9.893436E+00  1.418838E+01  2.117337E+01  3.185163E+01  4.572093E+01
  6.133193E+01  7.535367E+01  8.569862E+01  9.211977E+01  9.563800E+01  9.729657E+01  4.686073E+00  4.840890E+00  4.964766E+00  5.140292E+00
  5.448253E+00  6.062720E+00  7.522056E+00  9.947147E+00  1.417218E+01  2.126107E+01  3.200906E+01  4.591258E+01  6.152082E+01  7.550648E+01
  8.578226E+01  9.216900E+01  9.564575E+01  9.727515E+01  4.686073E+00  4.845812E+00  4.958120E+00  5.070205E+00  5.461510E+00  6.002154E+00
  7.611550E+00  1.000223E+01  1.431236E+01  2.135196E+01  3.213601E+01  4.612778E+01  6.169191E+01  7.564144E+01  8.587450E+01  9.221121E+01
  9.565688E+01  9.725204E+01  4.686073E+00  4.770725E+00  4.966307E+00  5.108197E+00  5.400902E+00  6.039751E+00  7.530276E+00  9.967478E+00
  1.427164E+01  2.130453E+01  3.208285E+01  4.600866E+01  6.162852E+01  7.556887E+01  8.582198E+01  9.217634E+01  9.562168E+01  9.720624E+01
  4.686073E+00  4.768065E+00  5.015176E+00  5.151994E+00  5.407311E+00  6.076089E+00  7.518888E+00  9.910352E+00  1.413396E+01  2.119352E+01
  3.186755E+01  4.577619E+01  6.138921E+01  7.540343E+01  8.570377E+01  9.209193E+01  9.556622E+01  9.715266E+01  4.686073E+00  4.807713E+00
  4.983931E+00  5.095977E+00  5.450078E+00  6.049927E+00  7.506170E+00  9.892759E+00  1.410986E+01  2.108091E+01  3.167544E+01  4.557983E+01
  6.117630E+01  7.521693E+01  8.557621E+01  9.201505E+01  9.550523E+01  9.709916E+01  4.686073E+00  4.844988E+00  5.035594E+00  5.141426E+00
  5.408751E+00  6.029699E+00  7.476090E+00  9.752621E+00  1.403873E+01  2.098302E+01  3.140467E+01  4.530632E+01  6.095199E+01  7.503506E+01
  8.544127E+01  9.193303E+01  9.544794E+01  9.704461E+01
