  6.387063E-01
          18 10.0000000
 -2.000000E+01 -1.000000E+01 -2.107210E+00 -1.806180E+00 -1.505150E+00 -1.204120E+00 -9.030900E-01 -6.020600E-01 -3.010300E-01  0.000000E+00
  3.010300E-01  6.020600E-01  9.030900E-01  1.204120E+00  1.505150E+00  1.806180E+00  2.107210E+00  2.408240E+00
          10 10.0000000
  0.000000E+00  1.000000E+01  2.000000E+01  3.000000E+01  4.000000E+01  5.000000E+01  6.000000E+01  7.000000E+01  8.000000E+01  8.900000E+01
          23  4.0000000
  4.000000E+00  8.000000E+00  1.200000E+01  1.600000E+01  2.000000E+01  2.400000E+01  2.800000E+01  3.200000E+01  3.600000E+01  4.000000E+01
  4.400000E+01  4.800000E+01  5.200000E+01  5.600000E+01  6.000000E+01  6.400000E+01  6.800000E+01  7.200000E+01  7.600000E+01  8.000000E+01
  8.400000E+01  8.800000E+01  9.200000E+01
  2.558887E+00  2.558350E+00  2.639133E+00  2.721541E+00  2.883882E+00  3.210343E+00  3.865889E+00  5.182881E+00  7.828861E+00  1.302236E+01
  2.254532E+01  3.770712E+01  5.632662E+01  7.295660E+01  8.466158E+01  9.177106E+01  9.571336E+01  9.777747E+01  2.597942E+00  2.597388E+00
  2.679496E+00  2.764358E+00  2.930406E+00  3.264596E+00  3.937193E+00  5.284350E+00  7.988189E+00  1.327964E+01  2.293707E+01  3.818310E+01
  5.672497E+01  7.320910E+01  8.480458E+01  9.184787E+01  9.575328E+01  9.779817E+01  2.718668E+00  2.718178E+00  2.807065E+00  2.897937E+00
  3.077109E+00  3.438020E+00  4.159713E+00  5.604567E+00  8.491007E+00  1.409015E+01  2.415571E+01  3.962520E+01  5.791299E+01  7.395942E+01
  8.523019E+01  9.207613E+01  9.587219E+01  9.785977E+01  2.943823E+00  2.943189E+00  3.043406E+00  3.145197E+00  3.349725E+00  3.759099E+00
  4.573391E+00  6.200426E+00  9.429320E+00  1.559562E+01  2.634612E+01  4.209750E+01  5.987621E+01  7.518916E+01  8.592770E+01  9.245048E+01
  9.606699E+01  9.796082E+01  3.315447E+00  3.314506E+00  3.435895E+00  3.559676E+00  3.801696E+00  4.292580E+00  5.268287E+00  7.208346E+00
  1.100930E+01  1.807354E+01  2.976583E+01  4.567339E+01  6.257789E+01  7.686902E+01  8.688058E+01  9.296159E+01  9.633314E+01  9.809882E+01
  3.925609E+00  3.925156E+00  4.084095E+00  4.242888E+00  4.560492E+00  5.196419E+00  6.459242E+00  8.941440E+00  1.367686E+01  2.205395E+01
  3.477645E+01  5.039217E+01  6.596564E+01  7.896530E+01  8.806952E+01  9.359936E+01  9.666523E+01  9.827093E+01  4.991780E+00  4.990998E+00
  5.222926E+00  5.458541E+00  5.922495E+00  6.843657E+00  8.650228E+00  1.210294E+01  1.836113E+01  2.843076E+01  4.177645E+01  5.621748E+01
  6.998750E+01  8.145081E+01  8.947921E+01  9.435567E+01  9.705901E+01  9.847513E+01  7.130517E+00  7.129050E+00  7.534215E+00  7.940850E+00
  8.737079E+00  1.028744E+01  1.322283E+01  1.849145E+01  2.700003E+01  3.846358E+01  5.087810E+01  6.303753E+01  7.463349E+01  8.432127E+01
  9.110732E+01  9.522912E+01  9.751381E+01  9.871095E+01  1.310816E+01  1.310804E+01  1.402427E+01  1.492371E+01  1.663460E+01  1.979784E+01
  2.521519E+01  3.332000E+01  4.314309E+01  5.267283E+01  6.164934E+01  7.090788E+01  8.000979E+01  8.764342E+01  9.299175E+01  9.624004E+01
  9.804033E+01  9.898404E+01  4.947348E+01  4.946362E+01  5.041046E+01  5.116799E+01  5.228129E+01  5.369473E+01  5.553806E+01  5.812255E+01
  6.170543E+01  6.640323E+01  7.214590E+01  7.873191E+01  8.535275E+01  9.095383E+01  9.486576E+01  9.724612E+01  9.856471E+01  9.925585E+01
  2.558887E+00  2.537655E+00  2.638926E+00  2.717903E+00  2.878749E+00  3.196933E+00  3.843232E+00  5.134922E+00  7.711923E+00  1.276027E+01
  2.204247E+01  3.689509E+01  5.542019E+01  7.223395E+01  8.419048E+01  9.148797E+01  9.554202E+01  9.764735E+01  2.597942E+00  2.575469E+00
  2.679212E+00  2.760197E+00  2.925346E+00  3.251656E+00  3.911926E+00  5.233590E+00  7.865986E+00  1.300855E+01  2.242036E+01  3.736411E+01
  5.582370E+01  7.249274E+01  8.433765E+01  9.156738E+01  9.558356E+01  9.766922E+01  2.718668E+00  2.694471E+00  2.806120E+00  2.893258E+00
  3.071470E+00  3.421535E+00  4.130664E+00  5.546000E+00  8.351769E+00  1.379362E+01  2.360366E+01  3.879106E+01  5.703027E+01  7.326261E+01
  8.477628E+01  9.180336E+01  9.570713E+01  9.773439E+01  2.943823E+00  2.919788E+00  3.042117E+00  3.139955E+00  3.341722E+00  3.739286E+00
  4.536795E+00  6.125454E+00  9.258111E+00  1.524489E+01  2.573334E+01  4.124790E+01  5.902578E+01  7.452483E+01  8.549488E+01  9.219018E+01
  9.590965E+01  9.784117E+01  3.315447E+00  3.287832E+00  3.433450E+00  3.550792E+00  3.789623E+00  4.265388E+00  5.217734E+00  7.104380E+00
  1.078331E+01  1.763436E+01  2.906914E+01  4.481843E+01  6.177742E+01  7.624878E+01  8.647649E+01  9.271847E+01  9.618623E+01  9.798703E+01
  3.925609E+00  3.893334E+00  4.079974E+00  4.231391E+00  4.542104E+00  5.153814E+00  6.378392E+00  8.779863E+00  1.335344E+01  2.148223E+01
  3.399784E+01  4.956723E+01  6.523017E+01  7.839937E+01  8.770082E+01  9.337749E+01  9.653133E+01  9.816900E+01  4.991780E+00  4.950340E+00
  5.214862E+00  5.438523E+00  5.886312E+00  6.767032E+00  8.507351E+00  1.183447E+01  1.787108E+01  2.769678E+01  4.096002E+01  5.546655E+01
  6.933332E+01  8.094765E+01  8.915186E+01  9.415862E+01  9.694035E+01  9.838477E+01  7.130517E+00  7.071425E+00  7.514434E+00  7.896783E+00
  8.658012E+00  1.012847E+01  1.294045E+01  1.800951E+01  2.627705E+01  3.762441E+01  5.014846E+01  6.239779E+01  7.407150E+01  8.388828E+01
  9.082600E+01  9.505991E+01  9.741234E+01  9.863375E+01  1.310816E+01  1.299800E+01  1.397200E+01  1.481438E+01  1.644075E+01  1.943857E+01
  2.464750E+01  3.256061E+01  4.236164E+01  5.202568E+01  6.109560E+01  7.038377E+01  7.954843E+01  8.729022E+01  9.276261E+01  9.610283E+01
  9.795834E+01  9.892196E+01  4.947348E+01  4.878035E+01  5.035240E+01  5.108220E+01  5.216346E+01  5.354190E+01  5.536448E+01  5.792003E+01
  6.140932E+01  6.606397E+01  7.178488E+01  7.834692E+01  8.502248E+01  9.069802E+01  9.470049E+01  9.714628E+01  9.850359E+01  9.921014E+01
  2.558887E+00  2.559263E+00  2.637612E+00  2.716498E+00  2.875446E+00  3.193327E+00  3.831338E+00  5.118094E+00  7.664636E+00  1.265493E+01
  2.181763E+01  3.655914E+01  5.502636E+01  7.193142E+01  8.398866E+01  9.136443E+01  9.545409E+01  9.756366E+01  2.597942E+00  2.598452E+00
  2.677611E+00  2.758534E+00  2.922246E+00  3.247270E+00  3.899599E+00  5.216124E+00  7.817070E+00  1.289938E+01  2.219171E+01  3.702525E+01
  5.543253E+01  7.219322E+01  8.413799E+01  9.144489E+01  9.549640E+01  9.758634E+01  2.718668E+00  2.718704E+00  2.804538E+00  2.891915E+00
  3.067990E+00  3.416686E+00  4.116840E+00  5.525604E+00  8.297894E+00  1.367289E+01  2.335976E+01  3.844635E+01  5.664607E+01  7.297128E+01
  8.458191E+01  9.168427E+01  9.562228E+01  9.765373E+01  2.943823E+00  2.943254E+00  3.040227E+00  3.137945E+00  3.337812E+00  3.732884E+00
  4.519763E+00  6.097908E+00  9.190815E+00  1.510134E+01  2.546268E+01  4.089369E+01  5.865419E+01  7.424700E+01  8.530972E+01  9.207665E+01
  9.582866E+01  9.776418E+01  3.315447E+00  3.315001E+00  3.431446E+00  3.548584E+00  3.784270E+00  4.256532E+00  5.194241E+00  7.066512E+00
  1.069322E+01  1.745700E+01  2.876557E+01  4.446201E+01  6.142679E+01  7.598971E+01  8.630351E+01  9.261249E+01  9.611055E+01  9.791504E+01
  3.925609E+00  3.924809E+00  4.077337E+00  4.227592E+00  4.532946E+00  5.139267E+00  6.343915E+00  8.722654E+00  1.322551E+01  2.125401E+01
  3.365688E+01  4.922159E+01  6.490829E+01  7.816290E+01  8.754314E+01  9.328082E+01  9.646217E+01  9.810330E+01  4.991780E+00  4.990391E+00
  5.209771E+00  5.431375E+00  5.870124E+00  6.738730E+00  8.445877E+00  1.173159E+01  1.767576E+01  2.740068E+01  4.060189E+01  5.515409E+01
  6.904644E+01  8.073835E+01  8.901195E+01  9.407283E+01  9.687891E+01  9.832649E+01  7.130517E+00  7.127168E+00  7.504933E+00  7.880280E+00
  8.622500E+00  1.007040E+01  1.282360E+01  1.782718E+01  2.598288E+01  3.728155E+01  4.981953E+01  6.213056E+01  7.382246E+01  8.370805E+01
  9.070583E+01  9.498632E+01  9.735965E+01  9.858402E+01  1.310816E+01  1.310182E+01  1.394883E+01  1.477487E+01  1.636743E+01  1.930173E+01
  2.441280E+01  3.226569E+01  4.203055E+01  5.175905E+01  6.084205E+01  7.016738E+01  7.934203E+01  8.714235E+01  9.266516E+01  9.604298E+01
  9.791573E+01  9.888210E+01  4.947348E+01  4.944515E+01  5.033308E+01  5.104673E+01  5.211551E+01  5.348721E+01  5.529024E+01  5.781956E+01
  6.129067E+01  6.592231E+01  7.161416E+01  7.820216E+01  8.487205E+01  9.058559E+01  9.463007E+01  9.710260E+01  9.847227E+01  9.918110E+01
  2.558887E+00  2.557203E+00  2.637721E+00  2.716094E+00  2.874546E+00  3.190550E+00  3.823680E+00  5.102979E+00  7.627290E+00  1.259855E+01
  2.167758E+01  3.633179E+01  5.476696E+01  7.172193E+01  8.384914E+01  9.127289E+01  9.538691E+01  9.749638E+01  2.597942E+00  2.596437E+00
  2.677726E+00  2.758183E+00  2.921196E+00  3.244556E+00  3.891963E+00  5.199916E+00  7.778301E+00  1.284060E+01  2.204801E+01  3.679572E+01
  5.517469E+01  7.198547E+01  8.399965E+01  9.135418E+01  9.542981E+01  9.751965E+01  2.718668E+00  2.716776E+00  2.804872E+00  2.891303E+00
  3.066926E+00  3.413345E+00  4.107782E+00  5.507077E+00  8.254361E+00  1.360733E+01  2.320528E+01  3.821280E+01  5.639318E+01  7.276945E+01
  8.444751E+01  9.159600E+01  9.555752E+01  9.758884E+01  2.943823E+00  2.941644E+00  3.040480E+00  3.137153E+00  3.335896E+00  3.728603E+00
  4.507926E+00  6.076947E+00  9.138864E+00  1.502318E+01  2.529189E+01  4.065300E+01  5.841051E+01  7.405470E+01  8.518147E+01  9.199234E+01
  9.576682E+01  9.770225E+01  3.315447E+00  3.312797E+00  3.431292E+00  3.546962E+00  3.781798E+00  4.249030E+00  5.180171E+00  7.036066E+00
  1.062634E+01  1.735586E+01  2.856947E+01  4.421714E+01  6.119593E+01  7.581000E+01  8.618391E+01  9.253365E+01  9.605271E+01  9.785719E+01
  3.925609E+00  3.922840E+00  4.076899E+00  4.225231E+00  4.528406E+00  5.130112E+00  6.320622E+00  8.676440E+00  1.313046E+01  2.111826E+01
  3.343782E+01  4.898171E+01  6.469797E+01  7.799910E+01  8.743417E+01  9.320882E+01  9.640932E+01  9.805050E+01  4.991780E+00  4.989075E+00
  5.208180E+00  5.426847E+00  5.862345E+00  6.719720E+00  8.407088E+00  1.165631E+01  1.753585E+01  2.722237E+01  4.036860E+01  5.493592E+01
  6.886024E+01  8.059254E+01  8.891506E+01  9.400882E+01  9.683199E+01  9.827971E+01  7.130517E+00  7.125444E+00  7.501655E+00  7.871381E+00
  8.604302E+00  1.003243E+01  1.274586E+01  1.769163E+01  2.577431E+01  3.707354E+01  4.960789E+01  6.194497E+01  7.366132E+01  8.358279E+01
  9.062303E+01  9.493122E+01  9.731951E+01  9.854420E+01  1.310816E+01  1.309956E+01  1.393958E+01  1.474800E+01  1.631388E+01  1.921051E+01
  2.425644E+01  3.205100E+01  4.179504E+01  5.160194E+01  6.068625E+01  7.001909E+01  7.921070E+01  8.704060E+01  9.259776E+01  9.599789E+01
  9.788346E+01  9.885034E+01  4.947348E+01  4.944420E+01  5.032265E+01  5.101730E+01  5.209436E+01  5.345096E+01  5.524544E+01  5.774718E+01
  6.120042E+01  6.584245E+01  7.150311E+01  7.808338E+01  8.478658E+01  9.050966E+01  9.458058E+01  9.706586E+01  9.844910E+01  9.915849E+01
  2.558887E+00  2.557250E+00  2.637431E+00  2.715448E+00  2.872662E+00  3.188137E+00  3.816529E+00  5.090071E+00  7.602588E+00  1.253040E+01
  2.158714E+01  3.614578E+01  5.454884E+01  7.154140E+01  8.372684E+01  9.119373E+01  9.532587E+01  9.742373E+01  2.597942E+00  2.596007E+00
  2.677541E+00  2.757421E+00  2.919428E+00  3.242068E+00  3.885318E+00  5.186841E+00  7.751264E+00  1.277126E+01  2.195456E+01  3.660742E+01
  5.495778E+01  7.180647E+01  8.387848E+01  9.127577E+01  9.536935E+01  9.744762E+01  2.718668E+00  2.715700E+00  2.804554E+00  2.890535E+00
  3.065110E+00  3.410500E+00  4.100257E+00  5.492093E+00  8.224086E+00  1.353072E+01  2.310405E+01  3.801937E+01  5.617982E+01  7.259534E+01
  8.432962E+01  9.151973E+01  9.549868E+01  9.751878E+01  2.943823E+00  2.941476E+00  3.040175E+00  3.135482E+00  3.333452E+00  3.724793E+00
  4.497909E+00  6.058988E+00  9.102330E+00  1.493401E+01  2.517702E+01  4.045616E+01  5.820438E+01  7.388837E+01  8.506903E+01  9.191959E+01
  9.571065E+01  9.763541E+01  3.315447E+00  3.312664E+00  3.430774E+00  3.545331E+00  3.778166E+00  4.243473E+00  5.166811E+00  7.010666E+00
  1.057721E+01  1.724695E+01  2.843654E+01  4.401731E+01  6.100137E+01  7.565473E+01  8.607890E+01  9.246560E+01  9.600014E+01  9.779470E+01
  3.925609E+00  3.922545E+00  4.075926E+00  4.223104E+00  4.522590E+00  5.121477E+00  6.302241E+00  8.638884E+00  1.306004E+01  2.097852E+01
  3.328422E+01  4.878727E+01  6.451981E+01  7.785762E+01  8.733824E+01  9.314671E+01  9.636136E+01  9.799350E+01  4.991780E+00  4.987315E+00
  5.206026E+00  5.422895E+00  5.852980E+00  6.704147E+00  8.372239E+00  1.159539E+01  1.742680E+01  2.704089E+01  4.020408E+01  5.475728E+01
  6.870199E+01  8.046677E+01  8.882993E+01  9.395361E+01  9.678937E+01  9.822916E+01  7.130517E+00  7.124657E+00  7.497090E+00  7.861962E+00
  8.585798E+00  9.997875E+00  1.267972E+01  1.758036E+01  2.561283E+01  3.685963E+01  4.946057E+01  6.179243E+01  7.352482E+01  8.347451E+01
  9.054950E+01  9.488378E+01  9.728300E+01  9.850113E+01  1.310816E+01  1.309403E+01  1.392866E+01  1.472538E+01  1.626638E+01  1.913229E+01
  2.412520E+01  3.187021E+01  4.160991E+01  5.143073E+01  6.058304E+01  6.989431E+01  7.909882E+01  8.695200E+01  9.253764E+01  9.595943E+01
  9.785401E+01  9.881599E+01  4.947348E+01  4.943350E+01  5.031064E+01  5.099820E+01  5.205598E+01  5.342826E+01  5.518836E+01  5.769882E+01
  6.113890E+01  6.576501E+01  7.144702E+01  7.800455E+01  8.470553E+01  9.044740E+01  9.453552E+01  9.703750E+01  9.842822E+01  9.913333E+01
  2.558887E+00  2.562505E+00  2.637352E+00  2.714470E+00  2.870686E+00  3.184021E+00  3.810588E+00  5.073046E+00  7.571762E+00  1.245468E+01
  2.142987E+01  3.590488E+01  5.426331E+01  7.131159E+01  8.357339E+01  9.109528E+01  9.525435E+01  9.734952E+01  2.597942E+00  2.601406E+00
  2.677538E+00  2.756532E+00  2.917160E+00  3.237681E+00  3.878825E+00  5.169920E+00  7.719928E+00  1.269248E+01  2.179428E+01  3.636486E+01
  5.467401E+01  7.157868E+01  8.372649E+01  9.117816E+01  9.529845E+01  9.737411E+01  2.718668E+00  2.722320E+00  2.804533E+00  2.889506E+00
  3.062555E+00  3.405814E+00  4.092827E+00  5.471613E+00  8.188864E+00  1.344424E+01  2.293309E+01  3.777085E+01  5.590064E+01  7.237352E+01
  8.418172E+01  9.142472E+01  9.542965E+01  9.744717E+01  2.943823E+00  2.947816E+00  3.039941E+00  3.134178E+00  3.330601E+00  3.718530E+00
  4.488286E+00  6.033531E+00  9.057943E+00  1.483181E+01  2.498645E+01  4.020059E+01  5.793446E+01  7.367675E+01  8.492793E+01  9.182880E+01
  9.564472E+01  9.756704E+01  3.315447E+00  3.320110E+00  3.430216E+00  3.543290E+00  3.773873E+00  4.235410E+00  5.152390E+00  6.978160E+00
  1.051746E+01  1.711868E+01  2.822049E+01  4.375777E+01  6.074571E+01  7.545680E+01  8.594687E+01  9.238071E+01  9.593851E+01  9.773074E+01
  3.925609E+00  3.929721E+00  4.075029E+00  4.220274E+00  4.516509E+00  5.108621E+00  6.280908E+00  8.589337E+00  1.297350E+01  2.081150E+01
  3.303838E+01  4.853279E+01  6.428419E+01  7.767651E+01  8.721766E+01  9.306911E+01  9.630502E+01  9.793514E+01  4.991780E+00  4.997678E+00
  5.203983E+00  5.417705E+00  5.841437E+00  6.682792E+00  8.334278E+00  1.151201E+01  1.729304E+01  2.682123E+01  3.993933E+01  5.452430E+01
  6.849237E+01  8.030530E+01  8.872264E+01  9.388449E+01  9.673931E+01  9.817744E+01  7.130517E+00  7.138449E+00  7.492253E+00  7.850518E+00
  8.563076E+00  9.952881E+00  1.260341E+01  1.743808E+01  2.540635E+01  3.660152E+01  4.921532E+01  6.159607E+01  7.334302E+01  8.333499E+01
  9.045715E+01  9.482427E+01  9.724004E+01  9.845696E+01  1.310816E+01  1.312458E+01  1.391250E+01  1.469770E+01  1.620635E+01  1.903151E+01
  2.396675E+01  3.164236E+01  4.137755E+01  5.121958E+01  6.039480E+01  6.973339E+01  7.894794E+01  8.683644E+01  9.246219E+01  9.591089E+01
  9.781928E+01  9.878059E+01  4.947348E+01  4.953302E+01  5.030580E+01  5.098082E+01  5.202522E+01  5.337592E+01  5.514005E+01  5.763647E+01
  6.105830E+01  6.565220E+01  7.133314E+01  7.789521E+01  8.459199E+01  9.036197E+01  9.448164E+01  9.700242E+01  9.840221E+01  9.910760E+01
  2.558887E+00  2.557480E+00  2.636669E+00  2.714187E+00  2.869296E+00  3.179376E+00  3.802182E+00  5.051815E+00  7.528921E+00  1.235607E+01
  2.124879E+01  3.560367E+01  5.390709E+01  7.102721E+01  8.338366E+01  9.097657E+01  9.517099E+01  9.727106E+01  2.597942E+00  2.596625E+00
  2.676661E+00  2.756446E+00  2.916024E+00  3.232713E+00  3.870099E+00  5.146843E+00  7.676059E+00  1.259144E+01  2.160842E+01  3.606082E+01
  5.431886E+01  7.129709E+01  8.353835E+01  9.106051E+01  9.521587E+01  9.729632E+01  2.718668E+00  2.717498E+00  2.803679E+00  2.889246E+00
  3.060765E+00  3.399681E+00  4.082500E+00  5.446336E+00  8.138936E+00  1.333258E+01  2.273385E+01  3.745895E+01  5.555149E+01  7.209935E+01
  8.399879E+01  9.131027E+01  9.534926E+01  9.737149E+01  2.943823E+00  2.942161E+00  3.038634E+00  3.133603E+00  3.327848E+00  3.711085E+00
  4.475134E+00  6.002717E+00  8.997975E+00  1.470057E+01  2.476415E+01  3.987719E+01  5.759582E+01  7.341489E+01  8.475333E+01  9.171964E+01
  9.556803E+01  9.749477E+01  3.315447E+00  3.313899E+00  3.428667E+00  3.542063E+00  3.770765E+00  4.225824E+00  5.133853E+00  6.937388E+00
  1.043780E+01  1.695668E+01  2.796515E+01  4.342742E+01  6.042458E+01  7.521204E+01  8.578365E+01  9.227872E+01  9.586682E+01  9.766322E+01
  3.925609E+00  3.923746E+00  4.072175E+00  4.217937E+00  4.510538E+00  5.093738E+00  6.251140E+00  8.528447E+00  1.285964E+01  2.060253E+01
  3.274549E+01  4.820749E+01  6.398838E+01  7.745300E+01  8.706856E+01  9.297601E+01  9.623961E+01  9.787346E+01  4.991780E+00  4.989720E+00
  5.200776E+00  5.412649E+00  5.830131E+00  6.656979E+00  8.284468E+00  1.141278E+01  1.712016E+01  2.654669E+01  3.962264E+01  5.422380E+01
  6.822678E+01  8.010604E+01  8.859000E+01  9.380173E+01  9.668121E+01  9.812268E+01  7.130517E+00  7.126252E+00  7.485067E+00  7.838866E+00
  8.538785E+00  9.896002E+00  1.250458E+01  1.726084E+01  2.514552E+01  3.627355E+01  4.892065E+01  6.133549E+01  7.311254E+01  8.316246E+01
  9.034273E+01  9.475323E+01  9.719032E+01  9.841018E+01  1.310816E+01  1.310007E+01  1.389434E+01  1.466618E+01  1.614248E+01  1.890598E+01
  2.376650E+01  3.135022E+01  4.107416E+01  5.095533E+01  6.016915E+01  6.951856E+01  7.875614E+01  8.669521E+01  9.236886E+01  9.585310E+01
  9.777907E+01  9.874297E+01  4.947348E+01  4.942151E+01  5.028505E+01  5.095787E+01  5.200637E+01  5.334124E+01  5.508726E+01  5.753415E+01
  6.093719E+01  6.549588E+01  7.117937E+01  7.773999E+01  8.445606E+01  9.025653E+01  9.441279E+01  9.696078E+01  9.837299E+01  9.907962E+01
  2.558887E+00  2.559682E+00  2.635950E+00  2.712201E+00  2.866231E+00  3.174679E+00  3.792747E+00  5.033756E+00  7.483158E+00  1.227787E+01
  2.106416E+01  3.529640E+01  5.354847E+01  7.072976E+01  8.317970E+01  9.085147E+01  9.508630E+01  9.719254E+01  2.597942E+00  2.598730E+00
  2.676080E+00  2.754429E+00  2.912473E+00  3.227792E+00  3.860001E+00  5.128295E+00  7.629051E+00  1.250948E+01  2.141989E+01  3.575061E+01
  5.396164E+01  7.100218E+01  8.333630E+01  9.093655E+01  9.513190E+01  9.721851E+01  2.718668E+00  2.719315E+00  2.802962E+00  2.886991E+00
  3.057062E+00  3.395084E+00  4.071457E+00  5.425179E+00  8.085760E+00  1.324232E+01  2.253092E+01  3.714072E+01  5.520054E+01  7.181269E+01
  8.380209E+01  9.118967E+01  9.526761E+01  9.729577E+01  2.943823E+00  2.944871E+00  3.038125E+00  3.131337E+00  3.323334E+00  3.704240E+00
  4.461723E+00  5.976244E+00  8.934559E+00  1.459266E+01  2.453923E+01  3.954948E+01  5.725574E+01  7.314182E+01  8.456556E+01  9.160460E+01
  9.549004E+01  9.742249E+01  3.315447E+00  3.317159E+00  3.427306E+00  3.539004E+00  3.765427E+00  4.217046E+00  5.114329E+00  6.899608E+00
  1.035533E+01  1.681886E+01  2.770743E+01  4.309337E+01  6.010386E+01  7.495690E+01  8.560815E+01  9.217126E+01  9.579395E+01  9.759560E+01
  3.925609E+00  3.926811E+00  4.070132E+00  4.213567E+00  4.502118E+00  5.078455E+00  6.222405E+00  8.473538E+00  1.274451E+01  2.041967E+01
  3.245079E+01  4.787816E+01  6.369422E+01  7.722034E+01  8.690813E+01  9.287793E+01  9.617303E+01  9.781175E+01  4.991780E+00  4.993466E+00
  5.197758E+00  5.404714E+00  5.815144E+00  6.631677E+00  8.233913E+00  1.131985E+01  1.694464E+01  2.630151E+01  3.930528E+01  5.392092E+01
  6.796635E+01  7.989972E+01  8.844717E+01  9.371463E+01  9.662204E+01  9.806791E+01  7.130517E+00  7.131911E+00  7.477046E+00  7.823761E+00
  8.509784E+00  9.843410E+00  1.240466E+01  1.709160E+01  2.487796E+01  3.597447E+01  4.862674E+01  6.107924E+01  7.288863E+01  8.298542E+01
  9.021962E+01  9.467857E+01  9.713955E+01  9.836336E+01  1.310816E+01  1.311156E+01  1.387636E+01  1.462684E+01  1.607450E+01  1.878765E+01
  2.356289E+01  3.107034E+01  4.076565E+01  5.072301E+01  5.995407E+01  6.931156E+01  7.857259E+01  8.654974E+01  9.226784E+01  9.579254E+01
  9.773798E+01  9.870539E+01  4.947348E+01  4.948892E+01  5.027915E+01  5.093545E+01  5.195005E+01  5.330539E+01  5.502404E+01  5.746167E+01
  6.085231E+01  6.539431E+01  7.104354E+01  7.760027E+01  8.432364E+01  9.015757E+01  9.434229E+01  9.691837E+01  9.834294E+01  9.905269E+01
  2.558887E+00  2.557734E+00  2.632681E+00  2.706624E+00  2.855408E+00  3.150499E+00  3.745619E+00  4.930417E+00  7.274674E+00  1.182538E+01
  2.018167E+01  3.382739E+01  5.177058E+01  6.924203E+01  8.218754E+01  9.026329E+01  9.474680E+01  9.698093E+01  2.597942E+00  2.596903E+00
  2.672976E+00  2.748674E+00  2.900492E+00  3.202944E+00  3.810837E+00  5.021539E+00  7.411500E+00  1.204295E+01  2.051638E+01  3.426657E+01
  5.218951E+01  6.952766E+01  8.235323E+01  9.035378E+01  9.479549E+01  9.700883E+01  2.718668E+00  2.718058E+00  2.798690E+00  2.879613E+00
  3.044045E+00  3.365866E+00  4.015304E+00  5.304115E+00  7.842317E+00  1.272925E+01  2.156270E+01  3.561243E+01  5.344858E+01  7.037757E+01
  8.284618E+01  9.062294E+01  9.494038E+01  9.709182E+01  2.943823E+00  2.942937E+00  3.033895E+00  3.124248E+00  3.306140E+00  3.668460E+00
  4.393164E+00  5.828695E+00  8.639841E+00  1.399201E+01  2.345645E+01  3.796059E+01  5.555048E+01  7.177225E+01  8.365398E+01  9.106408E+01
  9.517784E+01  9.722783E+01  3.315447E+00  3.314695E+00  3.421692E+00  3.528066E+00  3.744067E+00  4.169005E+00  5.023499E+00  6.703791E+00
  9.970564E+00  1.607031E+01  2.645956E+01  4.145081E+01  5.848260E+01  7.367777E+01  8.475707E+01  9.166655E+01  9.550227E+01  9.741374E+01
  3.925609E+00  3.924028E+00  4.060120E+00  4.196622E+00  4.469366E+00  5.007847E+00  6.083344E+00  8.185994E+00  1.219910E+01  1.943565E+01
  3.100725E+01  4.623844E+01  6.220081E+01  7.605328E+01  8.613171E+01  9.241750E+01  9.590678E+01  9.764571E+01  4.991780E+00  4.990501E+00
  5.181492E+00  5.374615E+00  5.754496E+00  6.506492E+00  7.994283E+00  1.084932E+01  1.611173E+01  2.499010E+01  3.771204E+01  5.239537E+01
  6.663589E+01  7.886162E+01  8.775717E+01  9.330560E+01  9.638543E+01  9.792037E+01  7.130517E+00  7.127103E+00  7.443671E+00  7.759583E+00
  8.379783E+00  9.595450E+00  1.193760E+01  1.625146E+01  2.358404E+01  3.435849E+01  4.711810E+01  5.977709E+01  7.173840E+01  8.208884E+01
  8.962501E+01  9.432651E+01  9.693593E+01  9.823653E+01  1.310816E+01  1.310465E+01  1.378961E+01  1.445464E+01  1.575843E+01  1.820262E+01
  2.258870E+01  2.964948E+01  3.918525E+01  4.937803E+01  5.884734E+01  6.825695E+01  7.761953E+01  8.581252E+01  9.178090E+01  9.550488E+01
  9.757189E+01  9.860215E+01  4.947348E+01  4.942315E+01  5.017424E+01  5.079453E+01  5.175441E+01  5.303455E+01  5.472750E+01  5.703559E+01
  6.031901E+01  6.473942E+01  7.033366E+01  7.685537E+01  8.363195E+01  8.961945E+01  9.398412E+01  9.670969E+01  9.822390E+01  9.897792E+01
  2.558887E+00  2.557932E+00  2.631989E+00  2.704055E+00  2.851677E+00  3.142828E+00  3.730806E+00  4.894053E+00  7.198638E+00  1.167210E+01
  1.987735E+01  3.332705E+01  5.115157E+01  6.870518E+01  8.182621E+01  9.004056E+01  9.460679E+01  9.687074E+01  2.597942E+00  2.596879E+00
  2.672180E+00  2.746491E+00  2.897133E+00  3.194547E+00  3.795561E+00  4.982937E+00  7.333601E+00  1.188612E+01  2.020529E+01  3.375979E+01
  5.157117E+01  6.899539E+01  8.199525E+01  9.013303E+01  9.465673E+01  9.689962E+01  2.718668E+00  2.717922E+00  2.797815E+00  2.876875E+00
  3.039279E+00  3.356780E+00  3.997511E+00  5.261028E+00  7.755247E+00  1.255566E+01  2.122919E+01  3.508916E+01  5.283665E+01  6.985942E+01
  8.249815E+01  9.040823E+01  9.480534E+01  9.698553E+01  2.943823E+00  2.942868E+00  3.032437E+00  3.121066E+00  3.301011E+00  3.657029E+00
  4.371046E+00  5.777037E+00  8.536643E+00  1.378953E+01  2.308300E+01  3.741294E+01  5.495238E+01  7.127745E+01  8.332220E+01  9.085933E+01
  9.504899E+01  9.712640E+01  3.315447E+00  3.315099E+00  3.420096E+00  3.523765E+00  3.737121E+00  4.153212E+00  4.993805E+00  6.636405E+00
  9.837400E+00  1.581827E+01  2.602905E+01  4.088052E+01  5.791014E+01  7.321546E+01  8.444739E+01  9.147530E+01  9.538182E+01  9.731892E+01
  3.925609E+00  3.924073E+00  4.058107E+00  4.190765E+00  4.458706E+00  4.984695E+00  6.037535E+00  8.087252E+00  1.201109E+01  1.910461E+01
  3.050198E+01  4.566258E+01  6.167295E+01  7.563118E+01  8.584946E+01  9.224297E+01  9.579680E+01  9.755906E+01  4.991780E+00  4.990062E+00
  5.177192E+00  5.363391E+00  5.734283E+00  6.466805E+00  7.915967E+00  1.069124E+01  1.582528E+01  2.454390E+01  3.714289E+01  5.185210E+01
  6.616671E+01  7.848626E+01  8.750642E+01  9.315052E+01  9.628762E+01  9.784335E+01  7.130517E+00  7.128572E+00  7.433251E+00  7.737557E+00
  8.336606E+00  9.511026E+00  1.178593E+01  1.596857E+01  2.313842E+01  3.379371E+01  4.656192E+01  5.931604E+01  7.133435E+01  8.176408E+01
  8.940901E+01  9.419311E+01  9.685178E+01  9.817044E+01  1.310816E+01  1.310407E+01  1.376250E+01  1.439984E+01  1.565748E+01  1.801434E+01
  2.227823E+01  2.916252E+01  3.861876E+01  4.888678E+01  5.843720E+01  6.788579E+01  7.728535E+01  8.554502E+01  9.160340E+01  9.539607E+01
  9.750328E+01  9.854861E+01  4.947348E+01  4.943287E+01  5.014986E+01  5.074496E+01  5.169227E+01  5.297836E+01  5.463527E+01  5.686304E+01
  6.010399E+01  6.452517E+01  7.006734E+01  7.660416E+01  8.338970E+01  8.942955E+01  9.385744E+01  9.663143E+01  9.817366E+01  9.893983E+01
  2.558887E+00  2.557598E+00  2.630537E+00  2.702209E+00  2.846940E+00  3.134164E+00  3.710906E+00  4.856800E+00  7.118659E+00  1.150284E+01
  1.956092E+01  3.277618E+01  5.047605E+01  6.812278E+01  8.142535E+01  8.979415E+01  9.445504E+01  9.675666E+01  2.597942E+00  2.597043E+00
  2.670779E+00  2.744224E+00  2.892085E+00  3.185620E+00  3.774705E+00  4.943574E+00  7.250373E+00  1.171137E+01  1.988189E+01  3.320203E+01
  5.089757E+01  6.841814E+01  8.159801E+01  8.988891E+01  9.450637E+01  9.678658E+01  2.718668E+00  2.717466E+00  2.796286E+00  2.874281E+00
  3.034314E+00  3.347445E+00  3.974819E+00  5.217753E+00  7.664000E+00  1.236598E+01  2.088310E+01  3.451471E+01  5.216715E+01  6.929737E+01
  8.211187E+01  9.017073E+01  9.465907E+01  9.687550E+01  2.943823E+00  2.942860E+00  3.030805E+00  3.118375E+00  3.294094E+00  3.644212E+00
  4.343595E+00  5.724412E+00  8.427777E+00  1.356905E+01  2.269681E+01  3.681267E+01  5.429684E+01  7.074087E+01  8.295380E+01  9.063274E+01
  9.490938E+01  9.702134E+01  3.315447E+00  3.314267E+00  3.417962E+00  3.520150E+00  3.727493E+00  4.137318E+00  4.958103E+00  6.568306E+00
  9.698410E+00  1.554832E+01  2.558240E+01  4.025401E+01  5.728269E+01  7.271423E+01  8.410342E+01  9.126357E+01  9.525134E+01  9.722062E+01
  3.925609E+00  3.923640E+00  4.054290E+00  4.184776E+00  4.444996E+00  4.961241E+00  5.987118E+00  7.989271E+00  1.181929E+01  1.875347E+01
  2.997978E+01  4.502724E+01  6.109202E+01  7.517451E+01  8.553564E+01  9.204970E+01  9.567767E+01  9.746928E+01  4.991780E+00  4.989520E+00
  5.171976E+00  5.352453E+00  5.712816E+00  6.427158E+00  7.831120E+00  1.053219E+01  1.553694E+01  2.407173E+01  3.655230E+01  5.125151E+01
  6.564879E+01  7.808069E+01  8.722762E+01  9.297874E+01  9.618176E+01  9.776351E+01  7.130517E+00  7.127801E+00  7.421296E+00  7.714993E+00
  8.294580E+00  9.430418E+00  1.162413E+01  1.568816E+01  2.268467E+01  3.319483E+01  4.598290E+01  5.880117E+01  7.088879E+01  8.141471E+01
  8.916907E+01  9.404510E+01  9.676073E+01  9.810184E+01  1.310816E+01  1.310128E+01  1.373335E+01  1.434773E+01  1.555364E+01  1.782626E+01
  2.194537E+01  2.867198E+01  3.803502E+01  4.836401E+01  5.801305E+01  6.747666E+01  7.691916E+01  8.525822E+01  9.140723E+01  9.527517E+01
  9.742907E+01  9.849295E+01  4.947348E+01  4.943950E+01  5.012719E+01  5.069875E+01  5.163044E+01  5.289880E+01  5.452427E+01  5.675965E+01
  5.992311E+01  6.427105E+01  6.981628E+01  7.630556E+01  8.313436E+01  8.922289E+01  9.371625E+01  9.654523E+01  9.812056E+01  9.889977E+01
  2.558887E+00  2.558739E+00  2.629880E+00  2.701272E+00  2.845261E+00  3.130484E+00  3.702327E+00  4.840777E+00  7.089156E+00  1.143701E+01
  1.942060E+01  3.256063E+01  5.020290E+01  6.788549E+01  8.126607E+01  8.968937E+01  9.438271E+01  9.668874E+01  2.597942E+00  2.597604E+00
  2.670113E+00  2.743093E+00  2.889957E+00  3.182227E+00  3.765675E+00  4.926686E+00  7.219357E+00  1.164338E+01  1.973783E+01  3.298429E+01
  5.062492E+01  6.818283E+01  8.144025E+01  8.978504E+01  9.443468E+01  9.671919E+01  2.718668E+00  2.718543E+00  2.795653E+00  2.873052E+00
  3.032161E+00  3.343397E+00  3.964958E+00  5.199252E+00  7.630376E+00  1.229218E+01  2.073173E+01  3.428960E+01  5.189679E+01  6.906793E+01
  8.195837E+01  9.006963E+01  9.458926E+01  9.680989E+01  2.943823E+00  2.943670E+00  3.030118E+00  3.116911E+00  3.291761E+00  3.639450E+00
  4.332238E+00  5.703266E+00  8.387282E+00  1.348485E+01  2.252972E+01  3.657745E+01  5.403099E+01  7.052135E+01  8.280750E+01  9.053616E+01
  9.484274E+01  9.695869E+01  3.315447E+00  3.315342E+00  3.417064E+00  3.518260E+00  3.723979E+00  4.131437E+00  4.942197E+00  6.541039E+00
  9.646606E+00  1.544339E+01  2.539301E+01  4.000929E+01  5.702725E+01  7.250890E+01  8.396674E+01  9.117324E+01  9.518896E+01  9.716203E+01
  3.925609E+00  3.924505E+00  4.053002E+00  4.182211E+00  4.440344E+00  4.952299E+00  5.965974E+00  7.951882E+00  1.174942E+01  1.862059E+01
  2.976070E+01  4.477745E+01  6.085412E+01  7.498626E+01  8.541090E+01  9.196703E+01  9.562064E+01  9.741571E+01  4.991780E+00  4.990862E+00
  5.169574E+00  5.347599E+00  5.705506E+00  6.410671E+00  7.798265E+00  1.047244E+01  1.543185E+01  2.389448E+01  3.630542E+01  5.101357E+01
  6.543601E+01  7.791283E+01  8.711691E+01  9.290513E+01  9.613101E+01  9.771595E+01  7.130517E+00  7.130035E+00  7.416897E+00  7.705775E+00
  8.278468E+00  9.401031E+00  1.156545E+01  1.558233E+01  2.251723E+01  3.296843E+01  4.573800E+01  5.859648E+01  7.070473E+01  8.126929E+01
  8.907359E+01  9.398161E+01  9.671712E+01  9.806107E+01  1.310816E+01  1.310726E+01  1.372225E+01  1.432880E+01  1.551561E+01  1.775661E+01
  2.182003E+01  2.848886E+01  3.781818E+01  4.816559E+01  5.783099E+01  6.731082E+01  7.676385E+01  8.513810E+01  9.132952E+01  9.522335E+01
  9.739374E+01  9.846004E+01  4.947348E+01  4.944482E+01  5.011305E+01  5.067541E+01  5.160435E+01  5.286207E+01  5.446891E+01  5.667556E+01
  5.985727E+01  6.418867E+01  6.970329E+01  7.618916E+01  8.301947E+01  8.913577E+01  9.366026E+01  9.650884E+01  9.809544E+01  9.887579E+01
  2.558887E+00  2.559164E+00  2.630706E+00  2.702191E+00  2.846795E+00  3.133272E+00  3.710219E+00  4.854771E+00  7.115023E+00  1.149897E+01
  1.954934E+01  3.275937E+01  5.044814E+01  6.809399E+01  8.140174E+01  8.976261E+01  9.440411E+01  9.666899E+01  2.597942E+00  2.597902E+00
  2.670951E+00  2.744441E+00  2.891968E+00  3.184695E+00  3.773916E+00  4.941235E+00  7.246523E+00  1.170706E+01  1.987002E+01  3.318451E+01
  5.086924E+01  6.838952E+01  8.157466E+01  8.985754E+01  9.445583E+01  9.669962E+01  2.718668E+00  2.719048E+00  2.796479E+00  2.874289E+00
  3.034145E+00  3.346541E+00  3.973981E+00  5.215607E+00  7.659915E+00  1.236103E+01  2.087071E+01  3.449677E+01  5.213939E+01  6.926936E+01
  8.208898E+01  9.014008E+01  9.460977E+01  9.679079E+01  2.943823E+00  2.944615E+00  3.030934E+00  3.118258E+00  3.293914E+00  3.643003E+00
  4.342742E+00  5.721777E+00  8.422750E+00  1.356335E+01  2.268369E+01  3.679450E+01  5.426891E+01  7.071378E+01  8.293188E+01  9.060328E+01
  9.486218E+01  9.694041E+01  3.315447E+00  3.315997E+00  3.418076E+00  3.520163E+00  3.727347E+00  4.136205E+00  4.956573E+00  6.565320E+00
  9.692255E+00  1.554113E+01  2.556709E+01  4.023476E+01  5.725572E+01  7.268833E+01  8.408273E+01  9.123573E+01  9.520698E+01  9.714490E+01
  3.925609E+00  3.926102E+00  4.054289E+00  4.184599E+00  4.444389E+00  4.959750E+00  5.985551E+00  7.984866E+00  1.181107E+01  1.874411E+01
  2.996280E+01  4.500793E+01  6.106648E+01  7.515022E+01  8.551656E+01  9.202401E+01  9.563699E+01  9.740005E+01  4.991780E+00  4.992036E+00
  5.171917E+00  5.352467E+00  5.712304E+00  6.424632E+00  7.828680E+00  1.052647E+01  1.552515E+01  2.405965E+01  3.653382E+01  5.123299E+01
  6.562566E+01  7.805837E+01  8.721056E+01  9.295557E+01  9.614548E+01  9.770211E+01  7.130517E+00  7.130886E+00  7.421504E+00  7.714678E+00
  8.292679E+00  9.426792E+00  1.161934E+01  1.567826E+01  2.266737E+01  3.317844E+01  4.596502E+01  5.878511E+01  7.086821E+01  8.139480E+01
  8.915429E+01  9.402498E+01  9.672964E+01  9.804945E+01  1.310816E+01  1.310895E+01  1.373327E+01  1.434668E+01  1.555064E+01  1.781753E+01
  2.193511E+01  2.865450E+01  3.801093E+01  4.835059E+01  5.800155E+01  6.746363E+01  7.690131E+01  8.524153E+01  9.139537E+01  9.525874E+01
  9.740427E+01  9.845117E+01  4.947348E+01  4.944724E+01  5.012843E+01  5.069626E+01  5.163011E+01  5.289009E+01  5.452016E+01  5.675287E+01
  5.990786E+01  6.427309E+01  6.980482E+01  7.628670E+01  8.312392E+01  8.921038E+01  9.370891E+01  9.653353E+01  9.810339E+01  9.886936E+01
  2.558887E+00  2.557920E+00  2.630675E+00  2.702615E+00  2.848731E+00  3.136155E+00  3.717148E+00  4.866778E+00  7.144898E+00  1.155225E+01
  1.965633E+01  3.294754E+01  5.068179E+01  6.829276E+01  8.153491E+01  8.982973E+01  9.442579E+01  9.664713E+01  2.597942E+00  2.596869E+00
  2.670833E+00  2.744919E+00  2.894046E+00  3.187582E+00  3.780888E+00  4.954217E+00  7.277362E+00  1.176150E+01  1.997861E+01  3.337500E+01
  5.110272E+01  6.858663E+01  8.170652E+01  8.992402E+01  9.447731E+01  9.667797E+01  2.718668E+00  2.717782E+00  2.796349E+00  2.874864E+00
  3.035951E+00  3.349737E+00  3.981129E+00  5.229174E+00  7.693210E+00  1.242103E+01  2.098708E+01  3.469318E+01  5.237110E+01  6.946131E+01
  8.221724E+01  9.020461E+01  9.463061E+01  9.676968E+01  2.943823E+00  2.942834E+00  3.030961E+00  3.119229E+00  3.296145E+00  3.647451E+00
  4.351572E+00  5.738711E+00  8.462499E+00  1.363282E+01  2.281409E+01  3.699867E+01  5.449584E+01  7.089731E+01  8.305412E+01  9.066458E+01
  9.488197E+01  9.692015E+01  3.315447E+00  3.315022E+00  3.418473E+00  3.521213E+00  3.730963E+00  4.141543E+00  4.968864E+00  6.587067E+00
  9.742957E+00  1.562760E+01  2.571775E+01  4.044811E+01  5.747345E+01  7.286005E+01  8.419682E+01  9.129275E+01  9.522535E+01  9.712589E+01
  3.925609E+00  3.924098E+00  4.054812E+00  4.186311E+00  4.449572E+00  4.967765E+00  6.002663E+00  8.016432E+00  1.187952E+01  1.885775E+01
  3.013806E+01  4.522493E+01  6.126785E+01  7.530679E+01  8.562068E+01  9.207567E+01  9.565361E+01  9.738265E+01  4.991780E+00  4.990588E+00
  5.172997E+00  5.355724E+00  5.719861E+00  6.437808E+00  7.856365E+00  1.057796E+01  1.562818E+01  2.421144E+01  3.673260E+01  5.143887E+01
  6.580497E+01  7.819762E+01  8.730323E+01  9.300119E+01  9.616016E+01  9.768665E+01  7.130517E+00  7.128683E+00  7.424816E+00  7.721224E+00
  8.307892E+00  9.453594E+00  1.167235E+01  1.577049E+01  2.282744E+01  3.337242E+01  4.616039E+01  5.896135E+01  7.102267E+01  8.151545E+01
  8.923419E+01  9.406401E+01  9.674235E+01  9.803642E+01  1.310816E+01  1.310408E+01  1.374091E+01  1.436434E+01  1.558824E+01  1.787855E+01
  2.204526E+01  2.881685E+01  3.822197E+01  4.852026E+01  5.814431E+01  6.760400E+01  7.702926E+01  8.534042E+01  9.146085E+01  9.529052E+01
  9.741486E+01  9.844106E+01  4.947348E+01  4.944487E+01  5.012792E+01  5.071442E+01  5.166169E+01  5.291806E+01  5.455286E+01  5.677689E+01
  6.000434E+01  6.434818E+01  6.987600E+01  7.639888E+01  8.320855E+01  8.928201E+01  9.375436E+01  9.655720E+01  9.811129E+01  9.886187E+01
  2.558887E+00  2.557809E+00  2.630997E+00  2.703618E+00  2.849988E+00  3.138990E+00  3.723923E+00  4.880137E+00  7.172934E+00  1.161062E+01
  1.975216E+01  3.312558E+01  5.091078E+01  6.848628E+01  8.165963E+01  8.989909E+01  9.444511E+01  9.662523E+01  2.597942E+00  2.596674E+00
  2.671114E+00  2.745859E+00  2.895483E+00  3.190573E+00  3.788134E+00  4.967824E+00  7.307178E+00  1.182183E+01  2.007666E+01  3.355555E+01
  5.133178E+01  6.877840E+01  8.183011E+01  8.999274E+01  9.449643E+01  9.665623E+01  2.718668E+00  2.717186E+00  2.796591E+00  2.876009E+00
  3.037305E+00  3.352281E+00  3.989060E+00  5.244608E+00  7.725777E+00  1.248648E+01  2.109223E+01  3.487933E+01  5.259842E+01  6.964799E+01
  8.233727E+01  9.027147E+01  9.464915E+01  9.674851E+01  2.943823E+00  2.942646E+00  3.031229E+00  3.120377E+00  3.298096E+00  3.651310E+00
  4.361573E+00  5.757186E+00  8.500594E+00  1.370893E+01  2.293157E+01  3.719285E+01  5.471941E+01  7.107517E+01  8.316834E+01  9.072837E+01
  9.489957E+01  9.689993E+01  3.315447E+00  3.314089E+00  3.418751E+00  3.522723E+00  3.733749E+00  4.146710E+00  4.981240E+00  6.610147E+00
  9.791203E+00  1.571984E+01  2.585598E+01  4.065213E+01  5.768798E+01  7.302592E+01  8.430322E+01  9.135237E+01  9.524170E+01  9.710692E+01
  3.925609E+00  3.923738E+00  4.055499E+00  4.188777E+00  4.454000E+00  4.975527E+00  6.019066E+00  8.050983E+00  1.194601E+01  1.897718E+01
  3.030087E+01  4.543140E+01  6.146788E+01  7.545789E+01  8.571732E+01  9.213019E+01  9.566843E+01  9.736533E+01  4.991780E+00  4.990105E+00
  5.174378E+00  5.359425E+00  5.726231E+00  6.451138E+00  7.885772E+00  1.063257E+01  1.572904E+01  2.437218E+01  3.691690E+01  5.163482E+01
  6.598448E+01  7.833177E+01  8.738868E+01  9.304984E+01  9.617329E+01  9.767133E+01  7.130517E+00  7.127246E+00  7.427963E+00  7.729031E+00
  8.321098E+00  9.480579E+00  1.172737E+01  1.586576E+01  2.298344E+01  3.357705E+01  4.634082E+01  5.912888E+01  7.117866E+01  8.163056E+01
  8.930737E+01  9.410622E+01  9.675375E+01  9.802358E+01  1.310816E+01  1.310399E+01  1.374899E+01  1.438142E+01  1.562047E+01  1.794363E+01
  2.215661E+01  2.898227E+01  3.842278E+01  4.870141E+01  5.827188E+01  6.773749E+01  7.715827E+01  8.543510E+01  9.152117E+01  9.532546E+01
  9.742444E+01  9.843121E+01  4.947348E+01  4.941196E+01  5.013336E+01  5.073099E+01  5.167357E+01  5.293591E+01  5.459007E+01  5.681867E+01
  6.006216E+01  6.444820E+01  6.998006E+01  7.649915E+01  8.330145E+01  8.935117E+01  9.380001E+01  9.658145E+01  9.811772E+01  9.885474E+01
  2.558887E+00  2.557225E+00  2.631969E+00  2.704202E+00  2.851794E+00  3.142694E+00  3.728844E+00  4.890573E+00  7.195056E+00  1.166453E+01
  1.986193E+01  3.330011E+01  5.111732E+01  6.867426E+01  8.177582E+01  8.995982E+01  9.446036E+01  9.659998E+01  2.597942E+00  2.596344E+00
  2.672158E+00  2.746380E+00  2.897251E+00  3.194432E+00  3.793337E+00  4.979286E+00  7.329749E+00  1.187854E+01  2.018940E+01  3.373266E+01
  5.153773E+01  6.896472E+01  8.194512E+01  9.005289E+01  9.451151E+01  9.663116E+01  2.718668E+00  2.716858E+00  2.797997E+00  2.876698E+00
  3.039374E+00  3.356699E+00  3.995071E+00  5.257081E+00  7.750935E+00  1.254808E+01  2.121301E+01  3.506182E+01  5.280258E+01  6.982957E+01
  8.244889E+01  9.032980E+01  9.466373E+01  9.672411E+01  2.943823E+00  2.942011E+00  3.032412E+00  3.121158E+00  3.300899E+00  3.657076E+00
  4.368497E+00  5.772487E+00  8.532019E+00  1.378058E+01  2.306532E+01  3.738492E+01  5.491891E+01  7.124856E+01  8.327441E+01  9.078378E+01
  9.491334E+01  9.687659E+01  3.315447E+00  3.313695E+00  3.420296E+00  3.523786E+00  3.736955E+00  4.152979E+00  4.990739E+00  6.631396E+00
  9.831733E+00  1.580821E+01  2.601009E+01  4.085181E+01  5.787836E+01  7.318804E+01  8.440177E+01  9.140382E+01  9.525438E+01  9.708504E+01
  3.925609E+00  3.923351E+00  4.057801E+00  4.191218E+00  4.458551E+00  4.984586E+00  6.033746E+00  8.080587E+00  1.200462E+01  1.909256E+01
  3.048058E+01  4.563395E+01  6.164228E+01  7.560579E+01  8.580659E+01  9.217673E+01  9.567982E+01  9.734526E+01  4.991780E+00  4.988592E+00
  5.177256E+00  5.363452E+00  5.733739E+00  6.465781E+00  7.911026E+00  1.068288E+01  1.581779E+01  2.452856E+01  3.712032E+01  5.182480E+01
  6.613807E+01  7.846344E+01  8.746736E+01  9.309080E+01  9.618332E+01  9.765359E+01  7.130517E+00  7.125835E+00  7.432860E+00  7.738011E+00
  8.335977E+00  9.510149E+00  1.177890E+01  1.595603E+01  2.312639E+01  3.377592E+01  4.653942E+01  5.929093E+01  7.130956E+01  8.174445E+01
  8.937458E+01  9.414119E+01  9.676241E+01  9.800864E+01  1.310816E+01  1.310213E+01  1.376136E+01  1.439991E+01  1.565445E+01  1.801196E+01
  2.226363E+01  2.914200E+01  3.860557E+01  4.887258E+01  5.841952E+01  6.786430E+01  7.726431E+01  8.552936E+01  9.157524E+01  9.535371E+01
  9.743168E+01  9.841960E+01  4.947348E+01  4.940763E+01  5.014851E+01  5.074955E+01  5.168930E+01  5.297381E+01  5.462232E+01  5.685091E+01
  6.010672E+01  6.451344E+01  7.005993E+01  7.658402E+01  8.337244E+01  8.942039E+01  9.384051E+01  9.660297E+01  9.812257E+01  9.884568E+01
  2.558887E+00  2.558560E+00  2.632413E+00  2.705574E+00  2.853275E+00  3.144135E+00  3.734813E+00  4.905297E+00  7.221572E+00  1.171678E+01
  1.995975E+01  3.347471E+01  5.132618E+01  6.885407E+01  8.190128E+01  9.002098E+01  9.447543E+01  9.657447E+01  2.597942E+00  2.597508E+00
  2.672652E+00  2.747781E+00  2.898389E+00  3.196198E+00  3.799701E+00  4.994480E+00  7.356405E+00  1.193145E+01  2.028980E+01  3.390903E+01
  5.174612E+01  6.914292E+01  8.206948E+01  9.011348E+01  9.452641E+01  9.660591E+01  2.718668E+00  2.718419E+00  2.798306E+00  2.878649E+00
  3.041134E+00  3.358756E+00  4.002668E+00  5.274256E+00  7.781208E+00  1.260635E+01  2.132062E+01  3.524473E+01  5.300975E+01  7.000277E+01
  8.257000E+01  9.038869E+01  9.467817E+01  9.669948E+01  2.943823E+00  2.943554E+00  3.032977E+00  3.122734E+00  3.302959E+00  3.659399E+00
  4.376951E+00  5.792635E+00  8.567153E+00  1.384853E+01  2.318670E+01  3.757544E+01  5.512174E+01  7.141395E+01  8.339017E+01  9.083986E+01
  9.492704E+01  9.685299E+01  3.315447E+00  3.314939E+00  3.421019E+00  3.525980E+00  3.739305E+00  4.156903E+00  5.002246E+00  6.657134E+00
  9.876910E+00  1.589246E+01  2.615014E+01  4.105017E+01  5.807218E+01  7.334229E+01  8.451022E+01  9.145606E+01  9.526709E+01  9.706291E+01
  3.925609E+00  3.925075E+00  4.059256E+00  4.193905E+00  4.462244E+00  4.990491E+00  6.050778E+00  8.118035E+00  1.206840E+01  1.920283E+01
  3.064574E+01  4.583466E+01  6.182140E+01  7.574640E+01  8.590612E+01  9.222433E+01  9.569135E+01  9.732501E+01  4.991780E+00  4.991329E+00
  5.178886E+00  5.368162E+00  5.740525E+00  6.476808E+00  7.940022E+00  1.074045E+01  1.591488E+01  2.467871E+01  3.730619E+01  5.201471E+01
  6.629856E+01  7.858824E+01  8.755645E+01  9.313303E+01  9.619353E+01  9.763563E+01  7.130517E+00  7.128214E+00  7.436770E+00  7.745415E+00
  8.349486E+00  9.534703E+00  1.182992E+01  1.605782E+01  2.327837E+01  3.396615E+01  4.672176E+01  5.945191E+01  7.144759E+01  8.185250E+01
  8.945220E+01  9.417754E+01  9.677136E+01  9.799347E+01  1.310816E+01  1.310615E+01  1.377144E+01  1.442128E+01  1.568864E+01  1.806913E+01
  2.237432E+01  2.931588E+01  3.880136E+01  4.903872E+01  5.854975E+01  6.799319E+01  7.737933E+01  8.561829E+01  9.164012E+01  9.538371E+01
  9.743938E+01  9.840786E+01  4.947348E+01  4.944622E+01  5.015673E+01  5.077965E+01  5.170821E+01  5.297943E+01  5.464814E+01  5.691543E+01
  6.021259E+01  6.458351E+01  7.013519E+01  7.666650E+01  8.346105E+01  8.947590E+01  9.388348E+01  9.662437E+01  9.812833E+01  9.883768E+01
  2.558887E+00  2.556891E+00  2.632078E+00  2.705930E+00  2.853919E+00  3.146919E+00  3.740929E+00  4.915247E+00  7.244502E+00  1.176719E+01
  2.006692E+01  3.362872E+01  5.153947E+01  6.902934E+01  8.200744E+01  9.007952E+01  9.448812E+01  9.654868E+01  2.597942E+00  2.595834E+00
  2.672343E+00  2.748113E+00  2.899045E+00  3.199339E+00  3.805935E+00  5.005050E+00  7.380377E+00  1.198356E+01  2.039941E+01  3.406521E+01
  5.195869E+01  6.931662E+01  8.217454E+01  9.017147E+01  9.453896E+01  9.658032E+01  2.718668E+00  2.716255E+00  2.797914E+00  2.879246E+00
  3.042436E+00  3.361945E+00  4.010303E+00  5.286727E+00  7.807804E+00  1.266335E+01  2.143825E+01  3.540569E+01  5.322070E+01  7.017190E+01
  8.267183E+01  9.044505E+01  9.469030E+01  9.667458E+01  2.943823E+00  2.941199E+00  3.033114E+00  3.123223E+00  3.304281E+00  3.663279E+00
  4.385823E+00  5.808338E+00  8.599322E+00  1.391568E+01  2.331779E+01  3.774545E+01  5.532742E+01  7.157543E+01  8.348683E+01  9.089351E+01
  9.493850E+01  9.682916E+01  3.315447E+00  3.312826E+00  3.420725E+00  3.526680E+00  3.741015E+00  4.162384E+00  5.013631E+00  6.677724E+00
  9.918386E+00  1.597611E+01  2.630147E+01  4.122845E+01  5.826918E+01  7.349302E+01  8.459987E+01  9.150610E+01  9.527765E+01  9.704062E+01
  3.925609E+00  3.922462E+00  4.058832E+00  4.195257E+00  4.465414E+00  4.998972E+00  6.067761E+00  8.148564E+00  1.212812E+01  1.931329E+01
  3.082295E+01  4.601521E+01  6.200313E+01  7.588400E+01  8.598713E+01  9.226991E+01  9.570087E+01  9.730466E+01  4.991780E+00  4.987754E+00
  5.179414E+00  5.371399E+00  5.746765E+00  6.491395E+00  7.967848E+00  1.079017E+01  1.600599E+01  2.482872E+01  3.750613E+01  5.218433E+01
  6.646044E+01  7.871060E+01  8.762762E+01  9.317352E+01  9.620193E+01  9.761765E+01  7.130517E+00  7.125305E+00  7.438654E+00  7.752124E+00
  8.364532E+00  9.563232E+00  1.188369E+01  1.614871E+01  2.342414E+01  3.415546E+01  4.691852E+01  5.959573E+01  7.158709E+01  8.195797E+01
  8.951250E+01  9.421256E+01  9.677868E+01  9.797836E+01  1.310816E+01  1.309914E+01  1.377783E+01  1.443598E+01  1.572009E+01  1.813695E+01
  2.248396E+01  2.947631E+01  3.898338E+01  4.920245E+01  5.869964E+01  6.810982E+01  7.749423E+01  8.570499E+01  9.168870E+01  9.541271E+01
  9.744566E+01  9.839622E+01  4.947348E+01  4.941048E+01  5.016725E+01  5.078553E+01  5.172193E+01  5.301863E+01  5.470387E+01  5.695986E+01
  6.026936E+01  6.466586E+01  7.023983E+01  7.676009E+01  8.354203E+01  8.954069E+01  9.392068E+01  9.664330E+01  9.813284E+01  9.882898E+01
  2.558887E+00  2.558573E+00  2.632749E+00  2.706681E+00  2.854774E+00  3.149385E+00  3.745065E+00  4.926836E+00  7.266892E+00  1.181564E+01
  2.016140E+01  3.379862E+01  5.173204E+01  6.919631E+01  8.211960E+01  9.013477E+01  9.449900E+01  9.651984E+01  2.597942E+00  2.597867E+00
  2.673165E+00  2.748724E+00  2.899873E+00  3.201820E+00  3.810179E+00  5.017864E+00  7.403505E+00  1.203279E+01  2.049570E+01  3.423748E+01
  5.215102E+01  6.948220E+01  8.228568E+01  9.022620E+01  9.454974E+01  9.655177E+01  2.718668E+00  2.718628E+00  2.798970E+00  2.879834E+00
  3.043277E+00  3.364778E+00  4.015003E+00  5.300440E+00  7.834009E+00  1.271813E+01  2.154176E+01  3.558312E+01  5.341080E+01  7.033299E+01
  8.277993E+01  9.049818E+01  9.470072E+01  9.664671E+01  2.943823E+00  2.943805E+00  3.034002E+00  3.124224E+00  3.305410E+00  3.667189E+00
  4.392359E+00  5.824145E+00  8.631251E+00  1.398014E+01  2.343449E+01  3.793148E+01  5.551348E+01  7.172875E+01  8.359002E+01  9.094411E+01
  9.494836E+01  9.680253E+01  3.315447E+00  3.315462E+00  3.422056E+00  3.528172E+00  3.743253E+00  4.167642E+00  5.022621E+00  6.698940E+00
  9.960970E+00  1.605723E+01  2.643680E+01  4.142150E+01  5.844630E+01  7.363612E+01  8.469629E+01  9.155323E+01  9.528679E+01  9.701562E+01
  3.925609E+00  3.925777E+00  4.060524E+00  4.196816E+00  4.468384E+00  5.006610E+00  6.081983E+00  8.180116E+00  1.218774E+01  1.942085E+01
  3.098315E+01  4.621029E+01  6.216653E+01  7.601405E+01  8.607525E+01  9.231283E+01  9.570911E+01  9.728181E+01  4.991780E+00  4.991777E+00
  5.181994E+00  5.374588E+00  5.753263E+00  6.504169E+00  7.992895E+00  1.084208E+01  1.609876E+01  2.497384E+01  3.768769E+01  5.236857E+01
  6.660508E+01  7.882589E+01  8.770615E+01  9.321165E+01  9.620927E+01  9.759743E+01  7.130517E+00  7.129226E+00  7.444357E+00  7.759841E+00
  8.378283E+00  9.592340E+00  1.193466E+01  1.624099E+01  2.356754E+01  3.434135E+01  4.709575E+01  5.975362E+01  7.171133E+01  8.205733E+01
  8.958084E+01  9.424544E+01  9.678521E+01  9.796132E+01  1.310816E+01  1.310818E+01  1.378967E+01  1.445480E+01  1.575641E+01  1.819720E+01
  2.258484E+01  2.963482E+01  3.916734E+01  4.936191E+01  5.883075E+01  6.823882E+01  7.759719E+01  8.578676E+01  9.174503E+01  9.543976E+01
  9.745146E+01  9.838298E+01  4.947348E+01  4.946136E+01  5.017559E+01  5.079481E+01  5.175216E+01  5.303156E+01  5.472655E+01  5.702732E+01
  6.031202E+01  6.472337E+01  7.032674E+01  7.684330E+01  8.361817E+01  8.960114E+01  9.396131E+01  9.666527E+01  9.813630E+01  9.881856E+01
  2.558887E+00  2.558263E+00  2.632055E+00  2.705952E+00  2.854184E+00  3.148321E+00  3.742704E+00  4.922055E+00  7.257669E+00  1.179264E+01
  2.010637E+01  3.371946E+01  5.163927E+01  6.911433E+01  8.205653E+01  9.009069E+01  9.445680E+01  9.646365E+01  2.597942E+00  2.597341E+00
  2.672531E+00  2.748117E+00  2.899223E+00  3.200880E+00  3.807497E+00  5.012470E+00  7.394266E+00  1.201005E+01  2.043926E+01  3.415768E+01
  5.205803E+01  6.940082E+01  8.222305E+01  9.018248E+01  9.450790E+01  9.649606E+01  2.718668E+00  2.718195E+00  2.798112E+00  2.879175E+00
  3.042651E+00  3.363572E+00  4.012210E+00  5.294753E+00  7.823475E+00  1.269272E+01  2.148177E+01  3.550141E+01  5.331907E+01  7.025378E+01
  8.271892E+01  9.045562E+01  9.465998E+01  9.659249E+01  2.943823E+00  2.943214E+00  3.033544E+00  3.123432E+00  3.304535E+00  3.665675E+00
  4.388636E+00  5.817533E+00  8.617772E+00  1.395044E+01  2.336841E+01  3.784552E+01  5.542356E+01  7.165311E+01  8.353154E+01  9.090341E+01
  9.490940E+01  9.675072E+01  3.315447E+00  3.315118E+00  3.420945E+00  3.527117E+00  3.741771E+00  4.165033E+00  5.017823E+00  6.689909E+00
  9.942791E+00  1.602034E+01  2.636123E+01  4.133300E+01  5.836044E+01  7.356536E+01  8.464120E+01  9.151508E+01  9.525030E+01  9.696715E+01
  3.925609E+00  3.924535E+00  4.059324E+00  4.195885E+00  4.466643E+00  5.002923E+00  6.074613E+00  8.166131E+00  1.216226E+01  1.937153E+01
  3.089705E+01  4.612118E+01  6.208675E+01  7.594945E+01  8.602449E+01  9.227787E+01  9.567573E+01  9.723748E+01  4.991780E+00  4.991398E+00
  5.180244E+00  5.372697E+00  5.749847E+00  6.498759E+00  7.979826E+00  1.081900E+01  1.605851E+01  2.490827E+01  3.759072E+01  5.228498E+01
  6.653372E+01  7.876843E+01  8.766055E+01  9.318044E+01  9.617958E+01  9.755807E+01  7.130517E+00  7.130765E+00  7.441147E+00  7.755882E+00
  8.370635E+00  9.579406E+00  1.191004E+01  1.620099E+01  2.350491E+01  3.425792E+01  4.700088E+01  5.968286E+01  7.164938E+01  8.200745E+01
  8.954085E+01  9.421861E+01  9.675976E+01  9.792767E+01  1.310816E+01  1.310566E+01  1.378314E+01  1.444552E+01  1.574153E+01  1.816937E+01
  2.253807E+01  2.956585E+01  3.908609E+01  4.928967E+01  5.875616E+01  6.818097E+01  7.754484E+01  8.574606E+01  9.171187E+01  9.541799E+01
  9.743089E+01  9.835605E+01  4.947348E+01  4.944188E+01  5.016692E+01  5.078880E+01  5.172890E+01  5.302280E+01  5.471299E+01  5.699634E+01
  6.028628E+01  6.469855E+01  7.026795E+01  7.680716E+01  8.357919E+01  8.957041E+01  9.393800E+01  9.664739E+01  9.812161E+01  9.879975E+01
  2.558887E+00  2.559565E+00  2.632036E+00  2.705506E+00  2.852758E+00  3.144793E+00  3.736021E+00  4.906650E+00  7.226400E+00  1.173174E+01
  1.998969E+01  3.352301E+01  5.138111E+01  6.889796E+01  8.190862E+01  8.999086E+01  9.438429E+01  9.639394E+01  2.597942E+00  2.598531E+00
  2.672421E+00  2.747877E+00  2.897884E+00  3.196748E+00  3.800799E+00  4.995914E+00  7.361427E+00  1.194737E+01  2.032031E+01  3.395842E+01
  5.180074E+01  6.918645E+01  8.207665E+01  9.008353E+01  9.443604E+01  9.642691E+01  2.718668E+00  2.719059E+00  2.797936E+00  2.878661E+00
  3.041084E+00  3.359379E+00  4.004097E+00  5.276132E+00  7.787663E+00  1.262360E+01  2.135326E+01  3.529570E+01  5.306365E+01  7.004498E+01
  8.257658E+01  9.035928E+01  9.458999E+01  9.652518E+01  2.943823E+00  2.944068E+00  3.032916E+00  3.122988E+00  3.302333E+00  3.660303E+00
  4.378692E+00  5.795581E+00  8.575349E+00  1.386913E+01  2.322402E+01  3.762965E+01  5.517468E+01  7.145395E+01  8.339586E+01  9.081136E+01
  9.484250E+01  9.668641E+01  3.315447E+00  3.316330E+00  3.420440E+00  3.526042E+00  3.738865E+00  4.158206E+00  5.004802E+00  6.661797E+00
  9.887115E+00  1.591802E+01  2.619396E+01  4.110762E+01  5.812263E+01  7.337928E+01  8.451485E+01  9.142895E+01  9.518764E+01  9.690695E+01
  3.925609E+00  3.925876E+00  4.058767E+00  4.194028E+00  4.462601E+00  4.992766E+00  6.054955E+00  8.125596E+00  1.208508E+01  1.923722E+01
  3.069860E+01  4.589326E+01  6.186772E+01  7.578000E+01  8.590952E+01  9.219908E+01  9.561839E+01  9.718247E+01  4.991780E+00  4.992846E+00
  5.178840E+00  5.369039E+00  5.741436E+00  6.481144E+00  7.948031E+00  1.075497E+01  1.594221E+01  2.472693E+01  3.736757E+01  5.207039E+01
  6.633928E+01  7.861795E+01  8.755864E+01  9.311023E+01  9.612849E+01  9.750914E+01  7.130517E+00  7.131497E+00  7.437532E+00  7.747229E+00
  8.353000E+00  9.543603E+00  1.184644E+01  1.608530E+01  2.332307E+01  3.402772E+01  4.678305E+01  5.950005E+01  7.148180E+01  8.187802E+01
  8.945348E+01  9.415797E+01  9.671572E+01  9.788571E+01  1.310816E+01  1.310900E+01  1.377198E+01  1.442617E+01  1.569766E+01  1.809159E+01
  2.240711E+01  2.936544E+01  3.885906E+01  4.909203E+01  5.859712E+01  6.803358E+01  7.740722E+01  8.563940E+01  9.164098E+01  9.536827E+01
  9.739507E+01  9.832215E+01  4.947348E+01  4.946272E+01  5.016069E+01  5.078070E+01  5.170401E+01  5.299987E+01  5.466242E+01  5.693518E+01
  6.022812E+01  6.460449E+01  7.016666E+01  7.669808E+01  8.348019E+01  8.949133E+01  9.388554E+01  9.661369E+01  9.809616E+01  9.877483E+01
  2.558887E+00  2.557182E+00  2.631944E+00  2.703975E+00  2.851260E+00  3.142617E+00  3.728847E+00  4.890856E+00  7.192153E+00  1.166420E+01
  1.985678E+01  3.329898E+01  5.111500E+01  6.865926E+01  8.174937E+01  8.988852E+01  9.431088E+01  9.632418E+01  2.597942E+00  2.596704E+00
  2.672273E+00  2.746320E+00  2.896725E+00  3.194408E+00  3.793699E+00  4.979643E+00  7.326938E+00  1.187809E+01  2.018394E+01  3.373143E+01
  5.153538E+01  6.894972E+01  8.191880E+01  8.998209E+01  9.436328E+01  9.635778E+01  2.718668E+00  2.717185E+00  2.797995E+00  2.876488E+00
  3.038771E+00  3.356630E+00  3.995555E+00  5.257438E+00  7.748494E+00  1.254817E+01  2.120800E+01  3.506131E+01  5.280037E+01  6.981448E+01
  8.242300E+01  9.026056E+01  9.451915E+01  9.645787E+01  2.943823E+00  2.942157E+00  3.032384E+00  3.120885E+00  3.300496E+00  3.656869E+00
  4.368912E+00  5.773497E+00  8.529501E+00  1.378150E+01  2.306172E+01  3.738522E+01  5.491687E+01  7.123334E+01  8.324940E+01  9.071712E+01
  9.477481E+01  9.662211E+01  3.315447E+00  3.314079E+00  3.420182E+00  3.523889E+00  3.736566E+00  4.153124E+00  4.991740E+00  6.632569E+00
  9.830414E+00  1.581091E+01  2.600730E+01  4.085259E+01  5.787602E+01  7.317282E+01  8.437796E+01  9.134084E+01  9.512430E+01  9.684679E+01
  3.925609E+00  3.923760E+00  4.057982E+00  4.191087E+00  4.458131E+00  4.984640E+00  6.035391E+00  8.083325E+00  1.200424E+01  1.909783E+01
  3.048096E+01  4.563554E+01  6.163946E+01  7.559070E+01  8.578450E+01  9.211854E+01  9.556041E+01  9.712743E+01  4.991780E+00  4.989535E+00
  5.177238E+00  5.363676E+00  5.733667E+00  6.466585E+00  7.913774E+00  1.068751E+01  1.581964E+01  2.453856E+01  3.712213E+01  5.182645E+01
  6.613486E+01  7.844883E+01  8.744749E+01  9.303857E+01  9.607685E+01  9.746019E+01  7.130517E+00  7.128034E+00  7.433304E+00  7.737780E+00
  8.336352E+00  9.512704E+00  1.178502E+01  1.596602E+01  2.313337E+01  3.379085E+01  4.654243E+01  5.929155E+01  7.130606E+01  8.173096E+01
  8.935766E+01  9.409621E+01  9.667128E+01  9.784373E+01  1.310816E+01  1.310377E+01  1.376160E+01  1.440150E+01  1.565521E+01  1.801804E+01
  2.227682E+01  2.915970E+01  3.861551E+01  4.888707E+01  5.841910E+01  6.786333E+01  7.726114E+01  8.551792E+01  9.156220E+01  9.531796E+01
  9.735898E+01  9.828822E+01  4.947348E+01  4.945076E+01  5.015125E+01  5.074824E+01  5.168890E+01  5.297810E+01  5.463515E+01  5.685929E+01
  6.009845E+01  6.452224E+01  7.006034E+01  7.658037E+01  8.336911E+01  8.941458E+01  9.383034E+01  9.657655E+01  9.807063E+01  9.875033E+01
  2.558887E+00  2.557626E+00  2.631497E+00  2.703220E+00  2.849431E+00  3.137505E+00  3.720136E+00  4.875587E+00  7.162213E+00  1.159191E+01
  1.972366E+01  3.307084E+01  5.084260E+01  6.842332E+01  8.158447E+01  8.978418E+01  9.423755E+01  9.625398E+01  2.597942E+00  2.596829E+00
  2.671632E+00  2.745484E+00  2.895000E+00  3.189111E+00  3.784300E+00  4.963109E+00  7.296594E+00  1.180277E+01  2.004814E+01  3.350054E+01
  5.126331E+01  6.871594E+01  8.175539E+01  8.987870E+01  9.429055E+01  9.628822E+01  2.718668E+00  2.717050E+00  2.797395E+00  2.875788E+00
  3.036851E+00  3.351574E+00  3.984941E+00  5.239615E+00  7.714292E+00  1.246672E+01  2.106226E+01  3.482388E+01  5.253078E+01  6.958669E+01
  8.226405E+01  9.016000E+01  9.444836E+01  9.639011E+01  2.943823E+00  2.942310E+00  3.031521E+00  3.119831E+00  3.297594E+00  3.649651E+00
  4.357015E+00  5.751440E+00  8.488060E+00  1.368747E+01  2.290010E+01  3.713701E+01  5.465279E+01  7.101605E+01  8.309766E+01  9.062119E+01
  9.470724E+01  9.655739E+01  3.315447E+00  3.313729E+00  3.419297E+00  3.522194E+00  3.732851E+00  4.144827E+00  4.975967E+00  6.603856E+00
  9.777153E+00  1.569588E+01  2.582128E+01  4.059494E+01  5.762336E+01  7.296971E+01  8.423616E+01  9.125122E+01  9.506108E+01  9.678619E+01
  3.925609E+00  3.924509E+00  4.055916E+00  4.188512E+00  4.452786E+00  4.973176E+00  6.013000E+00  8.042209E+00  1.192905E+01  1.894936E+01
  3.026395E+01  4.537444E+01  6.140622E+01  7.540566E+01  8.565495E+01  9.203680E+01  9.550264E+01  9.707201E+01  4.991780E+00  4.989407E+00
  5.174986E+00  5.358654E+00  5.724972E+00  6.447888E+00  7.877192E+00  1.062172E+01  1.570658E+01  2.433968E+01  3.687796E+01  5.158014E+01
  6.592757E+01  7.828452E+01  8.733223E+01  9.296599E+01  9.602547E+01  9.741091E+01  7.130517E+00  7.126377E+00  7.429085E+00  7.728466E+00
  8.319505E+00  9.475042E+00  1.171569E+01  1.585032E+01  2.295368E+01  3.354048E+01  4.630403E+01  5.908001E+01  7.112807E+01  8.158974E+01
  8.925829E+01  9.403395E+01  9.662710E+01  9.780142E+01  1.310816E+01  1.310176E+01  1.375040E+01  1.437983E+01  1.561651E+01  1.793262E+01
  2.213440E+01  2.895709E+01  3.838475E+01  4.866998E+01  5.824416E+01  6.769461E+01  7.711620E+01  8.540191E+01  9.148093E+01  9.526725E+01
  9.732314E+01  9.825400E+01  4.947348E+01  4.942140E+01  5.014030E+01  5.073251E+01  5.166686E+01  5.292942E+01  5.458288E+01  5.681776E+01
  6.005114E+01  6.443122E+01  6.995698E+01  7.645892E+01  8.326876E+01  8.932596E+01  9.377052E+01  9.653967E+01  9.804487E+01  9.872594E+01
  4.714588E+00  4.745948E+00  4.929365E+00  5.190982E+00  5.621672E+00  6.488084E+00  8.049251E+00  1.090247E+01  1.585441E+01  2.380569E+01
  3.535543E+01  5.000292E+01  6.547922E+01  7.866664E+01  8.789710E+01  9.350687E+01  9.661662E+01  9.824598E+01  4.714588E+00  4.660934E+00
  4.929183E+00  5.144802E+00  5.595945E+00  6.374453E+00  7.944994E+00  1.070487E+01  1.548306E+01  2.329446E+01  3.468021E+01  4.921365E+01
  6.474155E+01  7.808808E+01  8.752251E+01  9.328144E+01  9.647822E+01  9.814130E+01  4.714588E+00  4.773223E+00  4.907842E+00  5.136316E+00
  5.574208E+00  6.366582E+00  7.875420E+00  1.064908E+01  1.535312E+01  2.309269E+01  3.435860E+01  4.889237E+01  6.442226E+01  7.784341E+01
  8.736321E+01  9.318317E+01  9.640782E+01  9.807465E+01  4.714588E+00  4.739859E+00  4.915550E+00  5.133380E+00  5.583824E+00  6.356414E+00
  7.845924E+00  1.059365E+01  1.523541E+01  2.296109E+01  3.416539E+01  4.867095E+01  6.421630E+01  7.767233E+01  8.725195E+01  9.310148E+01
  9.635513E+01  9.802174E+01  4.714588E+00  4.700953E+00  4.921529E+00  5.128392E+00  5.554478E+00  6.353034E+00  7.801991E+00  1.054981E+01
  1.516538E+01  2.283493E+01  3.405186E+01  4.849072E+01  6.403703E+01  7.753097E+01  8.715102E+01  9.303783E+01  9.630556E+01  9.796427E+01
  4.714588E+00  4.770576E+00  4.920177E+00  5.134212E+00  5.539369E+00  6.316251E+00  7.775875E+00  1.046771E+01  1.509342E+01  2.266992E+01
  3.383935E+01  4.825397E+01  6.379471E+01  7.734251E+01  8.702828E+01  9.295940E+01  9.624796E+01  9.790479E+01  4.714588E+00  4.687448E+00
  4.914542E+00  5.127160E+00  5.542897E+00  6.286025E+00  7.725477E+00  1.036482E+01  1.494901E+01  2.245443E+01  3.355739E+01  4.794751E+01
  6.349557E+01  7.711822E+01  8.687701E+01  9.286604E+01  9.618137E+01  9.784132E+01  4.714588E+00  4.719715E+00  4.923057E+00  5.114900E+00
  5.516540E+00  6.264168E+00  7.689021E+00  1.031420E+01  1.482078E+01  2.230762E+01  3.330791E+01  4.763687E+01  6.320200E+01  7.688097E+01
  8.671455E+01  9.276711E+01  9.611443E+01  9.777951E+01  4.714588E+00  4.698802E+00  4.869505E+00  5.077219E+00  5.458384E+00  6.125868E+00
  7.484486E+00  9.914626E+00  1.421990E+01  2.134497E+01  3.203779E+01  4.611635E+01  6.169330E+01  7.569426E+01  8.591696E+01  9.229958E+01
  9.584478E+01  9.761064E+01  4.714588E+00  4.705548E+00  4.880341E+00  5.054495E+00  5.445774E+00  6.094565E+00  7.435596E+00  9.755000E+00
  1.398716E+01  2.104237E+01  3.157154E+01  4.559501E+01  6.115698E+01  7.526508E+01  8.563203E+01  9.212379E+01  9.573304E+01  9.752336E+01
  4.714588E+00  4.717463E+00  4.864501E+00  5.054796E+00  5.414520E+00  6.082037E+00  7.347804E+00  9.663317E+00  1.378766E+01  2.066525E+01
  3.113593E+01  4.500336E+01  6.059401E+01  7.480110E+01  8.531245E+01  9.192850E+01  9.561166E+01  9.743167E+01  4.714588E+00  4.709902E+00
  4.858160E+00  5.046678E+00  5.408577E+00  6.074200E+00  7.316644E+00  9.605395E+00  1.371241E+01  2.052909E+01  3.091938E+01  4.476553E+01
  6.035579E+01  7.460920E+01  8.518427E+01  9.184630E+01  9.555515E+01  9.737739E+01  4.714588E+00  4.700390E+00  4.865263E+00  5.056518E+00
  5.416156E+00  6.071539E+00  7.346916E+00  9.656112E+00  1.377618E+01  2.066683E+01  3.111755E+01  4.498261E+01  6.057133E+01  7.477721E+01
  8.529430E+01  9.190338E+01  9.557182E+01  9.736169E+01  4.714588E+00  4.711344E+00  4.858346E+00  5.056122E+00  5.435352E+00  6.069498E+00
  7.378202E+00  9.682358E+00  1.386802E+01  2.077203E+01  3.124393E+01  4.518263E+01  6.076620E+01  7.493663E+01  8.540181E+01  9.195621E+01
  9.558875E+01  9.734408E+01  4.714588E+00  4.709105E+00  4.860672E+00  5.060169E+00  5.437671E+00  6.074439E+00  7.403523E+00  9.712461E+00
  1.393927E+01  2.091891E+01  3.139705E+01  4.538300E+01  6.095963E+01  7.508786E+01  8.550043E+01  9.201115E+01  9.560361E+01  9.732662E+01
  4.714588E+00  4.711179E+00  4.876788E+00  5.070793E+00  5.445893E+00  6.101840E+00  7.425071E+00  9.742519E+00  1.398283E+01  2.102549E+01
  3.155331E+01  4.556124E+01  6.112513E+01  7.524188E+01  8.559185E+01  9.205727E+01  9.561482E+01  9.730605E+01  4.714588E+00  4.721669E+00
  4.873006E+00  5.083431E+00  5.456877E+00  6.091273E+00  7.451733E+00  9.811982E+00  1.409061E+01  2.110886E+01  3.169066E+01  4.573463E+01
  6.131098E+01  7.538110E+01  8.569059E+01  9.210596E+01  9.562660E+01  9.728609E+01  4.714588E+00  4.690386E+00  4.868258E+00  5.076897E+00
  5.450478E+00  6.112876E+00  7.483930E+00  9.858086E+00  1.414790E+01  2.123764E+01  3.187177E+01  4.591621E+01  6.148874E+01  7.552164E+01
  8.577460E+01  9.215220E+01  9.563686E+01  9.726518E+01  4.714588E+00  4.716729E+00  4.876010E+00  5.077585E+00  5.459808E+00  6.118694E+00
  7.485641E+00  9.908517E+00  1.420992E+01  2.132772E+01  3.201399E+01  4.609030E+01  6.166051E+01  7.565519E+01  8.586353E+01  9.219743E+01
  9.564505E+01  9.724171E+01  4.714588E+00  4.713553E+00  4.869302E+00  5.077003E+00  5.445281E+00  6.120548E+00  7.486268E+00  9.882057E+00
  1.417723E+01  2.129183E+01  3.192231E+01  4.600420E+01  6.157174E+01  7.558944E+01  8.581421E+01  9.215986E+01  9.561097E+01  9.719742E+01
  4.714588E+00  4.747590E+00  4.876594E+00  5.074924E+00  5.441005E+00  6.095047E+00  7.465461E+00  9.828503E+00  1.410872E+01  2.115218E+01
  3.174545E+01  4.579688E+01  6.135369E+01  7.541533E+01  8.569627E+01  9.208170E+01  9.555423E+01  9.714149E+01  4.714588E+00  4.724031E+00
  4.876131E+00  5.073779E+00  5.446766E+00  6.101298E+00  7.438847E+00  9.751689E+00  1.397510E+01  2.103541E+01  3.154981E+01  4.556177E+01
  6.112035E+01  7.522539E+01  8.556921E+01  9.200068E+01  9.549567E+01  9.708556E+01  4.714588E+00  4.698000E+00  4.876722E+00  5.068087E+00
  5.441955E+00  6.075422E+00  7.385061E+00  9.714309E+00  1.392724E+01  2.089204E+01  3.136861E+01  4.531563E+01  6.089692E+01  7.503810E+01
  8.543853E+01  9.191717E+01  9.543685E+01  9.702920E+01
