  6.468409E-01
          18 10.0000000
 -2.000000E+01 -1.000000E+01 -2.107210E+00 -1.806180E+00 -1.505150E+00 -1.204120E+00 -9.030900E-01 -6.020600E-01 -3.010300E-01  0.000000E+00
  3.010300E-01  6.020600E-01  9.030900E-01  1.204120E+00  1.505150E+00  1.806180E+00  2.107210E+00  2.408240E+00
          10  9.0000000
  0.000000E+00  9.000000E+00  1.800000E+01  2.700000E+01  3.600000E+01  4.500000E+01  5.400000E+01  6.300000E+01  7.200000E+01  8.100000E+01
          12  2.0000000
  1.000000E+00  3.000000E+00  5.000000E+00  7.000000E+00  9.000000E+00  1.100000E+01  1.300000E+01  1.500000E+01  1.700000E+01  1.900000E+01
  2.100000E+01  2.300000E+01
  2.428922E+00  2.424765E+00  2.484323E+00  2.535691E+00  2.652495E+00  2.882852E+00  3.323721E+00  4.263895E+00  6.301239E+00  1.013827E+01
  1.789043E+01  3.158153E+01  5.011953E+01  6.811104E+01  8.146873E+01  8.992084E+01  9.473560E+01  9.730560E+01  2.458465E+00  2.455974E+00
  2.517735E+00  2.566061E+00  2.688446E+00  2.922137E+00  3.375446E+00  4.333255E+00  6.411932E+00  1.033426E+01  1.820858E+01  3.200741E+01
  5.048833E+01  6.835423E+01  8.160964E+01  8.999784E+01  9.477579E+01  9.732624E+01  2.548120E+00  2.546174E+00  2.610787E+00  2.669962E+00
  2.794898E+00  3.046834E+00  3.531319E+00  4.551368E+00  6.754963E+00  1.094662E+01  1.920507E+01  3.328066E+01  5.160888E+01  6.907955E+01
  8.203320E+01  9.022744E+01  9.489634E+01  9.738758E+01  2.719216E+00  2.714571E+00  2.788878E+00  2.850866E+00  2.991842E+00  3.273871E+00
  3.815569E+00  4.966778E+00  7.448881E+00  1.207646E+01  2.099998E+01  3.548764E+01  5.345279E+01  7.028049E+01  8.272802E+01  9.060635E+01
  9.509376E+01  9.748898E+01  2.986333E+00  2.982373E+00  3.068757E+00  3.145955E+00  3.311602E+00  3.651497E+00  4.295884E+00  5.665092E+00
  8.640860E+00  1.391197E+01  2.377298E+01  3.865079E+01  5.600336E+01  7.192738E+01  8.368507E+01  9.112573E+01  9.536576E+01  9.762810E+01
  3.400407E+00  3.398531E+00  3.508991E+00  3.611057E+00  3.820511E+00  4.251640E+00  5.080279E+00  6.811336E+00  1.046624E+01  1.683313E+01
  2.784087E+01  4.284203E+01  5.923291E+01  7.399759E+01  8.488582E+01  9.177960E+01  9.570692E+01  9.780291E+01  4.064630E+00  4.058886E+00
  4.211652E+00  4.360594E+00  4.655961E+00  5.257090E+00  6.409798E+00  8.796411E+00  1.351658E+01  2.143779E+01  3.352265E+01  4.814252E+01
  6.309009E+01  7.646347E+01  8.631779E+01  9.255855E+01  9.611474E+01  9.801169E+01  5.206649E+00  5.206726E+00  5.446278E+00  5.667801E+00
  6.132924E+00  7.070127E+00  8.873747E+00  1.238962E+01  1.881286E+01  2.855878E+01  4.109101E+01  5.441012E+01  6.754655E+01  7.931752E+01
  8.797195E+01  9.345841E+01  9.658490E+01  9.825224E+01  7.456699E+00  7.447432E+00  7.894898E+00  8.321806E+00  9.178364E+00  1.085872E+01
  1.396331E+01  1.956863E+01  2.839210E+01  3.920807E+01  5.041118E+01  6.156205E+01  7.261470E+01  8.254987E+01  8.984703E+01  9.447956E+01
  9.711821E+01  9.852532E+01  1.371178E+01  1.370888E+01  1.479401E+01  1.583727E+01  1.779783E+01  2.144075E+01  2.733628E+01  3.564630E+01
  4.488509E+01  5.302104E+01  6.113951E+01  6.968601E+01  7.838960E+01  8.622698E+01  9.198501E+01  9.564124E+01  9.772729E+01  9.883683E+01
  2.428922E+00  2.422418E+00  2.466349E+00  2.508224E+00  2.598078E+00  2.759548E+00  3.104513E+00  3.789145E+00  5.249326E+00  8.083000E+00
  1.393495E+01  2.491302E+01  4.186649E+01  6.078664E+01  7.638083E+01  8.683897E+01  9.302348E+01  9.639999E+01  2.458465E+00  2.453465E+00
  2.497988E+00  2.541204E+00  2.632797E+00  2.797918E+00  3.147922E+00  3.849367E+00  5.341519E+00  8.236577E+00  1.418520E+01  2.530559E+01
  4.227792E+01  6.108875E+01  7.656266E+01  8.694073E+01  9.307769E+01  9.642791E+01  2.548120E+00  2.543174E+00  2.592448E+00  2.637426E+00
  2.737900E+00  2.913424E+00  3.277171E+00  4.037741E+00  5.626362E+00  8.729377E+00  1.503215E+01  2.649971E+01  4.352745E+01  6.198951E+01
  7.710485E+01  8.724351E+01  9.323867E+01  9.651104E+01  2.719216E+00  2.713341E+00  2.766633E+00  2.816835E+00  2.930453E+00  3.127857E+00
  3.542435E+00  4.396924E+00  6.174522E+00  9.660130E+00  1.655117E+01  2.860806E+01  4.562100E+01  6.347483E+01  7.800458E+01  8.774268E+01
  9.350335E+01  9.664760E+01  2.986333E+00  2.981540E+00  3.044303E+00  3.104418E+00  3.238075E+00  3.474809E+00  3.976954E+00  4.992401E+00
  7.101913E+00  1.119635E+01  1.895053E+01  3.177985E+01  4.855809E+01  6.551401E+01  7.923350E+01  8.842907E+01  9.386655E+01  9.683541E+01
  3.400407E+00  3.395474E+00  3.480028E+00  3.555958E+00  3.719003E+00  4.030068E+00  4.682377E+00  5.974439E+00  8.614447E+00  1.357086E+01
  2.260598E+01  3.608546E+01  5.231366E+01  6.807909E+01  8.077932E+01  8.929019E+01  9.432401E+01  9.707094E+01  4.064630E+00  4.057698E+00
  4.176673E+00  4.283454E+00  4.518206E+00  4.950706E+00  5.844907E+00  7.634319E+00  1.115990E+01  1.751529E+01  2.793604E+01  4.176837E+01
  5.685890E+01  7.113100E+01  8.261810E+01  9.031654E+01  9.486761E+01  9.735148E+01  5.206649E+00  5.202604E+00  5.386379E+00  5.555943E+00
  5.911742E+00  6.596878E+00  7.974832E+00  1.065820E+01  1.569428E+01  2.389076E+01  3.554287E+01  4.878506E+01  6.211821E+01  7.465360E+01
  8.473969E+01  9.149841E+01  9.549474E+01  9.767474E+01  7.456699E+00  7.450207E+00  7.780881E+00  8.092539E+00  8.757874E+00  9.997925E+00
  1.240987E+01  1.679362E+01  2.417531E+01  3.428917E+01  4.566128E+01  5.691603E+01  6.809682E+01  7.863944E+01  8.714703E+01  9.283785E+01
  9.620515E+01  9.804127E+01  1.371178E+01  1.368925E+01  1.448349E+01  1.525526E+01  1.669937E+01  1.938398E+01  2.416160E+01  3.157009E+01
  4.072792E+01  4.948463E+01  5.765720E+01  6.609145E+01  7.483552E+01  8.314104E+01  8.985657E+01  9.435042E+01  9.700687E+01  9.845470E+01
  2.428922E+00  2.423645E+00  2.456108E+00  2.497104E+00  2.575911E+00  2.708998E+00  2.984799E+00  3.575587E+00  4.753603E+00  7.226805E+00
  1.229082E+01  2.216953E+01  3.828255E+01  5.738681E+01  7.387819E+01  8.525176E+01  9.212019E+01  9.592133E+01  2.458465E+00  2.454165E+00
  2.486978E+00  2.528598E+00  2.610037E+00  2.746532E+00  3.028316E+00  3.638885E+00  4.838741E+00  7.366538E+00  1.253583E+01  2.255275E+01
  3.871413E+01  5.771358E+01  7.407742E+01  8.536492E+01  9.217970E+01  9.595255E+01  2.548120E+00  2.543533E+00  2.582254E+00  2.625577E+00
  2.713449E+00  2.856746E+00  3.155440E+00  3.818615E+00  5.100243E+00  7.819635E+00  1.331415E+01  2.374402E+01  4.001601E+01  5.869300E+01
  7.468118E+01  8.570438E+01  9.236047E+01  9.604595E+01  2.719216E+00  2.713590E+00  2.753291E+00  2.803402E+00  2.897152E+00  3.063853E+00
  3.408814E+00  4.136243E+00  5.600146E+00  8.676511E+00  1.474957E+01  2.582170E+01  4.219979E+01  6.030320E+01  7.567241E+01  8.626389E+01
  9.265996E+01  9.620051E+01  2.986333E+00  2.980948E+00  3.028830E+00  3.086503E+00  3.202277E+00  3.400359E+00  3.818262E+00  4.686101E+00
  6.456515E+00  1.008613E+01  1.705465E+01  2.895881E+01  4.528640E+01  6.251909E+01  7.703360E+01  8.703178E+01  9.307047E+01  9.641336E+01
  3.400407E+00  3.396380E+00  3.463111E+00  3.536812E+00  3.676245E+00  3.942806E+00  4.486019E+00  5.623640E+00  7.883943E+00  1.239555E+01
  2.058533E+01  3.334273E+01  4.926078E+01  6.530975E+01  7.874725E+01  8.799807E+01  9.358650E+01  9.668008E+01  4.064630E+00  4.058296E+00
  4.157235E+00  4.259709E+00  4.468107E+00  4.843381E+00  5.616226E+00  7.216016E+00  1.030831E+01  1.616378E+01  2.585896E+01  3.914929E+01
  5.408509E+01  6.863264E+01  8.078864E+01  8.914973E+01  9.420055E+01  9.699914E+01  5.206649E+00  5.198950E+00  5.361851E+00  5.518995E+00
  5.844904E+00  6.458385E+00  7.687192E+00  1.012976E+01  1.464275E+01  2.240252E+01  3.349566E+01  4.640954E+01  5.971262E+01  7.247166E+01
  8.314378E+01  9.047928E+01  9.491100E+01  9.736665E+01  7.456699E+00  7.451678E+00  7.755963E+00  8.044270E+00  8.663918E+00  9.782565E+00
  1.200555E+01  1.609193E+01  2.293241E+01  3.274378E+01  4.389985E+01  5.496473E+01  6.610173E+01  7.683453E+01  8.582048E+01  9.198693E+01
  9.571649E+01  9.778273E+01  1.371178E+01  1.369337E+01  1.442840E+01  1.513833E+01  1.649318E+01  1.898548E+01  2.344882E+01  3.049141E+01
  3.942188E+01  4.832370E+01  5.639545E+01  6.462640E+01  7.331111E+01  8.173973E+01  8.883143E+01  9.368446E+01  9.662405E+01  9.825199E+01
  2.428922E+00  2.424493E+00  2.459603E+00  2.485567E+00  2.554486E+00  2.689036E+00  2.945191E+00  3.479849E+00  4.591224E+00  6.847365E+00
  1.152298E+01  2.082170E+01  3.646916E+01  5.561163E+01  7.250962E+01  8.438391E+01  9.162231E+01  9.565490E+01  2.458465E+00  2.456293E+00
  2.492550E+00  2.518854E+00  2.586985E+00  2.721949E+00  2.989167E+00  3.533616E+00  4.663278E+00  6.976384E+00  1.175886E+01  2.121371E+01
  3.690144E+01  5.595594E+01  7.272094E+01  8.450346E+01  9.168568E+01  9.568663E+01  2.548120E+00  2.547010E+00  2.584849E+00  2.613316E+00
  2.689673E+00  2.833062E+00  3.112950E+00  3.701110E+00  4.907795E+00  7.407724E+00  1.250981E+01  2.237058E+01  3.822356E+01  5.697252E+01
  7.335415E+01  8.486274E+01  9.187816E+01  9.578640E+01  2.719216E+00  2.715747E+00  2.757034E+00  2.792171E+00  2.872921E+00  3.034742E+00
  3.351581E+00  4.016803E+00  5.403253E+00  8.230547E+00  1.389982E+01  2.443573E+01  4.044876E+01  5.863503E+01  7.439662E+01  8.545280E+01
  9.219551E+01  9.595113E+01  2.986333E+00  2.984699E+00  3.032118E+00  3.072786E+00  3.172901E+00  3.368504E+00  3.755188E+00  4.552598E+00
  6.256245E+00  9.592115E+00  1.615260E+01  2.755936E+01  4.360276E+01  6.095139E+01  7.582613E+01  8.626793E+01  9.263205E+01  9.617760E+01
  3.400407E+00  3.401346E+00  3.465925E+00  3.521363E+00  3.649240E+00  3.900126E+00  4.409506E+00  5.457986E+00  7.609030E+00  1.183869E+01
  1.964172E+01  3.196836E+01  4.767558E+01  6.384380E+01  7.762969E+01  8.729034E+01  9.318093E+01  9.646236E+01  4.064630E+00  4.063811E+00
  4.155801E+00  4.241420E+00  4.431223E+00  4.790182E+00  5.522506E+00  7.012938E+00  9.987945E+00  1.552640E+01  2.486019E+01  3.783140E+01
  5.265200E+01  6.733216E+01  7.978184E+01  8.851090E+01  9.383574E+01  9.680186E+01  5.206649E+00  5.207860E+00  5.361150E+00  5.499130E+00
  5.801469E+00  6.388028E+00  7.558741E+00  9.889711E+00  1.426884E+01  2.170280E+01  3.250233E+01  4.524023E+01  5.846220E+01  7.132661E+01
  8.226553E+01  8.992551E+01  9.459290E+01  9.719504E+01  7.456699E+00  7.456590E+00  7.744295E+00  8.013288E+00  8.597459E+00  9.698033E+00
  1.182919E+01  1.575496E+01  2.240447E+01  3.199678E+01  4.302847E+01  5.400713E+01  6.506552E+01  7.588155E+01  8.508630E+01  9.152505E+01
  9.545067E+01  9.763998E+01  1.371178E+01  1.370465E+01  1.440789E+01  1.508201E+01  1.638163E+01  1.879711E+01  2.316669E+01  3.002265E+01
  3.884362E+01  4.776686E+01  5.579382E+01  6.391010E+01  7.250022E+01  8.100401E+01  8.825789E+01  9.332545E+01  9.641727E+01  9.814119E+01
  2.428922E+00  2.425783E+00  2.454662E+00  2.484714E+00  2.553836E+00  2.671905E+00  2.932515E+00  3.428821E+00  4.413883E+00  6.582078E+00
  1.106128E+01  2.001966E+01  3.534601E+01  5.442063E+01  7.164326E+01  8.380912E+01  9.130196E+01  9.547807E+01  2.458465E+00  2.456825E+00
  2.487727E+00  2.518029E+00  2.586818E+00  2.705732E+00  2.976237E+00  3.480526E+00  4.484478E+00  6.711479E+00  1.129502E+01  2.041164E+01
  3.578241E+01  5.478403E+01  7.185967E+01  8.393177E+01  9.136792E+01  9.551084E+01  2.548120E+00  2.548237E+00  2.580782E+00  2.613578E+00
  2.688899E+00  2.813971E+00  3.100302E+00  3.642592E+00  4.740032E+00  7.116053E+00  1.202553E+01  2.154998E+01  3.711848E+01  5.581995E+01
  7.251140E+01  8.430404E+01  9.156788E+01  9.561469E+01  2.719216E+00  2.715974E+00  2.753106E+00  2.791252E+00  2.871411E+00  3.015328E+00
  3.342100E+00  3.955097E+00  5.199212E+00  7.908429E+00  1.338324E+01  2.361193E+01  3.936096E+01  5.751624E+01  7.358710E+01  8.491729E+01
  9.189717E+01  9.578621E+01  2.986333E+00  2.982177E+00  3.027782E+00  3.072284E+00  3.169358E+00  3.349102E+00  3.732682E+00  4.481325E+00
  5.990587E+00  9.272047E+00  1.558774E+01  2.672246E+01  4.255925E+01  5.989545E+01  7.506535E+01  8.575951E+01  9.235057E+01  9.602174E+01
  3.400407E+00  3.396078E+00  3.461075E+00  3.519581E+00  3.643080E+00  3.879716E+00  4.386911E+00  5.376840E+00  7.336670E+00  1.143035E+01
  1.904111E+01  3.112739E+01  4.668801E+01  6.288657E+01  7.692614E+01  8.682173E+01  9.292110E+01  9.631846E+01  4.064630E+00  4.065225E+00
  4.152210E+00  4.238110E+00  4.420749E+00  4.759294E+00  5.474885E+00  6.907040E+00  9.681253E+00  1.510573E+01  2.423172E+01  3.704178E+01
  5.176152E+01  6.646519E+01  7.914475E+01  8.808410E+01  9.360106E+01  9.667184E+01  5.206649E+00  5.203506E+00  5.357394E+00  5.496109E+00
  5.789344E+00  6.351005E+00  7.531868E+00  9.744394E+00  1.389298E+01  2.122405E+01  3.189082E+01  4.451024E+01  5.767508E+01  7.056721E+01
  8.171333E+01  8.955134E+01  9.438850E+01  9.708127E+01  7.456699E+00  7.456082E+00  7.742877E+00  8.009093E+00  8.576165E+00  9.647159E+00
  1.176061E+01  1.559288E+01  2.204094E+01  3.151073E+01  4.250334E+01  5.341289E+01  6.441550E+01  7.523765E+01  8.462605E+01  9.121207E+01
  9.528114E+01  9.754536E+01  1.371178E+01  1.372201E+01  1.441055E+01  1.505248E+01  1.634801E+01  1.871864E+01  2.300400E+01  2.974875E+01
  3.846670E+01  4.737727E+01  5.541764E+01  6.348890E+01  7.200852E+01  8.050488E+01  8.790761E+01  9.307683E+01  9.628263E+01  9.806812E+01
  2.428922E+00  2.426852E+00  2.454112E+00  2.485120E+00  2.545442E+00  2.660826E+00  2.907462E+00  3.390477E+00  4.342115E+00  6.441641E+00
  1.079928E+01  1.948374E+01  3.458261E+01  5.370316E+01  7.101831E+01  8.341903E+01  9.106603E+01  9.535310E+01  2.458465E+00  2.457196E+00
  2.485721E+00  2.519378E+00  2.578677E+00  2.695953E+00  2.944603E+00  3.438798E+00  4.415396E+00  6.568502E+00  1.100449E+01  1.985632E+01
  3.502289E+01  5.405993E+01  7.123976E+01  8.354526E+01  9.113235E+01  9.538667E+01  2.548120E+00  2.546891E+00  2.580692E+00  2.615119E+00
  2.680979E+00  2.805485E+00  3.071362E+00  3.603780E+00  4.658195E+00  6.964900E+00  1.171161E+01  2.099856E+01  3.637277E+01  5.511396E+01
  7.190531E+01  8.392614E+01  9.133794E+01  9.549371E+01  2.719216E+00  2.716891E+00  2.750602E+00  2.792226E+00  2.862031E+00  3.002862E+00
  3.313802E+00  3.906062E+00  5.126396E+00  7.742245E+00  1.304976E+01  2.305851E+01  3.863426E+01  5.685838E+01  7.300174E+01  8.455377E+01
  9.167596E+01  9.566967E+01  2.986333E+00  2.982939E+00  3.025488E+00  3.070727E+00  3.158852E+00  3.332862E+00  3.694860E+00  4.431453E+00
  5.901413E+00  9.082196E+00  1.526775E+01  2.613758E+01  4.185841E+01  5.926367E+01  7.451269E+01  8.541664E+01  9.214122E+01  9.591111E+01
  3.400407E+00  3.398391E+00  3.459628E+00  3.519387E+00  3.629652E+00  3.861202E+00  4.346441E+00  5.307424E+00  7.236739E+00  1.123900E+01
  1.867107E+01  3.056199E+01  4.604357E+01  6.229527E+01  7.641299E+01  8.650256E+01  9.272676E+01  9.621571E+01  4.064630E+00  4.061670E+00
  4.146934E+00  4.236556E+00  4.410090E+00  4.740768E+00  5.430585E+00  6.825003E+00  9.549191E+00  1.485021E+01  2.385684E+01  3.647390E+01
  5.115630E+01  6.592087E+01  7.868171E+01  8.780086E+01  9.342542E+01  9.657952E+01  5.206649E+00  5.204626E+00  5.350007E+00  5.488680E+00
  5.769008E+00  6.329257E+00  7.463983E+00  9.649003E+00  1.373921E+01  2.095971E+01  3.148029E+01  4.399924E+01  5.715363E+01  7.011261E+01
  8.130734E+01  8.930319E+01  9.423436E+01  9.700052E+01  7.456699E+00  7.455090E+00  7.735674E+00  8.003186E+00  8.555189E+00  9.608010E+00
  1.168466E+01  1.546051E+01  2.182310E+01  3.123874E+01  4.215984E+01  5.300006E+01  6.398520E+01  7.487647E+01  8.428850E+01  9.100486E+01
  9.515356E+01  9.747872E+01  1.371178E+01  1.370809E+01  1.437924E+01  1.502505E+01  1.629504E+01  1.863528E+01  2.286141E+01  2.957458E+01
  3.826129E+01  4.720008E+01  5.521730E+01  6.317852E+01  7.167719E+01  8.023944E+01  8.763773E+01  9.292176E+01  9.618528E+01  9.801579E+01
  2.428922E+00  2.423852E+00  2.448432E+00  2.487445E+00  2.549642E+00  2.653195E+00  2.883942E+00  3.371940E+00  4.326081E+00  6.412585E+00
  1.059162E+01  1.913287E+01  3.417467E+01  5.326278E+01  7.067602E+01  8.319744E+01  9.093805E+01  9.528400E+01  2.458465E+00  2.455082E+00
  2.481144E+00  2.519863E+00  2.580341E+00  2.687002E+00  2.924589E+00  3.413924E+00  4.388445E+00  6.564266E+00  1.081803E+01  1.954735E+01
  3.461801E+01  5.362060E+01  7.090078E+01  8.332362E+01  9.100610E+01  9.531749E+01  2.548120E+00  2.544717E+00  2.574533E+00  2.614501E+00
  2.682978E+00  2.795116E+00  3.043764E+00  3.579417E+00  4.635338E+00  6.973945E+00  1.152857E+01  2.064392E+01  3.596167E+01  5.468047E+01
  7.157287E+01  8.371038E+01  9.121384E+01  9.542632E+01  2.719216E+00  2.714097E+00  2.746843E+00  2.791822E+00  2.862321E+00  2.991949E+00
  3.281563E+00  3.882188E+00  5.076829E+00  7.698209E+00  1.285703E+01  2.266756E+01  3.823072E+01  5.644443E+01  7.268151E+01  8.434659E+01
  9.155679E+01  9.560489E+01  2.986333E+00  2.979428E+00  3.021365E+00  3.071329E+00  3.160378E+00  3.320114E+00  3.669138E+00  4.390996E+00
  5.858801E+00  9.048415E+00  1.503526E+01  2.581253E+01  4.148228E+01  5.886904E+01  7.421000E+01  8.522111E+01  9.202895E+01  9.585051E+01
  3.400407E+00  3.394833E+00  3.452688E+00  3.520646E+00  3.630421E+00  3.845121E+00  4.306461E+00  5.272112E+00  7.172437E+00  1.124977E+01
  1.843662E+01  3.016826E+01  4.567405E+01  6.192523E+01  7.613419E+01  8.632217E+01  9.262294E+01  9.615966E+01  4.064630E+00  4.058962E+00
  4.141307E+00  4.235828E+00  4.407668E+00  4.726012E+00  5.398941E+00  6.774420E+00  9.481503E+00  1.490946E+01  2.359406E+01  3.615983E+01
  5.083918E+01  6.558842E+01  7.842796E+01  8.763703E+01  9.333239E+01  9.652919E+01  5.206649E+00  5.202938E+00  5.340320E+00  5.490154E+00
  5.769255E+00  6.303086E+00  7.406805E+00  9.588513E+00  1.365269E+01  2.090192E+01  3.125220E+01  4.367762E+01  5.687603E+01  6.981799E+01
  8.108780E+01  8.916062E+01  9.415428E+01  9.695666E+01  7.456699E+00  7.451247E+00  7.723693E+00  8.000677E+00  8.551124E+00  9.589451E+00
  1.162060E+01  1.538404E+01  2.174731E+01  3.118281E+01  4.193745E+01  5.276758E+01  6.375671E+01  7.463586E+01  8.410456E+01  9.088779E+01
  9.508645E+01  9.744221E+01  1.371178E+01  1.369942E+01  1.437265E+01  1.503544E+01  1.628937E+01  1.858172E+01  2.275368E+01  2.943349E+01
  3.813395E+01  4.717018E+01  5.501919E+01  6.305252E+01  7.150808E+01  8.005157E+01  8.749503E+01  9.283254E+01  9.613390E+01  9.798793E+01
  2.428922E+00  2.425367E+00  2.455393E+00  2.480760E+00  2.542471E+00  2.652932E+00  2.907634E+00  3.347137E+00  4.292655E+00  6.312733E+00
  1.042643E+01  1.884978E+01  3.369485E+01  5.277039E+01  7.029370E+01  8.292583E+01  9.078477E+01  9.520301E+01  2.458465E+00  2.458035E+00
  2.485261E+00  2.513004E+00  2.575691E+00  2.684951E+00  2.941182E+00  3.395231E+00  4.343249E+00  6.419587E+00  1.063140E+01  1.921811E+01
  3.417711E+01  5.313002E+01  7.051904E+01  8.306015E+01  9.085214E+01  9.523731E+01  2.548120E+00  2.546706E+00  2.579725E+00  2.608159E+00
  2.676832E+00  2.790714E+00  3.061425E+00  3.554106E+00  4.597826E+00  6.814115E+00  1.134698E+01  2.036386E+01  3.550857E+01  5.420546E+01
  7.120238E+01  8.345021E+01  9.106438E+01  9.534816E+01  2.719216E+00  2.716948E+00  2.751435E+00  2.785261E+00  2.857253E+00  2.988498E+00
  3.303924E+00  3.846490E+00  5.043079E+00  7.575139E+00  1.265583E+01  2.238558E+01  3.781298E+01  5.598256E+01  7.232758E+01  8.409658E+01
  9.141323E+01  9.552931E+01  2.986333E+00  2.984480E+00  3.025527E+00  3.064356E+00  3.153200E+00  3.319196E+00  3.715450E+00  4.366893E+00
  5.834156E+00  8.887749E+00  1.482080E+01  2.548060E+01  4.100486E+01  5.843676E+01  7.387540E+01  8.498281E+01  9.189310E+01  9.577943E+01
  3.400407E+00  3.399233E+00  3.459131E+00  3.511704E+00  3.622755E+00  3.841610E+00  4.303415E+00  5.226498E+00  7.260763E+00  1.100500E+01
  1.820992E+01  2.990581E+01  4.527920E+01  6.152686E+01  7.582435E+01  8.610255E+01  9.249605E+01  9.609325E+01  4.064630E+00  4.066099E+00
  4.146731E+00  4.227139E+00  4.399624E+00  4.717643E+00  5.389418E+00  6.724693E+00  9.379403E+00  1.459218E+01  2.335119E+01  3.585776E+01
  5.046244E+01  6.522781E+01  7.815031E+01  8.743586E+01  9.321860E+01  9.646885E+01  5.206649E+00  5.207911E+00  5.350611E+00  5.479752E+00
  5.757829E+00  6.298441E+00  7.418151E+00  9.530910E+00  1.357289E+01  2.067921E+01  3.100621E+01  4.344358E+01  5.653920E+01  6.950423E+01
  8.084637E+01  8.898717E+01  9.405329E+01  9.690395E+01  7.456699E+00  7.460036E+00  7.729870E+00  7.983716E+00  8.537698E+00  9.576788E+00
  1.161415E+01  1.530444E+01  2.168973E+01  3.092133E+01  4.173382E+01  5.255817E+01  6.348949E+01  7.437835E+01  8.390516E+01  9.073627E+01
  9.500148E+01  9.739825E+01  1.371178E+01  1.370914E+01  1.437679E+01  1.501599E+01  1.626625E+01  1.857015E+01  2.275654E+01  2.934522E+01
  3.810617E+01  4.695326E+01  5.487671E+01  6.284692E+01  7.129871E+01  7.985434E+01  8.734686E+01  9.271355E+01  9.606853E+01  9.795423E+01
  2.428922E+00  2.426501E+00  2.454604E+00  2.478032E+00  2.540022E+00  2.655467E+00  2.870136E+00  3.336003E+00  4.241425E+00  6.216753E+00
  1.026954E+01  1.848325E+01  3.336463E+01  5.240756E+01  6.998657E+01  8.274605E+01  9.067387E+01  9.514019E+01  2.458465E+00  2.456821E+00
  2.486153E+00  2.510557E+00  2.571942E+00  2.686369E+00  2.907274E+00  3.385758E+00  4.296422E+00  6.322257E+00  1.049973E+01  1.888350E+01
  3.380029E+01  5.276765E+01  7.021789E+01  8.287736E+01  9.074419E+01  9.517562E+01  2.548120E+00  2.546595E+00  2.579540E+00  2.604214E+00
  2.672175E+00  2.793475E+00  3.028369E+00  3.543893E+00  4.539595E+00  6.720803E+00  1.119671E+01  1.997407E+01  3.516101E+01  5.385172E+01
  7.090656E+01  8.327351E+01  9.095895E+01  9.528714E+01  2.719216E+00  2.716459E+00  2.749318E+00  2.782933E+00  2.852272E+00  2.992968E+00
  3.261782E+00  3.837494E+00  4.978779E+00  7.476286E+00  1.249071E+01  2.199185E+01  3.745201E+01  5.564471E+01  7.203825E+01  8.392768E+01
  9.131125E+01  9.547143E+01  2.986333E+00  2.981698E+00  3.024341E+00  3.060546E+00  3.147252E+00  3.317284E+00  3.643550E+00  4.346590E+00
  5.742649E+00  8.764194E+00  1.465222E+01  2.515271E+01  4.071717E+01  5.811362E+01  7.360275E+01  8.482559E+01  9.179623E+01  9.572389E+01
  3.400407E+00  3.396765E+00  3.457578E+00  3.507252E+00  3.616858E+00  3.840590E+00  4.278295E+00  5.209099E+00  7.044394E+00  1.090208E+01
  1.800930E+01  2.953438E+01  4.497049E+01  6.123499E+01  7.557224E+01  8.595547E+01  9.240768E+01  9.604282E+01  4.064630E+00  4.060692E+00
  4.143442E+00  4.222357E+00  4.389767E+00  4.709325E+00  5.361532E+00  6.707198E+00  9.308061E+00  1.445966E+01  2.314564E+01  3.550933E+01
  5.018334E+01  6.495934E+01  7.791919E+01  8.730474E+01  9.313858E+01  9.642320E+01  5.206649E+00  5.201416E+00  5.345569E+00  5.475762E+00
  5.745954E+00  6.288605E+00  7.355618E+00  9.499127E+00  1.347600E+01  2.052565E+01  3.081047E+01  4.314016E+01  5.631085E+01  6.927901E+01
  8.064491E+01  8.887187E+01  9.398438E+01  9.686430E+01  7.456699E+00  7.456705E+00  7.727933E+00  7.979084E+00  8.525795E+00  9.570047E+00
  1.155633E+01  1.527007E+01  2.151478E+01  3.078332E+01  4.156540E+01  5.223661E+01  6.329175E+01  7.418891E+01  8.373775E+01  9.064846E+01
  9.494604E+01  9.736510E+01  1.371178E+01  1.369383E+01  1.436860E+01  1.500815E+01  1.623066E+01  1.854252E+01  2.265944E+01  2.928178E+01
  3.789137E+01  4.684939E+01  5.474288E+01  6.267674E+01  7.114937E+01  7.971265E+01  8.721413E+01  9.264250E+01  9.602543E+01  9.792883E+01
  2.428922E+00  2.425309E+00  2.454316E+00  2.481410E+00  2.540761E+00  2.638463E+00  2.867209E+00  3.331699E+00  4.239047E+00  6.161251E+00
  1.018761E+01  1.837371E+01  3.303408E+01  5.205230E+01  6.971885E+01  8.257431E+01  9.056770E+01  9.508289E+01  2.458465E+00  2.456942E+00
  2.485894E+00  2.514971E+00  2.572424E+00  2.675290E+00  2.906408E+00  3.371808E+00  4.294243E+00  6.269838E+00  1.038814E+01  1.875002E+01
  3.348277E+01  5.241618E+01  6.995087E+01  8.270570E+01  9.063815E+01  9.511707E+01  2.548120E+00  2.545941E+00  2.579659E+00  2.610116E+00
  2.672474E+00  2.779443E+00  3.025992E+00  3.526901E+00  4.530863E+00  6.658662E+00  1.108467E+01  1.989864E+01  3.483233E+01  5.349648E+01
  7.064680E+01  8.310414E+01  9.085455E+01  9.523061E+01  2.719216E+00  2.716285E+00  2.748364E+00  2.787648E+00  2.853294E+00  2.977934E+00
  3.252120E+00  3.829662E+00  4.987460E+00  7.394913E+00  1.238942E+01  2.190612E+01  3.713321E+01  5.530806E+01  7.179174E+01  8.376738E+01
  9.121098E+01  9.541694E+01  2.986333E+00  2.982550E+00  3.023705E+00  3.066804E+00  3.148539E+00  3.301940E+00  3.635611E+00  4.336743E+00
  5.769054E+00  8.701921E+00  1.453245E+01  2.499717E+01  4.042694E+01  5.780416E+01  7.336717E+01  8.467229E+01  9.170234E+01  9.567237E+01
  3.400407E+00  3.395755E+00  3.456875E+00  3.513533E+00  3.617485E+00  3.821202E+00  4.268891E+00  5.193792E+00  7.018886E+00  1.086998E+01
  1.788971E+01  2.944464E+01  4.468920E+01  6.094085E+01  7.535436E+01  8.581332E+01  9.231995E+01  9.599575E+01  4.064630E+00  4.059808E+00
  4.146130E+00  4.225983E+00  4.388055E+00  4.698320E+00  5.349243E+00  6.674854E+00  9.346144E+00  1.430544E+01  2.302477E+01  3.541268E+01
  4.993246E+01  6.469489E+01  7.772188E+01  8.717892E+01  9.305836E+01  9.637971E+01  5.206649E+00  5.204640E+00  5.346926E+00  5.479532E+00
  5.745678E+00  6.269372E+00  7.346136E+00  9.469419E+00  1.344215E+01  2.040442E+01  3.069619E+01  4.301992E+01  5.609577E+01  6.904303E+01
  8.047302E+01  8.876026E+01  9.391369E+01  9.682732E+01  7.456699E+00  7.450365E+00  7.729974E+00  7.985507E+00  8.523180E+00  9.534168E+00
  1.154214E+01  1.522239E+01  2.153879E+01  3.061448E+01  4.144355E+01  5.224968E+01  6.311466E+01  7.399818E+01  8.359160E+01  9.055487E+01
  9.488651E+01  9.733410E+01  1.371178E+01  1.370705E+01  1.437052E+01  1.501453E+01  1.622552E+01  1.849732E+01  2.264042E+01  2.922456E+01
  3.793072E+01  4.676266E+01  5.470150E+01  6.258356E+01  7.102090E+01  7.955114E+01  8.710310E+01  9.256815E+01  9.597852E+01  9.790265E+01
  2.428922E+00  2.422579E+00  2.449673E+00  2.471101E+00  2.539048E+00  2.643534E+00  2.858585E+00  3.303839E+00  4.193707E+00  6.118111E+00
  1.004960E+01  1.821637E+01  3.277849E+01  5.181687E+01  6.952602E+01  8.243667E+01  9.049407E+01  9.504552E+01  2.458465E+00  2.452713E+00
  2.478199E+00  2.501004E+00  2.572121E+00  2.672287E+00  2.892022E+00  3.353111E+00  4.254714E+00  6.216607E+00  1.025186E+01  1.858425E+01
  3.323070E+01  5.218171E+01  6.975913E+01  8.257168E+01  9.056619E+01  9.508191E+01  2.548120E+00  2.542872E+00  2.574748E+00  2.596878E+00
  2.670692E+00  2.781159E+00  3.015017E+00  3.507252E+00  4.483046E+00  6.606562E+00  1.094379E+01  1.971985E+01  3.458608E+01  5.327969E+01
  7.045850E+01  8.297459E+01  9.078564E+01  9.519677E+01  2.719216E+00  2.712284E+00  2.743697E+00  2.776710E+00  2.850408E+00  2.983466E+00
  3.245729E+00  3.791204E+00  4.921498E+00  7.330961E+00  1.225452E+01  2.174443E+01  3.689617E+01  5.508778E+01  7.160777E+01  8.363764E+01
  9.114402E+01  9.538271E+01  2.986333E+00  2.978700E+00  3.019096E+00  3.053205E+00  3.145860E+00  3.303937E+00  3.628115E+00  4.296582E+00
  5.666659E+00  8.618436E+00  1.439446E+01  2.484356E+01  4.018206E+01  5.758980E+01  7.319685E+01  8.455259E+01  9.163885E+01  9.564059E+01
  3.400407E+00  3.393553E+00  3.455092E+00  3.500847E+00  3.615627E+00  3.823279E+00  4.258273E+00  5.153032E+00  6.971776E+00  1.073678E+01
  1.772134E+01  2.925919E+01  4.445797E+01  6.074459E+01  7.519530E+01  8.570294E+01  9.226189E+01  9.596590E+01  4.064630E+00  4.056144E+00
  4.139505E+00  4.210983E+00  4.388863E+00  4.700042E+00  5.345198E+00  6.632627E+00  9.206638E+00  1.427832E+01  2.286769E+01  3.524593E+01
  4.972113E+01  6.452017E+01  7.758205E+01  8.707831E+01  9.300716E+01  9.635437E+01  5.206649E+00  5.196400E+00  5.335794E+00  5.461304E+00
  5.741981E+00  6.273238E+00  7.340055E+00  9.421463E+00  1.335721E+01  2.032869E+01  3.053493E+01  4.289441E+01  5.590990E+01  6.889408E+01
  8.035411E+01  8.867381E+01  9.386926E+01  9.680385E+01  7.456699E+00  7.453103E+00  7.719371E+00  7.967437E+00  8.516914E+00  9.536626E+00
  1.152322E+01  1.516561E+01  2.137142E+01  3.057835E+01  4.130992E+01  5.210440E+01  6.295264E+01  7.387098E+01  8.349446E+01  9.048396E+01
  9.485155E+01  9.731533E+01  1.371178E+01  1.369174E+01  1.436045E+01  1.498725E+01  1.623369E+01  1.851997E+01  2.259201E+01  2.914572E+01
  3.779152E+01  4.668749E+01  5.457686E+01  6.249047E+01  7.088824E+01  7.945823E+01  8.702767E+01  9.251533E+01  9.595234E+01  9.789113E+01
  2.428922E+00  2.427299E+00  2.458020E+00  2.482840E+00  2.539853E+00  2.645384E+00  2.856604E+00  3.296444E+00  4.180136E+00  6.083231E+00
  9.976996E+00  1.811680E+01  3.255719E+01  5.161201E+01  6.934946E+01  8.231791E+01  9.042549E+01  9.500690E+01  2.458465E+00  2.457679E+00
  2.490438E+00  2.514695E+00  2.572018E+00  2.675546E+00  2.894528E+00  3.345533E+00  4.234215E+00  6.182611E+00  1.018455E+01  1.846737E+01
  3.299761E+01  5.198157E+01  6.958344E+01  8.245318E+01  9.049494E+01  9.504368E+01  2.548120E+00  2.547936E+00  2.582826E+00  2.611417E+00
  2.671504E+00  2.780882E+00  3.014025E+00  3.496466E+00  4.463657E+00  6.570314E+00  1.087883E+01  1.962059E+01  3.436259E+01  5.307978E+01
  7.028738E+01  8.285715E+01  9.071756E+01  9.515830E+01  2.719216E+00  2.717277E+00  2.753822E+00  2.786853E+00  2.850776E+00  2.977780E+00
  3.236949E+00  3.785838E+00  4.909375E+00  7.303891E+00  1.216671E+01  2.162492E+01  3.667688E+01  5.490033E+01  7.144458E+01  8.352791E+01
  9.107882E+01  9.534666E+01  2.986333E+00  2.985131E+00  3.027905E+00  3.067077E+00  3.146957E+00  3.303484E+00  3.618377E+00  4.287810E+00
  5.659098E+00  8.607142E+00  1.428226E+01  2.470045E+01  3.996418E+01  5.741077E+01  7.303947E+01  8.444695E+01  9.157710E+01  9.560690E+01
  3.400407E+00  3.398151E+00  3.462170E+00  3.514543E+00  3.618536E+00  3.822400E+00  4.252916E+00  5.140568E+00  6.949608E+00  1.066310E+01
  1.761663E+01  2.912534E+01  4.426596E+01  6.058010E+01  7.504976E+01  8.560563E+01  9.220599E+01  9.593388E+01  4.064630E+00  4.062311E+00
  4.149046E+00  4.226205E+00  4.386284E+00  4.686140E+00  5.326686E+00  6.625164E+00  9.201246E+00  1.423393E+01  2.276182E+01  3.510477E+01
  4.954706E+01  6.437151E+01  7.745124E+01  8.699216E+01  9.295537E+01  9.632540E+01  5.206649E+00  5.203901E+00  5.349888E+00  5.474982E+00
  5.745394E+00  6.267167E+00  7.315875E+00  9.399309E+00  1.331950E+01  2.029461E+01  3.042493E+01  4.278124E+01  5.575258E+01  6.876956E+01
  8.023572E+01  8.859695E+01  9.382673E+01  9.677901E+01  7.456699E+00  7.455944E+00  7.728671E+00  7.989841E+00  8.516559E+00  9.522278E+00
  1.150233E+01  1.513895E+01  2.135860E+01  3.053324E+01  4.121689E+01  5.199129E+01  6.282222E+01  7.377029E+01  8.339661E+01  9.041963E+01
  9.481494E+01  9.729443E+01  1.371178E+01  1.370475E+01  1.437309E+01  1.500229E+01  1.622917E+01  1.849122E+01  2.257372E+01  2.911591E+01
  3.772751E+01  4.666531E+01  5.450837E+01  6.243088E+01  7.079462E+01  7.938495E+01  8.694888E+01  9.246897E+01  9.592353E+01  9.787337E+01
  4.338419E+00  4.444882E+00  4.730885E+00  4.925053E+00  5.277127E+00  6.109178E+00  7.345947E+00  9.897694E+00  1.412382E+01  2.113405E+01
  3.158640E+01  4.521187E+01  6.069210E+01  7.495116E+01  8.541612E+01  9.207822E+01  9.586798E+01  9.788544E+01  4.338419E+00  4.440593E+00
  4.662551E+00  4.762933E+00  5.084668E+00  5.588857E+00  6.718496E+00  8.719490E+00  1.222294E+01  1.771935E+01  2.656247E+01  3.897116E+01
  5.418990E+01  6.925019E+01  8.147028E+01  8.968191E+01  9.453094E+01  9.717839E+01  4.338419E+00  4.438316E+00  4.578697E+00  4.732095E+00
  5.090672E+00  5.444179E+00  6.423405E+00  8.347353E+00  1.134515E+01  1.655861E+01  2.471418E+01  3.650953E+01  5.131544E+01  6.658192E+01
  7.953085E+01  8.845004E+01  9.382450E+01  9.679740E+01  4.338419E+00  4.582032E+00  4.614442E+00  4.696553E+00  5.033804E+00  5.429667E+00
  6.396167E+00  8.079134E+00  1.105204E+01  1.600010E+01  2.379885E+01  3.525902E+01  4.977934E+01  6.520382E+01  7.846104E+01  8.775412E+01
  9.343199E+01  9.659380E+01  4.338419E+00  4.500968E+00  4.679233E+00  4.738445E+00  5.028284E+00  5.421506E+00  6.256571E+00  8.006328E+00
  1.081480E+01  1.563128E+01  2.326297E+01  3.452494E+01  4.883675E+01  6.422092E+01  7.778996E+01  8.729887E+01  9.317445E+01  9.645426E+01
  4.338419E+00  4.461934E+00  4.606521E+00  4.731328E+00  5.031290E+00  5.395895E+00  6.361478E+00  7.941700E+00  1.068875E+01  1.543068E+01
  2.293774E+01  3.395175E+01  4.822439E+01  6.372921E+01  7.730486E+01  8.700716E+01  9.299849E+01  9.635889E+01  4.338419E+00  4.461148E+00
  4.627905E+00  4.762727E+00  5.030742E+00  5.345389E+00  6.222445E+00  7.934894E+00  1.062464E+01  1.530761E+01  2.268137E+01  3.355963E+01
  4.789828E+01  6.335828E+01  7.703948E+01  8.683174E+01  9.289436E+01  9.630457E+01  4.338419E+00  4.481375E+00  4.670537E+00  4.723039E+00
  5.034381E+00  5.396649E+00  6.246030E+00  7.878351E+00  1.056070E+01  1.519470E+01  2.248651E+01  3.336973E+01  4.742466E+01  6.298589E+01
  7.673875E+01  8.659765E+01  9.277425E+01  9.624031E+01  4.338419E+00  4.428588E+00  4.611098E+00  4.722206E+00  4.951727E+00  5.398192E+00
  6.246569E+00  7.880154E+00  1.046741E+01  1.507363E+01  2.231531E+01  3.302006E+01  4.721534E+01  6.269339E+01  7.650154E+01  8.647076E+01
  9.269516E+01  9.619212E+01  4.338419E+00  4.468987E+00  4.646580E+00  4.751608E+00  5.018550E+00  5.335248E+00  6.256190E+00  7.899457E+00
  1.044928E+01  1.498193E+01  2.224620E+01  3.293914E+01  4.695053E+01  6.238073E+01  7.629658E+01  8.632369E+01  9.260880E+01  9.614071E+01
  4.338419E+00  4.351866E+00  4.639482E+00  4.754614E+00  5.006384E+00  5.421361E+00  6.218497E+00  7.811981E+00  1.037127E+01  1.494524E+01
  2.210695E+01  3.277993E+01  4.675120E+01  6.221901E+01  7.614248E+01  8.623487E+01  9.255251E+01  9.611796E+01  4.338419E+00  4.432718E+00
  4.647595E+00  4.781966E+00  5.055952E+00  5.323528E+00  6.259552E+00  7.794766E+00  1.039780E+01  1.492199E+01  2.201221E+01  3.264441E+01
  4.656379E+01  6.206617E+01  7.599432E+01  8.613594E+01  9.249296E+01  9.608862E+01
