  6.336874E-01
          18 10.0000000
 -2.000000E+01 -1.000000E+01 -2.107210E+00 -1.806180E+00 -1.505150E+00 -1.204120E+00 -9.030900E-01 -6.020600E-01 -3.010300E-01  0.000000E+00
  3.010300E-01  6.020600E-01  9.030900E-01  1.204120E+00  1.505150E+00  1.806180E+00  2.107210E+00  2.408240E+00
          10 10.0000000
  0.000000E+00  1.000000E+01  2.000000E+01  3.000000E+01  4.000000E+01  5.000000E+01  6.000000E+01  7.000000E+01  8.000000E+01  8.900000E+01
          12  2.0000000
  1.000000E+00  3.000000E+00  5.000000E+00  7.000000E+00  9.000000E+00  1.100000E+01  1.300000E+01  1.500000E+01  1.700000E+01  1.900000E+01
  2.100000E+01  2.300000E+01
  2.654225E+00  2.648838E+00  2.705619E+00  2.756705E+00  2.867328E+00  3.107438E+00  3.569586E+00  4.513329E+00  6.440217E+00  1.030711E+01
  1.801898E+01  3.163857E+01  5.016793E+01  6.808434E+01  8.147176E+01  8.991368E+01  9.472541E+01  9.730416E+01  2.692797E+00  2.687256E+00
  2.744868E+00  2.802468E+00  2.917099E+00  3.162253E+00  3.633475E+00  4.601193E+00  6.585058E+00  1.054809E+01  1.841006E+01  3.215236E+01
  5.063017E+01  6.838491E+01  8.164676E+01  9.000857E+01  9.477498E+01  9.732926E+01  2.816789E+00  2.813467E+00  2.878100E+00  2.936657E+00
  3.058747E+00  3.317596E+00  3.838580E+00  4.889319E+00  7.040371E+00  1.132175E+01  1.964422E+01  3.373732E+01  5.200938E+01  6.928123E+01
  8.216809E+01  9.029232E+01  9.492352E+01  9.740544E+01  3.050244E+00  3.044732E+00  3.120540E+00  3.189547E+00  3.333025E+00  3.634400E+00
  4.223194E+00  5.449847E+00  7.921831E+00  1.278089E+01  2.190921E+01  3.645596E+01  5.427455E+01  7.075355E+01  8.302370E+01  9.075781E+01
  9.516687E+01  9.752988E+01  3.433609E+00  3.429996E+00  3.522418E+00  3.608146E+00  3.783987E+00  4.162049E+00  4.905509E+00  6.415233E+00
  9.463371E+00  1.519731E+01  2.550427E+01  4.042703E+01  5.740736E+01  7.277223E+01  8.419608E+01  9.139561E+01  9.550039E+01  9.770071E+01
  4.063212E+00  4.057892E+00  4.181111E+00  4.307186E+00  4.551495E+00  5.066289E+00  6.081029E+00  8.118785E+00  1.212166E+01  1.928973E+01
  3.081977E+01  4.568091E+01  6.135096E+01  7.529782E+01  8.566158E+01  9.219287E+01  9.591703E+01  9.791448E+01  5.162116E+00  5.150578E+00
  5.345124E+00  5.547665E+00  5.928417E+00  6.735088E+00  8.279135E+00  1.131526E+01  1.691208E+01  2.595536E+01  3.834437E+01  5.221359E+01
  6.603700E+01  7.829763E+01  8.740483E+01  9.314145E+01  9.641352E+01  9.816788E+01  7.372843E+00  7.355031E+00  7.727736E+00  8.091158E+00
  8.789394E+00  1.025466E+01  1.295869E+01  1.790765E+01  2.594107E+01  3.656451E+01  4.813546E+01  5.986026E+01  7.147932E+01  8.176383E+01
  8.941725E+01  9.423622E+01  9.698643E+01  9.846120E+01  1.351226E+01  1.348861E+01  1.442391E+01  1.528218E+01  1.698350E+01  2.024080E+01
  2.561498E+01  3.353656E+01  4.279245E+01  5.136557E+01  5.974447E+01  6.865983E+01  7.771567E+01  8.575119E+01  9.173019E+01  9.549578E+01
  9.764538E+01  9.879890E+01  4.989585E+01  4.982480E+01  5.080963E+01  5.148846E+01  5.234923E+01  5.377249E+01  5.534504E+01  5.779236E+01
  6.090056E+01  6.511411E+01  7.045771E+01  7.656028E+01  8.329572E+01  8.931222E+01  9.379250E+01  9.662461E+01  9.823418E+01  9.910104E+01
  2.654225E+00  2.654932E+00  2.694460E+00  2.731727E+00  2.807505E+00  2.977771E+00  3.323376E+00  3.982246E+00  5.435905E+00  8.332860E+00
  1.409424E+01  2.487795E+01  4.177806E+01  6.066574E+01  7.629672E+01  8.676194E+01  9.298723E+01  9.637678E+01  2.692797E+00  2.691065E+00
  2.733007E+00  2.774185E+00  2.855075E+00  3.023780E+00  3.379453E+00  4.053608E+00  5.555683E+00  8.521576E+00  1.442218E+01  2.536051E+01
  4.228347E+01  6.104063E+01  7.652385E+01  8.688834E+01  9.305441E+01  9.641161E+01  2.816789E+00  2.819451E+00  2.864645E+00  2.909344E+00
  2.994007E+00  3.175457E+00  3.566246E+00  4.298326E+00  5.921086E+00  9.155050E+00  1.545445E+01  2.685775E+01  4.383435E+01  6.215369E+01
  7.719688E+01  8.726369E+01  9.325355E+01  9.651448E+01  3.050244E+00  3.048910E+00  3.105913E+00  3.153339E+00  3.254379E+00  3.469064E+00
  3.917121E+00  4.773624E+00  6.634390E+00  1.034841E+01  1.739273E+01  2.949791E+01  4.642095E+01  6.398141E+01  7.830344E+01  8.788037E+01
  9.358132E+01  9.668272E+01  3.433609E+00  3.434230E+00  3.501098E+00  3.564333E+00  3.690097E+00  3.962760E+00  4.522215E+00  5.597546E+00
  7.898457E+00  1.240385E+01  2.054666E+01  3.348196E+01  5.004464E+01  6.648985E+01  7.981555E+01  8.872400E+01  9.402885E+01  9.691400E+01
  4.063212E+00  4.066363E+00  4.153987E+00  4.248959E+00  4.421448E+00  4.796970E+00  5.572514E+00  7.048175E+00  1.012232E+01  1.580616E+01
  2.548983E+01  3.901867E+01  5.466473E+01  6.962331E+01  8.170801E+01  8.977926E+01  9.458929E+01  9.720309E+01  5.162116E+00  5.163763E+00
  5.300527E+00  5.446190E+00  5.733111E+00  6.309911E+00  7.503043E+00  9.732278E+00  1.414699E+01  2.171438E+01  3.288755E+01  4.620842E+01
  6.021922E+01  7.334647E+01  8.395496E+01  9.103091E+01  9.525280E+01  9.754527E+01  7.372843E+00  7.364673E+00  7.643505E+00  7.918917E+00
  8.427904E+00  9.485925E+00  1.157775E+01  1.538442E+01  2.207583E+01  3.183739E+01  4.336713E+01  5.490273E+01  6.663293E+01  7.763820E+01
  8.654710E+01  9.247717E+01  9.602036E+01  9.794165E+01  1.351226E+01  1.352057E+01  1.416689E+01  1.481785E+01  1.604939E+01  1.845634E+01
  2.280894E+01  2.956443E+01  3.863744E+01  4.781821E+01  5.638913E+01  6.490738E+01  7.397265E+01  8.254785E+01  8.950546E+01  9.412773E+01
  9.689668E+01  9.839296E+01  4.989585E+01  4.992304E+01  5.058471E+01  5.115355E+01  5.185350E+01  5.305735E+01  5.458726E+01  5.647599E+01
  5.954741E+01  6.330576E+01  6.800512E+01  7.378619E+01  8.044344E+01  8.689042E+01  9.210706E+01  9.557581E+01  9.765989E+01  9.878526E+01
  2.654225E+00  2.657491E+00  2.684195E+00  2.719735E+00  2.780483E+00  2.921122E+00  3.204961E+00  3.784231E+00  4.936378E+00  7.401626E+00
  1.252353E+01  2.216522E+01  3.824007E+01  5.732355E+01  7.375236E+01  8.519901E+01  9.208397E+01  9.590234E+01  2.692797E+00  2.696407E+00
  2.722728E+00  2.762714E+00  2.828364E+00  2.966600E+00  3.262691E+00  3.856982E+00  5.051998E+00  7.580688E+00  1.279306E+01  2.263754E+01
  3.877868E+01  5.772791E+01  7.400018E+01  8.533929E+01  9.215906E+01  9.594006E+01  2.816789E+00  2.821703E+00  2.854039E+00  2.894296E+00
  2.966684E+00  3.116157E+00  3.436547E+00  4.077195E+00  5.389779E+00  8.150208E+00  1.379464E+01  2.411698E+01  4.039275E+01  5.892708E+01
  7.474453E+01  8.575893E+01  9.238322E+01  9.605656E+01  3.050244E+00  3.053690E+00  3.093154E+00  3.139058E+00  3.225326E+00  3.399035E+00
  3.771528E+00  4.523698E+00  6.081869E+00  9.285688E+00  1.562271E+01  2.673120E+01  4.311842E+01  6.091436E+01  7.596586E+01  8.644814E+01
  9.275224E+01  9.624770E+01  3.433609E+00  3.441144E+00  3.486192E+00  3.546993E+00  3.651274E+00  3.883137E+00  4.352005E+00  5.311685E+00
  7.224794E+00  1.122116E+01  1.869578E+01  3.071216E+01  4.691451E+01  6.363548E+01  7.763992E+01  8.739342E+01  9.325722E+01  9.650909E+01
  4.063212E+00  4.071997E+00  4.137252E+00  4.228519E+00  4.365071E+00  4.699980E+00  5.363273E+00  6.693180E+00  9.324728E+00  1.449765E+01
  2.350045E+01  3.636391E+01  5.181356E+01  6.704147E+01  7.973335E+01  8.857487E+01  9.388929E+01  9.683649E+01  5.162116E+00  5.168441E+00
  5.281019E+00  5.416853E+00  5.681825E+00  6.187934E+00  7.240709E+00  9.290985E+00  1.319928E+01  2.017939E+01  3.088137E+01  4.380521E+01
  5.772619E+01  7.109805E+01  8.222305E+01  8.998118E+01  9.464159E+01  9.722584E+01  7.372843E+00  7.379662E+00  7.611046E+00  7.879257E+00
  8.330579E+00  9.297611E+00  1.121497E+01  1.477214E+01  2.089617E+01  3.022585E+01  4.154591E+01  5.291267E+01  6.458067E+01  7.578442E+01
  8.510503E+01  9.160550E+01  9.551040E+01  9.767578E+01  1.351226E+01  1.353975E+01  1.411310E+01  1.472747E+01  1.588196E+01  1.810840E+01
  2.214712E+01  2.863270E+01  3.728159E+01  4.650594E+01  5.506937E+01  6.343185E+01  7.239401E+01  8.114083E+01  8.838902E+01  9.345767E+01
  9.650136E+01  9.818833E+01  4.989585E+01  4.996101E+01  5.053272E+01  5.103586E+01  5.165540E+01  5.274675E+01  5.431927E+01  5.627437E+01
  5.878128E+01  6.243520E+01  6.706412E+01  7.276303E+01  7.917902E+01  8.578631E+01  9.121745E+01  9.505151E+01  9.736414E+01  9.863133E+01
  2.654225E+00  2.650807E+00  2.681861E+00  2.724809E+00  2.769976E+00  2.898371E+00  3.196629E+00  3.692904E+00  4.783710E+00  6.948622E+00
  1.168730E+01  2.097483E+01  3.645772E+01  5.556034E+01  7.245023E+01  8.436211E+01  9.158846E+01  9.563924E+01  2.692797E+00  2.687968E+00
  2.722270E+00  2.763617E+00  2.817126E+00  2.945167E+00  3.245049E+00  3.755746E+00  4.883291E+00  7.115655E+00  1.197905E+01  2.146378E+01
  3.699311E+01  5.598020E+01  7.271352E+01  8.451034E+01  9.166631E+01  9.567915E+01  2.816789E+00  2.813981E+00  2.852229E+00  2.895330E+00
  2.952648E+00  3.091775E+00  3.417436E+00  3.971932E+00  5.210502E+00  7.668188E+00  1.292254E+01  2.295469E+01  3.862264E+01  5.723086E+01
  7.349490E+01  8.495208E+01  9.190510E+01  9.580267E+01  3.050244E+00  3.046460E+00  3.091830E+00  3.135867E+00  3.207500E+00  3.369958E+00
  3.764696E+00  4.404282E+00  5.842205E+00  8.719057E+00  1.471401E+01  2.554435E+01  4.139060E+01  5.929467E+01  7.477664E+01  8.568306E+01
  9.229638E+01  9.600611E+01  3.433609E+00  3.433301E+00  3.487660E+00  3.550452E+00  3.635626E+00  3.847323E+00  4.308933E+00  5.167977E+00
  6.996091E+00  1.056659E+01  1.770011E+01  2.956691E+01  4.528995E+01  6.212531E+01  7.653872E+01  8.668317E+01  9.283282E+01  9.628418E+01
  4.063212E+00  4.063077E+00  4.134857E+00  4.227736E+00  4.353324E+00  4.655104E+00  5.312339E+00  6.516721E+00  9.039201E+00  1.377486E+01
  2.244748E+01  3.521800E+01  5.031596E+01  6.567964E+01  7.873949E+01  8.793407E+01  9.350378E+01  9.663287E+01  5.162116E+00  5.153946E+00
  5.279090E+00  5.408417E+00  5.644592E+00  6.132359E+00  7.152704E+00  9.054871E+00  1.284813E+01  1.943280E+01  2.981106E+01  4.272196E+01
  5.641639E+01  6.990694E+01  8.135864E+01  8.942559E+01  9.430415E+01  9.704838E+01  7.372843E+00  7.368422E+00  7.608438E+00  7.864857E+00
  8.301142E+00  9.222676E+00  1.113607E+01  1.447565E+01  2.046582E+01  2.937771E+01  4.056995E+01  5.215284E+01  6.350195E+01  7.480423E+01
  8.439494E+01  9.114935E+01  9.522836E+01  9.752790E+01  1.351226E+01  1.350939E+01  1.411394E+01  1.470560E+01  1.580651E+01  1.795364E+01
  2.191909E+01  2.819214E+01  3.681591E+01  4.589200E+01  5.435864E+01  6.285791E+01  7.158569E+01  8.039162E+01  8.785316E+01  9.311289E+01
  9.628300E+01  9.807536E+01  4.989585E+01  4.981913E+01  5.049993E+01  5.099456E+01  5.164147E+01  5.258851E+01  5.419738E+01  5.601884E+01
  5.863839E+01  6.210180E+01  6.659194E+01  7.216072E+01  7.858187E+01  8.520708E+01  9.081079E+01  9.480681E+01  9.719525E+01  9.854855E+01
  2.654225E+00  2.651202E+00  2.682076E+00  2.713858E+00  2.775422E+00  2.890097E+00  3.133530E+00  3.630459E+00  4.657248E+00  6.758211E+00
  1.121574E+01  2.013357E+01  3.537286E+01  5.446706E+01  7.156357E+01  8.378078E+01  9.127111E+01  9.546259E+01  2.692797E+00  2.690712E+00
  2.721410E+00  2.756013E+00  2.821479E+00  2.936836E+00  3.190284E+00  3.694518E+00  4.759963E+00  6.928120E+00  1.150680E+01  2.060421E+01
  3.592077E+01  5.489586E+01  7.183177E+01  8.393175E+01  9.135052E+01  9.550288E+01  2.816789E+00  2.816734E+00  2.852212E+00  2.885987E+00
  2.957394E+00  3.084494E+00  3.352645E+00  3.907763E+00  5.075886E+00  7.449354E+00  1.243246E+01  2.204409E+01  3.757103E+01  5.617879E+01
  7.263762E+01  8.439240E+01  9.159905E+01  9.563197E+01  3.050244E+00  3.045836E+00  3.091025E+00  3.130122E+00  3.208876E+00  3.358604E+00
  3.677494E+00  4.325239E+00  5.679943E+00  8.484528E+00  1.416832E+01  2.463410E+01  4.035402E+01  5.829620E+01  7.395982E+01  8.514919E+01
  9.200452E+01  9.584367E+01  3.433609E+00  3.434608E+00  3.484999E+00  3.535748E+00  3.634645E+00  3.831194E+00  4.236283E+00  5.067308E+00
  6.817051E+00  1.032650E+01  1.709197E+01  2.861126E+01  4.432638E+01  6.119542E+01  7.577699E+01  8.618451E+01  9.256123E+01  9.613290E+01
  4.063212E+00  4.061552E+00  4.131429E+00  4.211129E+00  4.354491E+00  4.635844E+00  5.216689E+00  6.404438E+00  8.806297E+00  1.348604E+01
  2.180238E+01  3.429295E+01  4.944223E+01  6.483630E+01  7.804729E+01  8.748113E+01  9.325987E+01  9.649590E+01  5.162116E+00  5.155422E+00
  5.273675E+00  5.393847E+00  5.649053E+00  6.101666E+00  7.057879E+00  8.933598E+00  1.255951E+01  1.905984E+01  2.915916E+01  4.190617E+01
  5.565552E+01  6.917170E+01  8.075647E+01  8.902708E+01  9.409113E+01  9.692849E+01  7.372843E+00  7.358442E+00  7.605669E+00  7.849608E+00
  8.301202E+00  9.182595E+00  1.096960E+01  1.430303E+01  2.012372E+01  2.898637E+01  3.997110E+01  5.134745E+01  6.288194E+01  7.420496E+01
  8.389349E+01  9.081616E+01  9.505174E+01  9.742854E+01  1.351226E+01  1.350024E+01  1.409400E+01  1.467657E+01  1.578878E+01  1.788705E+01
  2.166988E+01  2.793793E+01  3.639793E+01  4.557141E+01  5.393180E+01  6.228177E+01  7.113278E+01  7.993494E+01  8.746455E+01  9.285472E+01
  9.614847E+01  9.799831E+01  4.989585E+01  4.982066E+01  5.048566E+01  5.094437E+01  5.166636E+01  5.258585E+01  5.407543E+01  5.597348E+01
  5.849019E+01  6.195125E+01  6.629809E+01  7.181416E+01  7.819687E+01  8.482950E+01  9.048354E+01  9.458963E+01  9.708574E+01  9.848684E+01
  2.654225E+00  2.656110E+00  2.696838E+00  2.708166E+00  2.762746E+00  2.881078E+00  3.107421E+00  3.608466E+00  4.591366E+00  6.612516E+00
  1.095880E+01  1.961633E+01  3.461447E+01  5.371553E+01  7.098644E+01  8.340755E+01  9.104275E+01  9.534013E+01  2.692797E+00  2.695712E+00
  2.734795E+00  2.749688E+00  2.808422E+00  2.925373E+00  3.161794E+00  3.671968E+00  4.685876E+00  6.776104E+00  1.125051E+01  2.008148E+01
  3.514915E+01  5.414222E+01  7.126245E+01  8.356426E+01  9.112473E+01  9.538184E+01  2.816789E+00  2.818856E+00  2.867866E+00  2.879786E+00
  2.944981E+00  3.070752E+00  3.321172E+00  3.882946E+00  4.995139E+00  7.277098E+00  1.213788E+01  2.150920E+01  3.682859E+01  5.545772E+01
  7.208586E+01  8.403574E+01  9.137917E+01  9.551414E+01  3.050244E+00  3.052341E+00  3.102765E+00  3.122976E+00  3.196881E+00  3.342191E+00
  3.641023E+00  4.302507E+00  5.598780E+00  8.305789E+00  1.386385E+01  2.408718E+01  3.963698E+01  5.759777E+01  7.343859E+01  8.480912E+01
  9.179510E+01  9.573124E+01  3.433609E+00  3.438010E+00  3.497274E+00  3.527377E+00  3.619703E+00  3.813088E+00  4.195153E+00  5.032731E+00
  6.700848E+00  1.009027E+01  1.678709E+01  2.807512E+01  4.363377E+01  6.055522E+01  7.529076E+01  8.586901E+01  9.236814E+01  9.602839E+01
  4.063212E+00  4.070107E+00  4.145162E+00  4.201398E+00  4.333827E+00  4.615546E+00  5.168775E+00  6.358791E+00  8.686218E+00  1.323222E+01
  2.146848E+01  3.379027E+01  4.879938E+01  6.426025E+01  7.761133E+01  8.719639E+01  9.308408E+01  9.640119E+01  5.162116E+00  5.165450E+00
  5.285439E+00  5.382360E+00  5.622678E+00  6.073190E+00  6.996511E+00  8.874118E+00  1.241943E+01  1.878156E+01  2.881444E+01  4.146707E+01
  5.509399E+01  6.867625E+01  8.038257E+01  8.878050E+01  9.393912E+01  9.684641E+01  7.372843E+00  7.374781E+00  7.613818E+00  7.824888E+00
  8.265734E+00  9.155604E+00  1.088997E+01  1.422783E+01  1.995511E+01  2.867527E+01  3.969521E+01  5.100679E+01  6.241279E+01  7.379777E+01
  8.358470E+01  9.061507E+01  9.492640E+01  9.736046E+01  1.351226E+01  1.352597E+01  1.408260E+01  1.465177E+01  1.571740E+01  1.781637E+01
  2.158386E+01  2.783224E+01  3.623601E+01  4.530001E+01  5.375545E+01  6.206113E+01  7.077538E+01  7.962863E+01  8.723560E+01  9.270367E+01
  9.605312E+01  9.794646E+01  4.989585E+01  4.996273E+01  5.043878E+01  5.090995E+01  5.158254E+01  5.254622E+01  5.404787E+01  5.594645E+01
  5.843919E+01  6.178299E+01  6.613785E+01  7.162251E+01  7.793171E+01  8.458845E+01  9.033365E+01  9.447434E+01  9.701329E+01  9.844906E+01
  2.654225E+00  2.656171E+00  2.679821E+00  2.713021E+00  2.763973E+00  2.873035E+00  3.106061E+00  3.566689E+00  4.547653E+00  6.551136E+00
  1.063365E+01  1.933794E+01  3.419404E+01  5.328240E+01  7.065530E+01  8.316197E+01  9.091823E+01  9.527494E+01  2.692797E+00  2.694834E+00
  2.715520E+00  2.754679E+00  2.811076E+00  2.916523E+00  3.161949E+00  3.631873E+00  4.642356E+00  6.712348E+00  1.089268E+01  1.979384E+01
  3.474186E+01  5.372495E+01  7.093242E+01  8.332040E+01  9.100262E+01  9.531772E+01  2.816789E+00  2.818430E+00  2.846782E+00  2.885771E+00
  2.947163E+00  3.059055E+00  3.322066E+00  3.837731E+00  4.947187E+00  7.213186E+00  1.181238E+01  2.119059E+01  3.640446E+01  5.504127E+01
  7.176284E+01  8.379779E+01  9.126023E+01  9.545114E+01  3.050244E+00  3.052637E+00  3.084643E+00  3.129019E+00  3.197207E+00  3.334285E+00
  3.639051E+00  4.245846E+00  5.544725E+00  8.234706E+00  1.348591E+01  2.377272E+01  3.922967E+01  5.720725E+01  7.312979E+01  8.457980E+01
  9.168315E+01  9.567153E+01  3.433609E+00  3.437238E+00  3.477036E+00  3.534101E+00  3.621243E+00  3.799664E+00  4.191153E+00  4.976477E+00
  6.636000E+00  9.998672E+00  1.639124E+01  2.775406E+01  4.324174E+01  6.018259E+01  7.500486E+01  8.565401E+01  9.226155E+01  9.597359E+01
  4.063212E+00  4.068407E+00  4.125844E+00  4.203735E+00  4.328752E+00  4.597635E+00  5.158202E+00  6.292476E+00  8.597355E+00  1.311491E+01
  2.102102E+01  3.344445E+01  4.844597E+01  6.391937E+01  7.735318E+01  8.700044E+01  9.298877E+01  9.635117E+01  5.162116E+00  5.162187E+00
  5.262427E+00  5.389313E+00  5.617600E+00  6.052121E+00  6.981360E+00  8.790180E+00  1.231258E+01  1.866243E+01  2.828151E+01  4.113942E+01
  5.477530E+01  6.838030E+01  8.015462E+01  8.860775E+01  9.385571E+01  9.680305E+01  7.372843E+00  7.378543E+00  7.588482E+00  7.830985E+00
  8.261539E+00  9.135494E+00  1.086832E+01  1.411227E+01  1.982267E+01  2.856961E+01  3.928232E+01  5.076107E+01  6.215365E+01  7.354261E+01
  8.339658E+01  9.046497E+01  9.485764E+01  9.732345E+01  1.351226E+01  1.352575E+01  1.405639E+01  1.464695E+01  1.570420E+01  1.777148E+01
  2.150735E+01  2.763798E+01  3.605976E+01  4.526802E+01  5.346595E+01  6.184125E+01  7.057718E+01  7.943616E+01  8.709626E+01  9.258480E+01
  9.600040E+01  9.791998E+01  4.989585E+01  4.991420E+01  5.040425E+01  5.095124E+01  5.158388E+01  5.250585E+01  5.398479E+01  5.585194E+01
  5.832244E+01  6.170567E+01  6.567020E+01  7.146203E+01  7.774970E+01  8.441605E+01  9.023459E+01  9.438792E+01  9.697487E+01  9.842729E+01
  2.654225E+00  2.651550E+00  2.686453E+00  2.719462E+00  2.759022E+00  2.888172E+00  3.094244E+00  3.548034E+00  4.508562E+00  6.481973E+00
  1.058319E+01  1.899422E+01  3.376057E+01  5.282288E+01  7.029404E+01  8.292358E+01  9.076407E+01  9.519830E+01  2.692797E+00  2.690583E+00
  2.725198E+00  2.760452E+00  2.805022E+00  2.926473E+00  3.151349E+00  3.610803E+00  4.582728E+00  6.624841E+00  1.084905E+01  1.945225E+01
  3.431842E+01  5.326672E+01  7.057574E+01  8.308348E+01  9.084995E+01  9.524139E+01  2.816789E+00  2.815487E+00  2.856536E+00  2.891319E+00
  2.939953E+00  3.075579E+00  3.306592E+00  3.816217E+00  4.896547E+00  7.127801E+00  1.173473E+01  2.085597E+01  3.598208E+01  5.459444E+01
  7.141869E+01  8.356837E+01  9.111287E+01  9.537791E+01  3.050244E+00  3.047034E+00  3.092511E+00  3.132572E+00  3.188625E+00  3.353049E+00
  3.624226E+00  4.215600E+00  5.496039E+00  8.141483E+00  1.342530E+01  2.340791E+01  3.883034E+01  5.678284E+01  7.280077E+01  8.436313E+01
  9.154057E+01  9.560189E+01  3.433609E+00  3.433654E+00  3.485686E+00  3.540352E+00  3.612673E+00  3.814705E+00  4.171632E+00  4.934346E+00
  6.554907E+00  9.906000E+00  1.630354E+01  2.738868E+01  4.285886E+01  5.978865E+01  7.469876E+01  8.545284E+01  9.212949E+01  9.590807E+01
  4.063212E+00  4.059827E+00  4.130801E+00  4.208627E+00  4.325302E+00  4.612022E+00  5.136505E+00  6.236525E+00  8.531319E+00  1.300493E+01
  2.096994E+01  3.310643E+01  4.810256E+01  6.356676E+01  7.708060E+01  8.682058E+01  9.286798E+01  9.629286E+01  5.162116E+00  5.157364E+00
  5.270107E+00  5.392266E+00  5.605557E+00  6.071275E+00  6.949303E+00  8.727201E+00  1.223727E+01  1.853993E+01  2.828892E+01  4.082110E+01
  5.448405E+01  6.807462E+01  7.992023E+01  8.845186E+01  9.374895E+01  9.675168E+01  7.372843E+00  7.363549E+00  7.604485E+00  7.825235E+00
  8.245932E+00  9.135483E+00  1.082671E+01  1.402962E+01  1.978704E+01  2.842524E+01  3.920780E+01  5.043398E+01  6.192179E+01  7.330560E+01
  8.320728E+01  9.033929E+01  9.477104E+01  9.728306E+01  1.351226E+01  1.348858E+01  1.406139E+01  1.462900E+01  1.569446E+01  1.777468E+01
  2.143938E+01  2.752619E+01  3.599556E+01  4.513393E+01  5.340236E+01  6.159156E+01  7.040408E+01  7.925866E+01  8.695177E+01  9.249114E+01
  9.593320E+01  9.788842E+01  4.989585E+01  4.983217E+01  5.040552E+01  5.083035E+01  5.156260E+01  5.256018E+01  5.397982E+01  5.575023E+01
  5.831511E+01  6.166488E+01  6.585474E+01  7.128807E+01  7.767841E+01  8.425011E+01  9.011652E+01  9.431815E+01  9.692486E+01  9.840359E+01
  2.654225E+00  2.647794E+00  2.689934E+00  2.694711E+00  2.764937E+00  2.871918E+00  3.078862E+00  3.551637E+00  4.517966E+00  6.410387E+00
  1.038233E+01  1.873658E+01  3.341657E+01  5.241566E+01  6.997567E+01  8.274712E+01  9.065909E+01  9.513288E+01  2.692797E+00  2.686029E+00
  2.726118E+00  2.733767E+00  2.808796E+00  2.914552E+00  3.135035E+00  3.609664E+00  4.582862E+00  6.549642E+00  1.066746E+01  1.918425E+01
  3.396935E+01  5.286250E+01  7.025838E+01  8.290932E+01  9.074435E+01  9.517654E+01  2.816789E+00  2.811016E+00  2.857909E+00  2.868033E+00
  2.946247E+00  3.061088E+00  3.294088E+00  3.814709E+00  4.890274E+00  7.049871E+00  1.153376E+01  2.060007E+01  3.564910E+01  5.419619E+01
  7.110919E+01  8.339959E+01  9.101043E+01  9.531458E+01  3.050244E+00  3.041792E+00  3.093162E+00  3.108478E+00  3.195495E+00  3.336868E+00
  3.603667E+00  4.235118E+00  5.481303E+00  8.043190E+00  1.322702E+01  2.314961E+01  3.849392E+01  5.639930E+01  7.250515E+01  8.420306E+01
  9.144324E+01  9.554089E+01  3.433609E+00  3.427264E+00  3.487206E+00  3.511969E+00  3.616825E+00  3.799920E+00  4.154595E+00  4.948387E+00
  6.609696E+00  9.776530E+00  1.609393E+01  2.712617E+01  4.253915E+01  5.943152E+01  7.442194E+01  8.530462E+01  9.203993E+01  9.585166E+01
  4.063212E+00  4.056860E+00  4.135557E+00  4.176540E+00  4.329980E+00  4.586294E+00  5.111373E+00  6.239572E+00  8.592382E+00  1.288901E+01
  2.073386E+01  3.285093E+01  4.781540E+01  6.323552E+01  7.682214E+01  8.668606E+01  9.278746E+01  9.624110E+01  5.162116E+00  5.140509E+00
  5.271179E+00  5.363785E+00  5.613677E+00  6.039034E+00  6.921166E+00  8.728205E+00  1.221264E+01  1.838939E+01  2.805711E+01  4.057956E+01
  5.423164E+01  6.777692E+01  7.968977E+01  8.833634E+01  9.367931E+01  9.670596E+01  7.372843E+00  7.355409E+00  7.600482E+00  7.797306E+00
  8.248755E+00  9.104722E+00  1.080612E+01  1.402922E+01  1.968912E+01  2.827887E+01  3.899698E+01  5.023098E+01  6.172398E+01  7.304790E+01
  8.300813E+01  9.024380E+01  9.471165E+01  9.724462E+01  1.351226E+01  1.348005E+01  1.405953E+01  1.459381E+01  1.569436E+01  1.774004E+01
  2.139745E+01  2.753881E+01  3.586864E+01  4.497535E+01  5.324035E+01  6.145148E+01  7.026919E+01  7.905276E+01  8.678890E+01  9.241872E+01
  9.588719E+01  9.785781E+01  4.989585E+01  4.973687E+01  5.034506E+01  5.086623E+01  5.154210E+01  5.251770E+01  5.395759E+01  5.570955E+01
  5.828911E+01  6.154227E+01  6.579276E+01  7.121841E+01  7.756680E+01  8.411481E+01  9.000398E+01  9.425197E+01  9.689269E+01  9.837778E+01
  2.654225E+00  2.650472E+00  2.686218E+00  2.707793E+00  2.751127E+00  2.863595E+00  3.072921E+00  3.520766E+00  4.444952E+00  6.334616E+00
  1.027743E+01  1.851765E+01  3.309622E+01  5.209787E+01  6.971243E+01  8.256041E+01  9.056569E+01  9.507838E+01  2.692797E+00  2.688384E+00
  2.724238E+00  2.746728E+00  2.794549E+00  2.906816E+00  3.125698E+00  3.580402E+00  4.542453E+00  6.457373E+00  1.054628E+01  1.898870E+01
  3.365208E+01  5.254818E+01  6.999120E+01  8.272421E+01  9.065310E+01  9.512338E+01  2.816789E+00  2.814207E+00  2.854671E+00  2.879005E+00
  2.931416E+00  3.050983E+00  3.284530E+00  3.785606E+00  4.833249E+00  6.944188E+00  1.142452E+01  2.039894E+01  3.532681E+01  5.389414E+01
  7.085522E+01  8.321752E+01  9.092064E+01  9.526249E+01  3.050244E+00  3.045499E+00  3.091622E+00  3.120458E+00  3.177634E+00  3.322396E+00
  3.592865E+00  4.178393E+00  5.408955E+00  7.945071E+00  1.308730E+01  2.292050E+01  3.818600E+01  5.610911E+01  7.226111E+01  8.402859E+01
  9.135918E+01  9.549139E+01  3.433609E+00  3.431031E+00  3.482524E+00  3.523358E+00  3.601244E+00  3.788270E+00  4.141479E+00  4.901764E+00
  6.482846E+00  9.684482E+00  1.597604E+01  2.690979E+01  4.224858E+01  5.916222E+01  7.419650E+01  8.514127E+01  9.196153E+01  9.580590E+01
  4.063212E+00  4.063705E+00  4.132645E+00  4.192281E+00  4.309670E+00  4.578929E+00  5.099754E+00  6.193513E+00  8.424929E+00  1.274025E+01
  2.062693E+01  3.264440E+01  4.754347E+01  6.299584E+01  7.661671E+01  8.653712E+01  9.271706E+01  9.619962E+01  5.162116E+00  5.155848E+00
  5.265040E+00  5.372730E+00  5.589968E+00  6.025518E+00  6.905948E+00  8.667305E+00  1.210414E+01  1.823846E+01  2.792431E+01  4.037057E+01
  5.399533E+01  6.757226E+01  7.951019E+01  8.820486E+01  9.361876E+01  9.666949E+01  7.372843E+00  7.367482E+00  7.585707E+00  7.810584E+00
  8.227318E+00  9.091067E+00  1.077437E+01  1.395396E+01  1.958403E+01  2.810768E+01  3.888912E+01  5.007593E+01  6.151450E+01  7.288056E+01
  8.286421E+01  9.013267E+01  9.466236E+01  9.721429E+01  1.351226E+01  1.351666E+01  1.404235E+01  1.460635E+01  1.566387E+01  1.770956E+01
  2.137239E+01  2.741885E+01  3.576950E+01  4.481428E+01  5.318370E+01  6.134147E+01  7.010480E+01  7.892651E+01  8.667666E+01  9.233257E+01
  9.585279E+01  9.783556E+01  4.989585E+01  4.984046E+01  5.032075E+01  5.087775E+01  5.152333E+01  5.246923E+01  5.391225E+01  5.574154E+01
  5.822700E+01  6.149665E+01  6.574805E+01  7.112856E+01  7.745293E+01  8.401796E+01  8.989782E+01  9.419321E+01  9.686368E+01  9.835738E+01
  2.654225E+00  2.647938E+00  2.684436E+00  2.699609E+00  2.756930E+00  2.856745E+00  3.076478E+00  3.534323E+00  4.418619E+00  6.296967E+00
  1.020678E+01  1.835003E+01  3.290139E+01  5.183686E+01  6.952781E+01  8.241956E+01  9.048711E+01  9.504309E+01  2.692797E+00  2.685571E+00
  2.722317E+00  2.739629E+00  2.803836E+00  2.899763E+00  3.126950E+00  3.595690E+00  4.501969E+00  6.443882E+00  1.046865E+01  1.879221E+01
  3.345544E+01  5.228483E+01  6.981393E+01  8.258614E+01  9.057564E+01  9.508816E+01  2.816789E+00  2.811969E+00  2.852692E+00  2.872835E+00
  2.937069E+00  3.045613E+00  3.285900E+00  3.798670E+00  4.799867E+00  6.925803E+00  1.133908E+01  2.021070E+01  3.513492E+01  5.363959E+01
  7.067622E+01  8.308352E+01  9.084515E+01  9.522925E+01  3.050244E+00  3.042239E+00  3.089077E+00  3.113460E+00  3.186738E+00  3.311637E+00
  3.606989E+00  4.194343E+00  5.375770E+00  7.900441E+00  1.300911E+01  2.274681E+01  3.800840E+01  5.587329E+01  7.209448E+01  8.390036E+01
  9.128785E+01  9.545981E+01  3.433609E+00  3.428931E+00  3.481575E+00  3.517609E+00  3.609076E+00  3.781368E+00  4.143080E+00  4.904786E+00
  6.440564E+00  9.638508E+00  1.584185E+01  2.672350E+01  4.206838E+01  5.893971E+01  7.403726E+01  8.502130E+01  9.189424E+01  9.577650E+01
  4.063212E+00  4.056629E+00  4.126137E+00  4.183798E+00  4.315439E+00  4.568123E+00  5.104234E+00  6.204594E+00  8.372589E+00  1.269638E+01
  2.047661E+01  3.245105E+01  4.737787E+01  6.278803E+01  7.647711E+01  8.642670E+01  9.265612E+01  9.617388E+01  5.162116E+00  5.144205E+00
  5.264286E+00  5.367272E+00  5.597697E+00  6.012891E+00  6.899467E+00  8.680152E+00  1.204021E+01  1.819284E+01  2.779313E+01  4.021151E+01
  5.385384E+01  6.738612E+01  7.939100E+01  8.810689E+01  9.356561E+01  9.664794E+01  7.372843E+00  7.357074E+00  7.588783E+00  7.798776E+00
  8.228227E+00  9.073788E+00  1.074545E+01  1.398183E+01  1.950152E+01  2.808044E+01  3.875521E+01  4.993675E+01  6.140189E+01  7.272620E+01
  8.276515E+01  9.005018E+01  9.461896E+01  9.719788E+01  1.351226E+01  1.348470E+01  1.404455E+01  1.460105E+01  1.565876E+01  1.770188E+01
  2.134186E+01  2.743593E+01  3.570107E+01  4.481034E+01  5.306789E+01  6.123724E+01  7.001770E+01  7.880946E+01  8.660916E+01  9.226597E+01
  9.581984E+01  9.782416E+01  4.989585E+01  4.973794E+01  5.038003E+01  5.087302E+01  5.154836E+01  5.251125E+01  5.391773E+01  5.575349E+01
  5.816592E+01  6.147908E+01  6.571727E+01  7.104176E+01  7.734389E+01  8.386800E+01  8.985767E+01  9.414705E+01  9.683586E+01  9.835220E+01
  2.654225E+00  2.651003E+00  2.678704E+00  2.703209E+00  2.748145E+00  2.854563E+00  3.064751E+00  3.501626E+00  4.409682E+00  6.253935E+00
  1.012825E+01  1.819590E+01  3.270697E+01  5.163550E+01  6.935147E+01  8.231473E+01  9.042785E+01  9.500751E+01  2.692797E+00  2.690160E+00
  2.714557E+00  2.741048E+00  2.794297E+00  2.899502E+00  3.114253E+00  3.561123E+00  4.496412E+00  6.399208E+00  1.038372E+01  1.865254E+01
  3.325163E+01  5.209237E+01  6.964115E+01  8.248144E+01  9.051681E+01  9.505239E+01  2.816789E+00  2.815405E+00  2.845656E+00  2.872843E+00
  2.927315E+00  3.042948E+00  3.279472E+00  3.762181E+00  4.785597E+00  6.883628E+00  1.124153E+01  2.004844E+01  3.494033E+01  5.344854E+01
  7.050710E+01  8.298185E+01  9.078770E+01  9.519460E+01  3.050244E+00  3.046102E+00  3.083490E+00  3.114032E+00  3.174236E+00  3.310259E+00
  3.605008E+00  4.165835E+00  5.363809E+00  7.843997E+00  1.292200E+01  2.259092E+01  3.782179E+01  5.568664E+01  7.193433E+01  8.380407E+01
  9.123328E+01  9.542655E+01  3.433609E+00  3.431741E+00  3.476401E+00  3.516024E+00  3.597772E+00  3.777369E+00  4.173140E+00  4.887031E+00
  6.416914E+00  9.572884E+00  1.578706E+01  2.656889E+01  4.189071E+01  5.876732E+01  7.388959E+01  8.493281E+01  9.184478E+01  9.574561E+01
  4.063212E+00  4.060248E+00  4.121345E+00  4.186289E+00  4.305382E+00  4.564194E+00  5.083272E+00  6.161553E+00  8.342145E+00  1.263217E+01
  2.039172E+01  3.228957E+01  4.721702E+01  6.263757E+01  7.634133E+01  8.634660E+01  9.261217E+01  9.614625E+01  5.162116E+00  5.154331E+00
  5.259493E+00  5.368395E+00  5.585341E+00  6.007462E+00  6.882316E+00  8.657968E+00  1.201618E+01  1.810073E+01  2.770916E+01  4.009328E+01
  5.371112E+01  6.725671E+01  7.927036E+01  8.803778E+01  9.352688E+01  9.662354E+01  7.372843E+00  7.362145E+00  7.577433E+00  7.802314E+00
  8.219250E+00  9.058475E+00  1.076278E+01  1.393491E+01  1.947215E+01  2.797580E+01  3.870209E+01  4.980866E+01  6.128648E+01  7.261986E+01
  8.266452E+01  8.999431E+01  9.458852E+01  9.717718E+01  1.351226E+01  1.349402E+01  1.405164E+01  1.460125E+01  1.563922E+01  1.766299E+01
  2.136768E+01  2.738019E+01  3.565852E+01  4.472528E+01  5.304108E+01  6.115612E+01  6.993220E+01  7.872775E+01  8.653172E+01  9.222379E+01
  9.579677E+01  9.780855E+01  4.989585E+01  4.981446E+01  5.039874E+01  5.085662E+01  5.152554E+01  5.245248E+01  5.378270E+01  5.576542E+01
  5.817905E+01  6.140674E+01  6.567864E+01  7.089925E+01  7.728353E+01  8.384245E+01  8.978529E+01  9.411121E+01  9.682056E+01  9.834160E+01
  4.968555E+00  4.847269E+00  5.108356E+00  5.257483E+00  5.510590E+00  6.542169E+00  7.755895E+00  1.031310E+01  1.452168E+01  2.120461E+01
  3.163751E+01  4.521962E+01  6.078893E+01  7.491956E+01  8.542747E+01  9.206892E+01  9.585625E+01  9.788573E+01  4.968555E+00  5.005674E+00
  5.075249E+00  5.209338E+00  5.351487E+00  5.956503E+00  7.111366E+00  8.908450E+00  1.247646E+01  1.807049E+01  2.673157E+01  3.895250E+01
  5.409028E+01  6.916636E+01  8.142235E+01  8.961488E+01  9.450542E+01  9.715544E+01  4.968555E+00  5.017600E+00  5.084717E+00  5.216100E+00
  5.290192E+00  5.788273E+00  6.837934E+00  8.589632E+00  1.155115E+01  1.671847E+01  2.486849E+01  3.650337E+01  5.118655E+01  6.653577E+01
  7.940680E+01  8.840260E+01  9.379704E+01  9.678780E+01  4.968555E+00  5.028895E+00  5.174384E+00  5.228902E+00  5.307900E+00  5.713879E+00
  6.830805E+00  8.440723E+00  1.135065E+01  1.611835E+01  2.396206E+01  3.527591E+01  4.974328E+01  6.523299E+01  7.840617E+01  8.775983E+01
  9.340306E+01  9.658084E+01  4.968555E+00  4.948485E+00  5.122799E+00  5.212318E+00  5.425180E+00  5.718297E+00  6.665441E+00  8.258206E+00
  1.113289E+01  1.585955E+01  2.335790E+01  3.459025E+01  4.888754E+01  6.432645E+01  7.772034E+01  8.728913E+01  9.314889E+01  9.644216E+01
  4.968555E+00  5.012659E+00  5.112323E+00  5.166733E+00  5.263554E+00  5.648608E+00  6.633096E+00  8.209404E+00  1.104662E+01  1.559130E+01
  2.307758E+01  3.409136E+01  4.824264E+01  6.373029E+01  7.727811E+01  8.700327E+01  9.297639E+01  9.634738E+01  4.968555E+00  4.990763E+00
  5.006367E+00  5.171767E+00  5.271054E+00  5.606746E+00  6.580044E+00  8.141002E+00  1.092366E+01  1.547851E+01  2.253238E+01  3.379305E+01
  4.787968E+01  6.337827E+01  7.702306E+01  8.680186E+01  9.287999E+01  9.629574E+01  4.968555E+00  4.930477E+00  5.082326E+00  5.168490E+00
  5.265419E+00  5.736637E+00  6.583445E+00  8.045135E+00  1.087197E+01  1.537567E+01  2.258953E+01  3.345407E+01  4.754898E+01  6.301997E+01
  7.674985E+01  8.662309E+01  9.276061E+01  9.623812E+01  4.968555E+00  4.873459E+00  5.020160E+00  5.123965E+00  5.359303E+00  5.666050E+00
  6.522703E+00  8.082525E+00  1.084853E+01  1.526195E+01  2.238215E+01  3.324010E+01  4.727309E+01  6.269701E+01  7.649398E+01  8.647227E+01
  9.268063E+01  9.618672E+01  4.968555E+00  4.977328E+00  4.976488E+00  5.084646E+00  5.259078E+00  5.620701E+00  6.533172E+00  8.050695E+00
  1.075928E+01  1.514789E+01  2.230496E+01  3.301643E+01  4.700262E+01  6.245366E+01  7.626395E+01  8.632833E+01  9.260799E+01  9.614183E+01
  4.968555E+00  4.943201E+00  5.021053E+00  5.130304E+00  5.281309E+00  5.645285E+00  6.487370E+00  8.105492E+00  1.068574E+01  1.511071E+01
  2.221537E+01  3.287171E+01  4.681525E+01  6.221486E+01  7.613740E+01  8.622084E+01  9.254869E+01  9.611765E+01  4.968555E+00  5.024435E+00
  5.026792E+00  5.109838E+00  5.255847E+00  5.562272E+00  6.449053E+00  8.021298E+00  1.070644E+01  1.502380E+01  2.215529E+01  3.267084E+01
  4.666321E+01  6.209254E+01  7.599730E+01  8.613939E+01  9.250555E+01  9.609019E+01
