  6.337242E-01
          18 10.0000000
 -2.000000E+01 -1.000000E+01 -2.107210E+00 -1.806180E+00 -1.505150E+00 -1.204120E+00 -9.030900E-01 -6.020600E-01 -3.010300E-01  0.000000E+00
  3.010300E-01  6.020600E-01  9.030900E-01  1.204120E+00  1.505150E+00  1.806180E+00  2.107210E+00  2.408240E+00
          10 10.0000000
  0.000000E+00  1.000000E+01  2.000000E+01  3.000000E+01  4.000000E+01  5.000000E+01  6.000000E+01  7.000000E+01  8.000000E+01  8.900000E+01
          23  4.0000000
  4.000000E+00  8.000000E+00  1.200000E+01  1.600000E+01  2.000000E+01  2.400000E+01  2.800000E+01  3.200000E+01  3.600000E+01  4.000000E+01
  4.400000E+01  4.800000E+01  5.200000E+01  5.600000E+01  6.000000E+01  6.400000E+01  6.800000E+01  7.200000E+01  7.600000E+01  8.000000E+01
  8.400000E+01  8.800000E+01  9.200000E+01
  2.686646E+00  2.683744E+00  2.770038E+00  2.850180E+00  3.006396E+00  3.331668E+00  3.990121E+00  5.316733E+00  7.938221E+00  1.307151E+01
  2.252942E+01  3.771710E+01  5.628527E+01  7.289368E+01  8.462642E+01  9.175201E+01  9.570348E+01  9.777822E+01  2.725969E+00  2.722205E+00
  2.810970E+00  2.896690E+00  3.055714E+00  3.384258E+00  4.061840E+00  5.419316E+00  8.100367E+00  1.332795E+01  2.291945E+01  3.819298E+01
  5.668275E+01  7.314606E+01  8.476983E+01  9.182893E+01  9.574354E+01  9.779895E+01  2.851423E+00  2.848307E+00  2.944083E+00  3.034868E+00
  3.206738E+00  3.563034E+00  4.289337E+00  5.743542E+00  8.604526E+00  1.414247E+01  2.413362E+01  3.963325E+01  5.787252E+01  7.389783E+01
  8.519630E+01  9.205788E+01  9.586266E+01  9.786058E+01  3.089958E+00  3.085988E+00  3.191749E+00  3.291757E+00  3.486620E+00  3.896853E+00
  4.712571E+00  6.351274E+00  9.547544E+00  1.564670E+01  2.631913E+01  4.210449E+01  5.983766E+01  7.513007E+01  8.589534E+01  9.243274E+01
  9.605788E+01  9.796156E+01  3.480022E+00  3.474197E+00  3.599446E+00  3.720595E+00  3.959871E+00  4.437650E+00  5.422847E+00  7.369603E+00
  1.113877E+01  1.812498E+01  2.972886E+01  4.567780E+01  6.254138E+01  7.681248E+01  8.684995E+01  9.294512E+01  9.632462E+01  9.809953E+01
  4.115920E+00  4.108708E+00  4.272320E+00  4.431530E+00  4.741291E+00  5.366198E+00  6.637355E+00  9.123928E+00  1.382025E+01  2.210357E+01
  3.472951E+01  5.039243E+01  6.593212E+01  7.891272E+01  8.804103E+01  9.358435E+01  9.665733E+01  9.827168E+01  5.228122E+00  5.218610E+00
  5.458192E+00  5.689581E+00  6.141671E+00  7.053023E+00  8.860181E+00  1.231456E+01  1.851464E+01  2.847050E+01  4.171001E+01  5.621496E+01
  6.995808E+01  8.140284E+01  8.945348E+01  9.434225E+01  9.705199E+01  9.847581E+01  7.456852E+00  7.444630E+00  7.861209E+00  8.263504E+00
  9.026693E+00  1.055738E+01  1.349257E+01  1.874882E+01  2.717769E+01  3.849097E+01  5.078767E+01  6.302931E+01  7.460779E+01  8.427863E+01
  9.108442E+01  9.521758E+01  9.750774E+01  9.871162E+01  1.365874E+01  1.363592E+01  1.454687E+01  1.542371E+01  1.710164E+01  2.020281E+01
  2.557746E+01  3.361028E+01  4.330323E+01  5.266431E+01  6.152813E+01  7.089014E+01  7.998746E+01  8.760687E+01  9.297221E+01  9.623067E+01
  9.803514E+01  9.898451E+01  5.000145E+01  4.991988E+01  5.080845E+01  5.150175E+01  5.245856E+01  5.379165E+01  5.565044E+01  5.824864E+01
  6.175865E+01  6.635041E+01  7.203626E+01  7.868970E+01  8.532286E+01  9.091358E+01  9.484627E+01  9.723621E+01  9.855907E+01  9.925526E+01
  2.686646E+00  2.688832E+00  2.769917E+00  2.847812E+00  3.000476E+00  3.319752E+00  3.963666E+00  5.255028E+00  7.833687E+00  1.283361E+01
  2.211464E+01  3.687456E+01  5.537842E+01  7.220841E+01  8.416847E+01  9.147710E+01  9.553460E+01  9.764763E+01  2.725969E+00  2.727900E+00
  2.810691E+00  2.894486E+00  3.049935E+00  3.372513E+00  4.032417E+00  5.353793E+00  7.989276E+00  1.308339E+01  2.249362E+01  3.734302E+01
  5.578222E+01  7.246756E+01  8.431606E+01  9.155659E+01  9.557617E+01  9.766954E+01  2.851423E+00  2.853382E+00  2.943770E+00  3.031389E+00
  3.201316E+00  3.550084E+00  4.257295E+00  5.669460E+00  8.480386E+00  1.386929E+01  2.367465E+01  3.876923E+01  5.698929E+01  7.323847E+01
  8.475523E+01  9.179301E+01  9.569991E+01  9.773472E+01  3.089958E+00  3.092956E+00  3.190716E+00  3.287738E+00  3.476971E+00  3.874852E+00
  4.669052E+00  6.258627E+00  9.392552E+00  1.532061E+01  2.580182E+01  4.122527E+01  5.898593E+01  7.450217E+01  8.547495E+01  9.218037E+01
  9.590273E+01  9.784145E+01  3.480022E+00  3.481453E+00  3.598009E+00  3.714564E+00  3.946591E+00  4.410993E+00  5.368488E+00  7.248903E+00
  1.092539E+01  1.771494E+01  2.913885E+01  4.479440E+01  6.173908E+01  7.622765E+01  8.645793E+01  9.270944E+01  9.617972E+01  9.798724E+01
  4.115920E+00  4.118404E+00  4.269150E+00  4.423159E+00  4.723073E+00  5.325778E+00  6.545925E+00  8.944610E+00  1.351424E+01  2.156612E+01
  3.405797E+01  4.954049E+01  6.519405E+01  7.838053E+01  8.768401E+01  9.336938E+01  9.652527E+01  9.816917E+01  5.228122E+00  5.229577E+00
  5.450333E+00  5.673026E+00  6.106667E+00  6.980070E+00  8.708434E+00  1.202411E+01  1.804996E+01  2.777981E+01  4.101109E+01  5.543869E+01
  6.930047E+01  8.093174E+01  8.913698E+01  9.415157E+01  9.693484E+01  9.838483E+01  7.456852E+00  7.460750E+00  7.840927E+00  8.222545E+00
  8.953204E+00  1.040704E+01  1.320120E+01  1.824411E+01  2.647702E+01  3.769246E+01  5.017727E+01  6.236606E+01  7.404122E+01  8.387458E+01
  9.081312E+01  9.505407E+01  9.740746E+01  9.863379E+01  1.365874E+01  1.366278E+01  1.450402E+01  1.532260E+01  1.690791E+01  1.986025E+01
  2.500414E+01  3.283265E+01  4.254416E+01  5.206007E+01  6.109690E+01  7.034715E+01  7.952074E+01  8.727761E+01  9.275156E+01  9.609794E+01
  9.795403E+01  9.892181E+01  5.000145E+01  5.002740E+01  5.077561E+01  5.141418E+01  5.237749E+01  5.368320E+01  5.542595E+01  5.796503E+01
  6.147091E+01  6.602837E+01  7.175474E+01  7.829810E+01  8.498373E+01  9.067493E+01  9.468587E+01  9.713871E+01  9.849821E+01  9.920908E+01
  2.686646E+00  2.682608E+00  2.769715E+00  2.848507E+00  2.999718E+00  3.317415E+00  3.952385E+00  5.231360E+00  7.783575E+00  1.274566E+01
  2.187878E+01  3.657187E+01  5.500224E+01  7.190016E+01  8.396079E+01  9.135836E+01  9.545486E+01  9.757283E+01  2.725969E+00  2.720693E+00
  2.810281E+00  2.895344E+00  3.049750E+00  3.370101E+00  4.022059E+00  5.332797E+00  7.936652E+00  1.299139E+01  2.225289E+01  3.703598E+01
  5.540774E+01  7.216198E+01  8.411018E+01  9.143892E+01  9.549726E+01  9.759547E+01  2.851423E+00  2.845544E+00  2.943772E+00  3.032504E+00
  3.200362E+00  3.546298E+00  4.244219E+00  5.644490E+00  8.421988E+00  1.376762E+01  2.341922E+01  3.845695E+01  5.662146E+01  7.294096E+01
  8.455491E+01  9.167860E+01  9.562318E+01  9.766261E+01  3.089958E+00  3.083431E+00  3.190501E+00  3.288020E+00  3.475245E+00  3.869958E+00
  4.654215E+00  6.225273E+00  9.322129E+00  1.519974E+01  2.552196E+01  4.090355E+01  5.863006E+01  7.421796E+01  8.528347E+01  9.207148E+01
  9.582963E+01  9.777272E+01  3.480022E+00  3.472065E+00  3.598015E+00  3.714534E+00  3.943483E+00  4.404420E+00  5.346612E+00  7.207098E+00
  1.083254E+01  1.756105E+01  2.882299E+01  4.446961E+01  6.140240E+01  7.596181E+01  8.627869E+01  9.260801E+01  9.611163E+01  9.792315E+01
  4.115920E+00  4.106124E+00  4.267492E+00  4.421515E+00  4.717366E+00  5.313014E+00  6.511549E+00  8.876748E+00  1.338014E+01  2.136195E+01
  3.371044E+01  4.922681E+01  6.488419E+01  7.813741E+01  8.751987E+01  9.327727E+01  9.646341E+01  9.811079E+01  5.228122E+00  5.216656E+00
  5.448545E+00  5.669451E+00  6.092502E+00  6.951921E+00  8.651654E+00  1.191272E+01  1.784966E+01  2.751099E+01  4.064576E+01  5.515572E+01
  6.902316E+01  8.071484E+01  8.899033E+01  9.407021E+01  9.688028E+01  9.833328E+01  7.456852E+00  7.438037E+00  7.830583E+00  8.213343E+00
  8.925161E+00  1.035231E+01  1.308493E+01  1.804892E+01  2.618215E+01  3.738999E+01  4.984948E+01  6.212846E+01  7.379906E+01  8.368766E+01
  9.068633E+01  9.498473E+01  9.736113E+01  9.858997E+01  1.365874E+01  1.363356E+01  1.448471E+01  1.528997E+01  1.684085E+01  1.973251E+01
  2.477590E+01  3.251746E+01  4.222018E+01  5.183874E+01  6.084833E+01  7.015682E+01  7.931749E+01  8.712463E+01  9.264709E+01  9.604207E+01
  9.791706E+01  9.888694E+01  5.000145E+01  4.991414E+01  5.077793E+01  5.139922E+01  5.232123E+01  5.364245E+01  5.535218E+01  5.785735E+01
  6.135457E+01  6.593379E+01  7.158942E+01  7.816639E+01  8.483532E+01  9.055932E+01  9.460857E+01  9.709896E+01  9.847145E+01  9.918343E+01
  2.686646E+00  2.681877E+00  2.769631E+00  2.845074E+00  2.998955E+00  3.313718E+00  3.947341E+00  5.230157E+00  7.736720E+00  1.267355E+01
  2.174627E+01  3.633981E+01  5.477079E+01  7.171098E+01  8.382329E+01  9.127264E+01  9.538796E+01  9.750100E+01  2.725969E+00  2.719879E+00
  2.809706E+00  2.891920E+00  3.048020E+00  3.365777E+00  4.016744E+00  5.330375E+00  7.887081E+00  1.291629E+01  2.211670E+01  3.680318E+01
  5.517871E+01  7.197478E+01  8.397401E+01  9.135403E+01  9.543089E+01  9.752419E+01  2.851423E+00  2.846045E+00  2.942607E+00  3.028253E+00
  3.198701E+00  3.541358E+00  4.236856E+00  5.640493E+00  8.367401E+00  1.368443E+01  2.327400E+01  3.821909E+01  5.639779E+01  7.275934E+01
  8.442241E+01  9.159611E+01  9.555859E+01  9.759328E+01  3.089958E+00  3.084136E+00  3.189639E+00  3.284450E+00  3.473413E+00  3.863554E+00
  4.646415E+00  6.218036E+00  9.259318E+00  1.510287E+01  2.536078E+01  4.065848E+01  5.841648E+01  7.404583E+01  8.515720E+01  9.199293E+01
  9.576795E+01  9.770650E+01  3.480022E+00  3.472354E+00  3.596833E+00  3.709826E+00  3.941222E+00  4.396668E+00  5.331906E+00  7.191899E+00
  1.075309E+01  1.743982E+01  2.863680E+01  4.422157E+01  6.120310E+01  7.580287E+01  8.616077E+01  9.253480E+01  9.605388E+01  9.786118E+01
  4.115920E+00  4.107131E+00  4.267094E+00  4.415157E+00  4.713215E+00  5.302014E+00  6.493228E+00  8.851616E+00  1.327053E+01  2.120340E+01
  3.349926E+01  4.898501E+01  6.470712E+01  7.799408E+01  8.741248E+01  9.321066E+01  9.641057E+01  9.805415E+01  5.228122E+00  5.215784E+00
  5.446444E+00  5.659054E+00  6.084388E+00  6.931765E+00  8.617636E+00  1.186171E+01  1.769393E+01  2.730614E+01  4.042270E+01  5.493644E+01
  6.887206E+01  8.058990E+01  8.889521E+01  9.401129E+01  9.683329E+01  9.828291E+01  7.456852E+00  7.441188E+00  7.827381E+00  8.195417E+00
  8.904661E+00  1.030787E+01  1.301787E+01  1.795088E+01  2.595070E+01  3.714608E+01  4.964743E+01  6.194309E+01  7.367518E+01  8.358244E+01
  9.060474E+01  9.493433E+01  9.732082E+01  9.854688E+01  1.365874E+01  1.363173E+01  1.447470E+01  1.524908E+01  1.679464E+01  1.963300E+01
  2.462845E+01  3.234680E+01  4.195272E+01  5.164003E+01  6.069787E+01  7.000597E+01  7.922386E+01  8.704204E+01  9.258089E+01  9.600089E+01
  9.788454E+01  9.885234E+01  5.000145E+01  4.992133E+01  5.076727E+01  5.136328E+01  5.231561E+01  5.358847E+01  5.532452E+01  5.784161E+01
  6.123503E+01  6.583298E+01  7.148212E+01  7.804454E+01  8.477499E+01  9.050212E+01  9.456055E+01  9.706419E+01  9.844851E+01  9.915865E+01
  2.686646E+00  2.686087E+00  2.768352E+00  2.844745E+00  2.997989E+00  3.312555E+00  3.934019E+00  5.218514E+00  7.708814E+00  1.260352E+01
  2.157688E+01  3.614456E+01  5.453239E+01  7.151785E+01  8.370815E+01  9.118387E+01  9.532568E+01  9.743541E+01  2.725969E+00  2.723917E+00
  2.809646E+00  2.890899E+00  3.047618E+00  3.364763E+00  4.003881E+00  5.318248E+00  7.857905E+00  1.284619E+01  2.194443E+01  3.660665E+01
  5.494128E+01  7.178293E+01  8.386003E+01  9.126599E+01  9.536916E+01  9.745924E+01  2.851423E+00  2.849430E+00  2.942362E+00  3.028032E+00
  3.197041E+00  3.540365E+00  4.222895E+00  5.626026E+00  8.333537E+00  1.360572E+01  2.309296E+01  3.801771E+01  5.616395E+01  7.257258E+01
  8.431167E+01  9.151014E+01  9.549847E+01  9.753003E+01  3.089958E+00  3.088435E+00  3.189325E+00  3.283247E+00  3.471835E+00  3.861126E+00
  4.630221E+00  6.200611E+00  9.218056E+00  1.501142E+01  2.516404E+01  4.045369E+01  5.818907E+01  7.386644E+01  8.505177E+01  9.191042E+01
  9.571044E+01  9.764616E+01  3.480022E+00  3.477052E+00  3.595538E+00  3.708896E+00  3.937730E+00  4.393885E+00  5.312024E+00  7.167553E+00
  1.070174E+01  1.732859E+01  2.841918E+01  4.401368E+01  6.098717E+01  7.563395E+01  8.606264E+01  9.245706E+01  9.599996E+01  9.780473E+01
  4.115920E+00  4.111810E+00  4.265162E+00  4.413175E+00  4.710034E+00  5.296232E+00  6.464756E+00  8.815062E+00  1.319988E+01  2.106294E+01
  3.326127E+01  4.878220E+01  6.450729E+01  7.783831E+01  8.732320E+01  9.313892E+01  9.636116E+01  9.800266E+01  5.228122E+00  5.222000E+00
  5.440716E+00  5.655663E+00  6.076754E+00  6.919278E+00  8.574986E+00  1.180541E+01  1.758292E+01  2.712902E+01  4.017232E+01  5.474986E+01
  6.869077E+01  8.044905E+01  8.881639E+01  9.394665E+01  9.678915E+01  9.823727E+01  7.456852E+00  7.448263E+00  7.818311E+00  8.186956E+00
  8.890759E+00  1.027762E+01  1.294112E+01  1.784367E+01  2.578563E+01  3.694264E+01  4.941652E+01  6.178321E+01  7.351600E+01  8.345901E+01
  9.053783E+01  9.487791E+01  9.728275E+01  9.850800E+01  1.365874E+01  1.364561E+01  1.445561E+01  1.523009E+01  1.675566E+01  1.956772E+01
  2.447411E+01  3.217843E+01  4.176725E+01  5.147917E+01  6.051969E+01  6.987713E+01  7.909076E+01  8.693700E+01  9.252721E+01  9.595425E+01
  9.785350E+01  9.882124E+01  5.000145E+01  4.995634E+01  5.073952E+01  5.135467E+01  5.229520E+01  5.357634E+01  5.527241E+01  5.780582E+01
  6.116812E+01  6.575749E+01  7.136425E+01  7.795711E+01  8.467850E+01  9.041948E+01  9.451933E+01  9.702972E+01  9.842522E+01  9.913641E+01
  2.686646E+00  2.688822E+00  2.769166E+00  2.845648E+00  2.996254E+00  3.307451E+00  3.931369E+00  5.195695E+00  7.678511E+00  1.252237E+01
  2.145620E+01  3.593390E+01  5.424494E+01  7.129719E+01  8.356359E+01  9.108596E+01  9.525908E+01  9.736497E+01  2.725969E+00  2.728706E+00
  2.810277E+00  2.892046E+00  3.045533E+00  3.360402E+00  4.001839E+00  5.293613E+00  7.828305E+00  1.276105E+01  2.182163E+01  3.639438E+01
  5.465554E+01  7.156462E+01  8.371680E+01  9.116888E+01  9.530315E+01  9.738941E+01  2.851423E+00  2.853157E+00  2.942014E+00  3.028998E+00
  3.195549E+00  3.536012E+00  4.219465E+00  5.599405E+00  8.299614E+00  1.351278E+01  2.295918E+01  3.779958E+01  5.588190E+01  7.235996E+01
  8.417253E+01  9.141564E+01  9.543427E+01  9.746207E+01  3.089958E+00  3.091936E+00  3.189428E+00  3.282877E+00  3.469491E+00  3.854756E+00
  4.624746E+00  6.169086E+00  9.175882E+00  1.490233E+01  2.501286E+01  4.022752E+01  5.791548E+01  7.366383E+01  8.491939E+01  9.182005E+01
  9.564925E+01  9.758121E+01  3.480022E+00  3.481725E+00  3.594432E+00  3.708675E+00  3.932889E+00  4.385698E+00  5.303462E+00  7.128281E+00
  1.064420E+01  1.719422E+01  2.824190E+01  4.378419E+01  6.072681E+01  7.544490E+01  8.593933E+01  9.237238E+01  9.594285E+01  9.774404E+01
  4.115920E+00  4.116867E+00  4.265395E+00  4.412297E+00  4.704748E+00  5.283467E+00  6.449679E+00  8.759268E+00  1.311486E+01  2.089045E+01
  3.305658E+01  4.855762E+01  6.426536E+01  7.766583E+01  8.721132E+01  9.306122E+01  9.630914E+01  9.794718E+01  5.228122E+00  5.228488E+00
  5.440599E+00  5.653268E+00  6.065855E+00  6.897464E+00  8.544232E+00  1.171449E+01  1.745239E+01  2.690026E+01  3.994918E+01  5.454571E+01
  6.847350E+01  8.029570E+01  8.871765E+01  9.387717E+01  9.674313E+01  9.818803E+01  7.456852E+00  7.456783E+00  7.815740E+00  8.180799E+00
  8.869423E+00  1.023289E+01  1.287766E+01  1.768486E+01  2.558306E+01  3.667086E+01  4.921191E+01  6.161180E+01  7.332437E+01  8.332639E+01
  9.045349E+01  9.481771E+01  9.724348E+01  9.846587E+01  1.365874E+01  1.365451E+01  1.444901E+01  1.520951E+01  1.669565E+01  1.946819E+01
  2.433627E+01  3.193176E+01  4.153379E+01  5.125493E+01  6.037022E+01  6.974044E+01  7.892820E+01  8.682751E+01  9.245985E+01  9.590464E+01
  9.782198E+01  9.878740E+01  5.000145E+01  4.998720E+01  5.073452E+01  5.134753E+01  5.228506E+01  5.350904E+01  5.523598E+01  5.772997E+01
  6.109819E+01  6.562355E+01  7.127213E+01  7.787392E+01  8.456136E+01  9.034581E+01  9.447382E+01  9.699437E+01  9.840252E+01  9.911131E+01
  2.686646E+00  2.685400E+00  2.768513E+00  2.842345E+00  2.994540E+00  3.304171E+00  3.920278E+00  5.172576E+00  7.638347E+00  1.244110E+01
  2.129300E+01  3.561768E+01  5.391216E+01  7.100534E+01  8.337808E+01  9.098214E+01  9.517451E+01  9.729123E+01  2.725969E+00  2.723834E+00
  2.809222E+00  2.888568E+00  3.043955E+00  3.356796E+00  3.989489E+00  5.268850E+00  7.787820E+00  1.267593E+01  2.165373E+01  3.607507E+01
  5.432393E+01  7.127522E+01  8.353295E+01  9.106619E+01  9.521930E+01  9.731634E+01  2.851423E+00  2.849458E+00  2.941035E+00  3.025150E+00
  3.192170E+00  3.530656E+00  4.206404E+00  5.573481E+00  8.253525E+00  1.341983E+01  2.277904E+01  3.747121E+01  5.555621E+01  7.207782E+01
  8.399373E+01  9.131603E+01  9.535265E+01  9.739100E+01  3.089958E+00  3.086782E+00  3.188789E+00  3.279268E+00  3.466983E+00  3.850525E+00
  4.607144E+00  6.136951E+00  9.119629E+00  1.479172E+01  2.480762E+01  3.988837E+01  5.760043E+01  7.339397E+01  8.474870E+01  9.172562E+01
  9.557126E+01  9.751345E+01  3.480022E+00  3.475961E+00  3.593816E+00  3.704530E+00  3.928550E+00  4.378422E+00  5.281174E+00  7.085660E+00
  1.056992E+01  1.705148E+01  2.800805E+01  4.343715E+01  6.042906E+01  7.519183E+01  8.577979E+01  9.228493E+01  9.586980E+01  9.768069E+01
  4.115920E+00  4.110306E+00  4.263634E+00  4.406312E+00  4.698084E+00  5.270273E+00  6.416034E+00  8.697483E+00  1.300641E+01  2.070187E+01
  3.278545E+01  4.821289E+01  6.399249E+01  7.743368E+01  8.706545E+01  9.298246E+01  9.624226E+01  9.788950E+01  5.228122E+00  5.221853E+00
  5.437383E+00  5.643181E+00  6.051673E+00  6.875318E+00  8.488058E+00  1.161069E+01  1.728676E+01  2.664935E+01  3.965617E+01  5.422456E+01
  6.823079E+01  8.008782E+01  8.858791E+01  9.380847E+01  9.668353E+01  9.813698E+01  7.456852E+00  7.444522E+00  7.810704E+00  8.163739E+00
  8.839860E+00  1.018170E+01  1.277231E+01  1.750311E+01  2.532982E+01  3.636794E+01  4.893995E+01  6.133215E+01  7.311548E+01  8.314542E+01
  9.034149E+01  9.476004E+01  9.719217E+01  9.842241E+01  1.365874E+01  1.364315E+01  1.442780E+01  1.516966E+01  1.662939E+01  1.935012E+01
  2.412385E+01  3.163694E+01  4.124141E+01  5.101390E+01  6.017006E+01  6.950613E+01  7.875745E+01  8.667829E+01  9.236782E+01  9.585911E+01
  9.778018E+01  9.875268E+01  5.000145E+01  4.996745E+01  5.071658E+01  5.131968E+01  5.222692E+01  5.347617E+01  5.516830E+01  5.761182E+01
  6.099384E+01  6.549780E+01  7.113581E+01  7.771381E+01  8.444193E+01  9.023808E+01  9.440786E+01  9.696092E+01  9.837106E+01  9.908576E+01
  2.686646E+00  2.693554E+00  2.767314E+00  2.842299E+00  2.993412E+00  3.301025E+00  3.909131E+00  5.150848E+00  7.589210E+00  1.234215E+01
  2.111736E+01  3.533228E+01  5.357683E+01  7.071996E+01  8.316535E+01  9.084914E+01  9.509042E+01  9.721380E+01  2.725969E+00  2.733956E+00
  2.809509E+00  2.889421E+00  3.042361E+00  3.352763E+00  3.978560E+00  5.243709E+00  7.736187E+00  1.257595E+01  2.147268E+01  3.578635E+01
  5.398998E+01  7.099240E+01  8.332198E+01  9.093428E+01  9.513596E+01  9.723958E+01  2.851423E+00  2.858827E+00  2.940174E+00  3.025065E+00
  3.189833E+00  3.525368E+00  4.193823E+00  5.548187E+00  8.196836E+00  1.330941E+01  2.258407E+01  3.717566E+01  5.522887E+01  7.180311E+01
  8.378812E+01  9.118746E+01  9.527155E+01  9.731632E+01  3.089958E+00  3.097719E+00  3.186924E+00  3.278979E+00  3.463845E+00  3.844502E+00
  4.591868E+00  6.105729E+00  9.051246E+00  1.466244E+01  2.459260E+01  3.958264E+01  5.728369E+01  7.313232E+01  8.455205E+01  9.160251E+01
  9.549376E+01  9.744215E+01  3.480022E+00  3.487088E+00  3.592390E+00  3.703673E+00  3.924644E+00  4.370770E+00  5.260111E+00  7.043540E+00
  1.048009E+01  1.689135E+01  2.776143E+01  4.312350E+01  6.013122E+01  7.494798E+01  8.559521E+01  9.216932E+01  9.579729E+01  9.761409E+01
  4.115920E+00  4.123701E+00  4.261610E+00  4.404790E+00  4.691883E+00  5.258309E+00  6.385122E+00  8.632687E+00  1.288222E+01  2.049237E+01
  3.250405E+01  4.790418E+01  6.372084E+01  7.721198E+01  8.689587E+01  9.287614E+01  9.617601E+01  9.782867E+01  5.228122E+00  5.235477E+00
  5.434631E+00  5.638368E+00  6.041074E+00  6.850458E+00  8.436518E+00  1.151324E+01  1.710090E+01  2.637464E+01  3.935410E+01  5.394193E+01
  6.799162E+01  7.989190E+01  8.843582E+01  9.371307E+01  9.662452E+01  9.808298E+01  7.456852E+00  7.467085E+00  7.801744E+00  8.153264E+00
  8.816324E+00  1.013130E+01  1.267281E+01  1.732660E+01  2.505236E+01  3.603704E+01  4.866623E+01  6.109217E+01  7.291171E+01  8.297785E+01
  9.020917E+01  9.467709E+01  9.714137E+01  9.837628E+01  1.365874E+01  1.366897E+01  1.441353E+01  1.513702E+01  1.657156E+01  1.922938E+01
  2.392045E+01  3.134792E+01  4.091486E+01  5.074388E+01  5.997684E+01  6.931453E+01  7.858866E+01  8.654208E+01  9.225758E+01  9.579077E+01
  9.773889E+01  9.871558E+01  5.000145E+01  5.003854E+01  5.070494E+01  5.129054E+01  5.220378E+01  5.343901E+01  5.507564E+01  5.752840E+01
  6.086133E+01  6.537016E+01  7.101007E+01  7.757809E+01  8.431332E+01  9.013363E+01  9.432915E+01  9.691254E+01  9.834273E+01  9.905893E+01
  2.686646E+00  2.681431E+00  2.762882E+00  2.838250E+00  2.983743E+00  3.279771E+00  3.867408E+00  5.041363E+00  7.386522E+00  1.194063E+01
  2.028621E+01  3.388836E+01  5.181151E+01  6.926157E+01  8.220068E+01  9.026835E+01  9.475766E+01  9.700414E+01  2.725969E+00  2.719253E+00
  2.805502E+00  2.883283E+00  3.031514E+00  3.332939E+00  3.934405E+00  5.132407E+00  7.523468E+00  1.215956E+01  2.062166E+01  3.432628E+01
  5.223068E+01  6.954713E+01  8.236641E+01  9.035879E+01  9.480624E+01  9.703181E+01  2.851423E+00  2.846031E+00  2.936304E+00  3.018651E+00
  3.178555E+00  3.500637E+00  4.145546E+00  5.421342E+00  7.959229E+00  1.284771E+01  2.167000E+01  3.567175E+01  5.348944E+01  7.039703E+01
  8.285928E+01  9.062787E+01  9.495078E+01  9.711423E+01  3.089958E+00  3.083764E+00  3.182909E+00  3.272914E+00  3.448584E+00  3.813620E+00
  4.528804E+00  5.953386E+00  8.760152E+00  1.411488E+01  2.356566E+01  3.801766E+01  5.559105E+01  7.179137E+01  8.366705E+01  9.106893E+01
  9.518777E+01  9.724928E+01  3.480022E+00  3.471665E+00  3.586151E+00  3.693649E+00  3.903184E+00  4.330598E+00  5.173099E+00  6.843143E+00
  1.010330E+01  1.620155E+01  2.657215E+01  4.150461E+01  5.852238E+01  7.369647E+01  8.477000E+01  9.167111E+01  9.551145E+01  9.743378E+01
  4.115920E+00  4.106446E+00  4.251276E+00  4.386131E+00  4.657794E+00  5.192389E+00  6.252193E+00  8.343715E+00  1.234550E+01  1.957582E+01
  3.112138E+01  4.628598E+01  6.223951E+01  7.607140E+01  8.614443E+01  9.242181E+01  9.591508E+01  9.766402E+01  5.228122E+00  5.215061E+00
  5.416423E+00  5.608802E+00  5.983638E+00  6.731371E+00  8.203172E+00  1.103843E+01  1.628226E+01  2.514290E+01  3.782458E+01  5.243341E+01
  6.667307E+01  7.887909E+01  8.776968E+01  9.330955E+01  9.639262E+01  9.793658E+01  7.456852E+00  7.440615E+00  7.768834E+00  8.089599E+00
  8.693582E+00  9.896857E+00  1.221075E+01  1.648507E+01  2.378361E+01  3.450955E+01  4.721925E+01  5.980322E+01  7.177250E+01  8.210479E+01
  8.963665E+01  9.432999E+01  9.694180E+01  9.825030E+01  1.365874E+01  1.362951E+01  1.432596E+01  1.497432E+01  1.625888E+01  1.866990E+01
  2.297670E+01  2.993889E+01  3.936718E+01  4.948336E+01  5.892261E+01  6.826890E+01  7.764559E+01  8.582542E+01  9.179038E+01  9.550730E+01
  9.757603E+01  9.861290E+01  5.000145E+01  4.994211E+01  5.062793E+01  5.117403E+01  5.201696E+01  5.321370E+01  5.480488E+01  5.706474E+01
  6.035635E+01  6.476989E+01  7.034992E+01  7.684869E+01  8.363206E+01  8.961974E+01  9.398061E+01  9.670664E+01  9.822511E+01  9.898455E+01
  2.686646E+00  2.687926E+00  2.760580E+00  2.834961E+00  2.979141E+00  3.268568E+00  3.854703E+00  5.008212E+00  7.301708E+00  1.179994E+01
  1.997952E+01  3.337709E+01  5.120115E+01  6.871455E+01  8.184210E+01  9.004874E+01  9.462177E+01  9.689830E+01  2.725969E+00  2.727873E+00
  2.803434E+00  2.879186E+00  3.026418E+00  3.322030E+00  3.921520E+00  5.097579E+00  7.437807E+00  1.201402E+01  2.030857E+01  3.380926E+01
  5.162048E+01  6.900482E+01  8.201112E+01  9.014114E+01  9.467162E+01  9.692694E+01  2.851423E+00  2.852123E+00  2.933449E+00  3.014859E+00
  3.172414E+00  3.489604E+00  4.128982E+00  5.382586E+00  7.864287E+00  1.268732E+01  2.133316E+01  3.513831E+01  5.288523E+01  6.986858E+01
  8.251366E+01  9.041618E+01  9.481987E+01  9.701212E+01  3.089958E+00  3.090908E+00  3.179004E+00  3.268090E+00  3.442193E+00  3.799022E+00
  4.508564E+00  5.905838E+00  8.650577E+00  1.392569E+01  2.319073E+01  3.745936E+01  5.499942E+01  7.128635E+01  8.333740E+01  9.086694E+01
  9.506300E+01  9.715177E+01  3.480022E+00  3.479247E+00  3.582324E+00  3.687547E+00  3.895017E+00  4.312093E+00  5.145380E+00  6.778823E+00
  9.962901E+00  1.596286E+01  2.613809E+01  4.092350E+01  5.795490E+01  7.322374E+01  8.446209E+01  9.148251E+01  9.539504E+01  9.734267E+01
  4.115920E+00  4.114321E+00  4.246379E+00  4.377737E+00  4.646431E+00  5.167324E+00  6.212175E+00  8.254609E+00  1.214892E+01  1.926257E+01
  3.061487E+01  4.569952E+01  6.171461E+01  7.563875E+01  8.586337E+01  9.224960E+01  9.580905E+01  9.758075E+01  5.228122E+00  5.223291E+00
  5.409128E+00  5.596907E+00  5.962516E+00  6.687480E+00  8.128898E+00  1.088702E+01  1.598902E+01  2.470891E+01  3.725235E+01  5.187938E+01
  6.620409E+01  7.849270E+01  8.751954E+01  9.315642E+01  9.629869E+01  9.786256E+01  7.456852E+00  7.449908E+00  7.754959E+00  8.067206E+00
  8.646488E+00  9.812882E+00  1.206730E+01  1.621320E+01  2.332349E+01  3.396081E+01  4.666189E+01  5.932870E+01  7.136565E+01  8.176945E+01
  8.942112E+01  9.419801E+01  9.686139E+01  9.818674E+01  1.365874E+01  1.363861E+01  1.429668E+01  1.491306E+01  1.616295E+01  1.848091E+01
  2.267683E+01  2.946746E+01  3.879037E+01  4.901271E+01  5.850610E+01  6.788410E+01  7.730634E+01  8.554663E+01  9.161367E+01  9.539928E+01
  9.751088E+01  9.856140E+01  5.000145E+01  4.996782E+01  5.057372E+01  5.110786E+01  5.194474E+01  5.313794E+01  5.472747E+01  5.695200E+01
  6.016496E+01  6.455546E+01  7.008577E+01  7.657228E+01  8.338052E+01  8.941494E+01  9.385492E+01  9.663026E+01  9.817702E+01  9.894782E+01
  2.686646E+00  2.691063E+00  2.761102E+00  2.835050E+00  2.974833E+00  3.260864E+00  3.838331E+00  4.966498E+00  7.248088E+00  1.164430E+01
  1.964286E+01  3.280960E+01  5.050370E+01  6.813480E+01  8.141799E+01  8.981145E+01  9.447055E+01  9.678819E+01  2.725969E+00  2.728766E+00
  2.803792E+00  2.878571E+00  3.022969E+00  3.313547E+00  3.904951E+00  5.055164E+00  7.382543E+00  1.185341E+01  1.996476E+01  3.323534E+01
  5.092455E+01  6.842985E+01  8.159052E+01  8.990607E+01  9.452173E+01  9.681777E+01  2.851423E+00  2.854273E+00  2.934149E+00  3.014178E+00
  3.167629E+00  3.479403E+00  4.109315E+00  5.336392E+00  7.800020E+00  1.251299E+01  2.096660E+01  3.454673E+01  5.219368E+01  6.930868E+01
  8.210407E+01  9.018765E+01  9.467400E+01  9.690586E+01  3.089958E+00  3.093593E+00  3.179712E+00  3.267987E+00  3.435254E+00  3.787508E+00
  4.484309E+00  5.848902E+00  8.570683E+00  1.372285E+01  2.278362E+01  3.684305E+01  5.432210E+01  7.075115E+01  8.294552E+01  9.064923E+01
  9.492361E+01  9.705038E+01  3.480022E+00  3.483015E+00  3.582328E+00  3.686234E+00  3.887678E+00  4.297453E+00  5.114692E+00  6.707469E+00
  9.855796E+00  1.571064E+01  2.567273E+01  4.028056E+01  5.730611E+01  7.272330E+01  8.409451E+01  9.127950E+01  9.526458E+01  9.724784E+01
  4.115920E+00  4.118480E+00  4.245498E+00  4.375480E+00  4.634233E+00  5.146808E+00  6.166465E+00  8.149000E+00  1.199657E+01  1.893164E+01
  3.007160E+01  4.504699E+01  6.111251E+01  7.518163E+01  8.552586E+01  9.206490E+01  9.568965E+01  9.749416E+01  5.228122E+00  5.230772E+00
  5.407115E+00  5.589711E+00  5.941829E+00  6.647470E+00  8.052859E+00  1.072398E+01  1.574249E+01  2.427047E+01  3.664206E+01  5.126030E+01
  6.566586E+01  7.808599E+01  8.721697E+01  9.299291E+01  9.619223E+01  9.778564E+01  7.456852E+00  7.459741E+00  7.749164E+00  8.048951E+00
  8.607031E+00  9.733227E+00  1.191917E+01  1.592840E+01  2.292841E+01  3.339925E+01  4.606042E+01  5.879666E+01  7.090055E+01  8.141779E+01
  8.915728E+01  9.405796E+01  9.676943E+01  9.812068E+01  1.365874E+01  1.366478E+01  1.427339E+01  1.487292E+01  1.606634E+01  1.830487E+01
  2.236323E+01  2.897479E+01  3.828794E+01  4.853693E+01  5.806407E+01  6.745422E+01  7.692146E+01  8.525781E+01  9.139429E+01  9.528604E+01
  9.743559E+01  9.850780E+01  5.000145E+01  5.001400E+01  5.056701E+01  5.109305E+01  5.189725E+01  5.306019E+01  5.464526E+01  5.681542E+01
  6.002573E+01  6.435289E+01  6.982364E+01  7.626719E+01  8.311537E+01  8.920975E+01  9.369962E+01  9.654936E+01  9.812285E+01  9.890903E+01
  2.686646E+00  2.685553E+00  2.760424E+00  2.833767E+00  2.973798E+00  3.256720E+00  3.829694E+00  4.956555E+00  7.207294E+00  1.156085E+01
  1.952309E+01  3.262317E+01  5.024066E+01  6.788782E+01  8.127744E+01  8.970127E+01  9.440195E+01  9.671898E+01  2.725969E+00  2.723324E+00
  2.802300E+00  2.877470E+00  3.021844E+00  3.308670E+00  3.896021E+00  5.045301E+00  7.338953E+00  1.176811E+01  1.984199E+01  3.304744E+01
  5.066280E+01  6.818510E+01  8.145144E+01  8.979683E+01  9.445374E+01  9.674918E+01  2.851423E+00  2.849905E+00  2.933510E+00  3.012061E+00
  3.166402E+00  3.474676E+00  4.099362E+00  5.324869E+00  7.754234E+00  1.242232E+01  2.083757E+01  3.435175E+01  5.193450E+01  6.906934E+01
  8.196924E+01  9.008116E+01  9.460789E+01  9.683907E+01  3.089958E+00  3.087530E+00  3.178438E+00  3.266385E+00  3.433617E+00  3.781179E+00
  4.471893E+00  5.834861E+00  8.516793E+00  1.361997E+01  2.263844E+01  3.663906E+01  5.406741E+01  7.052174E+01  8.281776E+01  9.054709E+01
  9.486066E+01  9.698653E+01  3.480022E+00  3.476588E+00  3.581875E+00  3.684508E+00  3.884897E+00  4.290272E+00  5.099954E+00  6.687313E+00
  9.789877E+00  1.558962E+01  2.550463E+01  4.006789E+01  5.706284E+01  7.250757E+01  8.397620E+01  9.118340E+01  9.520589E+01  9.718810E+01
  4.115920E+00  4.110869E+00  4.243700E+00  4.372199E+00  4.630662E+00  5.134861E+00  6.147232E+00  8.117778E+00  1.191151E+01  1.877666E+01
  2.987801E+01  4.483162E+01  6.088695E+01  7.498299E+01  8.541935E+01  9.197626E+01  9.563626E+01  9.743953E+01  5.228122E+00  5.221977E+00
  5.405206E+00  5.584985E+00  5.935030E+00  6.632037E+00  8.018691E+00  1.067648E+01  1.561800E+01  2.406607E+01  3.642331E+01  5.105856E+01
  6.546619E+01  7.790710E+01  8.712410E+01  9.291307E+01  9.614507E+01  9.773705E+01  7.456852E+00  7.447551E+00  7.744764E+00  8.037798E+00
  8.594361E+00  9.701528E+00  1.185378E+01  1.583280E+01  2.273960E+01  3.314447E+01  4.584535E+01  5.862861E+01  7.072964E+01  8.126019E+01
  8.907906E+01  9.398795E+01  9.672924E+01  9.807897E+01  1.365874E+01  1.364287E+01  1.426443E+01  1.484986E+01  1.603546E+01  1.823098E+01
  2.223598E+01  2.881451E+01  3.803974E+01  4.830790E+01  5.791226E+01  6.732648E+01  7.678022E+01  8.512434E+01  9.133212E+01  9.522733E+01
  9.740333E+01  9.847410E+01  5.000145E+01  4.993597E+01  5.056237E+01  5.106327E+01  5.187051E+01  5.302547E+01  5.459507E+01  5.677065E+01
  5.991859E+01  6.423609E+01  6.973227E+01  7.617535E+01  8.300983E+01  8.911391E+01  9.365506E+01  9.650878E+01  9.810004E+01  9.888453E+01
  2.686646E+00  2.686563E+00  2.762130E+00  2.833839E+00  2.974134E+00  3.257918E+00  3.836386E+00  4.967760E+00  7.242495E+00  1.162821E+01
  1.965323E+01  3.279053E+01  5.049136E+01  6.810207E+01  8.141066E+01  8.977255E+01  9.442622E+01  9.670481E+01  2.725969E+00  2.724627E+00
  2.803426E+00  2.878590E+00  3.023098E+00  3.310586E+00  3.902955E+00  5.055758E+00  7.376925E+00  1.183735E+01  1.997572E+01  3.321611E+01
  5.091222E+01  6.839742E+01  8.158329E+01  8.986745E+01  9.447775E+01  9.673512E+01  2.851423E+00  2.850320E+00  2.934918E+00  3.012665E+00
  3.167600E+00  3.476621E+00  4.107407E+00  5.337152E+00  7.794572E+00  1.249571E+01  2.097688E+01  3.452684E+01  5.218176E+01  6.927649E+01
  8.209739E+01  9.014968E+01  9.463117E+01  9.682538E+01  3.089958E+00  3.088731E+00  3.180563E+00  3.266196E+00  3.436247E+00  3.785092E+00
  4.481016E+00  5.849282E+00  8.564384E+00  1.370422E+01  2.279372E+01  3.682206E+01  5.431015E+01  7.071988E+01  8.293976E+01  9.061236E+01
  9.488270E+01  9.697348E+01  3.480022E+00  3.477323E+00  3.583660E+00  3.684786E+00  3.888574E+00  4.294285E+00  5.112158E+00  6.707567E+00
  9.848485E+00  1.568923E+01  2.568248E+01  4.025803E+01  5.729494E+01  7.269307E+01  8.408987E+01  9.124417E+01  9.522632E+01  9.717589E+01
  4.115920E+00  4.111649E+00  4.245567E+00  4.373866E+00  4.635466E+00  5.142041E+00  6.163079E+00  8.149260E+00  1.198736E+01  1.890800E+01
  3.008068E+01  4.502357E+01  6.110247E+01  7.515283E+01  8.552274E+01  9.203152E+01  9.565472E+01  9.742842E+01  5.228122E+00  5.223347E+00
  5.407171E+00  5.586948E+00  5.942676E+00  6.642661E+00  8.048243E+00  1.072329E+01  1.573081E+01  2.423899E+01  3.665139E+01  5.123719E+01
  6.565775E+01  7.805920E+01  8.721566E+01  9.296210E+01  9.616128E+01  9.772732E+01  7.456852E+00  7.448570E+00  7.750433E+00  8.045864E+00
  8.608636E+00  9.724433E+00  1.191141E+01  1.592419E+01  2.291209E+01  3.336243E+01  4.607130E+01  5.877405E+01  7.089456E+01  8.139312E+01
  8.915774E+01  9.403028E+01  9.674311E+01  9.807098E+01  1.365874E+01  1.364664E+01  1.427535E+01  1.486194E+01  1.606691E+01  1.828881E+01
  2.234897E+01  2.897049E+01  3.826546E+01  4.849817E+01  5.807924E+01  6.743526E+01  7.691828E+01  8.523602E+01  9.139645E+01  9.526228E+01
  9.741469E+01  9.846821E+01  5.000145E+01  4.997517E+01  5.057130E+01  5.107639E+01  5.189626E+01  5.304317E+01  5.463611E+01  5.680234E+01
  6.001742E+01  6.433163E+01  6.983285E+01  7.625165E+01  8.311246E+01  8.919441E+01  9.370148E+01  9.653250E+01  9.810799E+01  9.888007E+01
  2.686646E+00  2.684682E+00  2.760945E+00  2.833360E+00  2.978845E+00  3.262829E+00  3.841557E+00  4.985022E+00  7.261970E+00  1.167372E+01
  1.972831E+01  3.299908E+01  5.073400E+01  6.831665E+01  8.154465E+01  8.985369E+01  9.444617E+01  9.668328E+01  2.725969E+00  2.722711E+00
  2.802834E+00  2.878057E+00  3.027590E+00  3.315295E+00  3.908891E+00  5.073148E+00  7.396278E+00  1.188428E+01  2.005227E+01  3.342728E+01
  5.115504E+01  6.861028E+01  8.171622E+01  8.994793E+01  9.449754E+01  9.671376E+01  2.851423E+00  2.848431E+00  2.933271E+00  3.012587E+00
  3.172336E+00  3.481639E+00  4.113505E+00  5.356360E+00  7.814918E+00  1.254625E+01  2.106123E+01  3.474475E+01  5.242305E+01  6.948441E+01
  8.222657E+01  9.022820E+01  9.465034E+01  9.680456E+01  3.089958E+00  3.086198E+00  3.179136E+00  3.265975E+00  3.441330E+00  3.791037E+00
  4.489509E+00  5.872587E+00  8.590756E+00  1.376392E+01  2.288942E+01  3.704983E+01  5.454665E+01  7.091931E+01  8.306297E+01  9.068764E+01
  9.490083E+01  9.695351E+01  3.480022E+00  3.474732E+00  3.582034E+00  3.684151E+00  3.894522E+00  4.301449E+00  5.121538E+00  6.736670E+00
  9.883428E+00  1.576551E+01  2.579700E+01  4.049684E+01  5.752241E+01  7.288080E+01  8.420498E+01  9.131509E+01  9.524306E+01  9.715709E+01
  4.115920E+00  4.108995E+00  4.244778E+00  4.373630E+00  4.643341E+00  5.151184E+00  6.177620E+00  8.188334E+00  1.203811E+01  1.900803E+01
  3.022025E+01  4.526839E+01  6.131439E+01  7.532589E+01  8.562783E+01  9.209701E+01  9.566982E+01  9.741115E+01  5.228122E+00  5.219976E+00
  5.407770E+00  5.588913E+00  5.954817E+00  6.659216E+00  8.072532E+00  1.078261E+01  1.581332E+01  2.437620E+01  3.681385E+01  5.147528E+01
  6.584792E+01  7.821478E+01  8.730919E+01  9.302127E+01  9.617454E+01  9.771193E+01  7.456852E+00  7.443430E+00  7.749894E+00  8.050337E+00
  8.628077E+00  9.755208E+00  1.195987E+01  1.603242E+01  2.304755E+01  3.353924E+01  4.623276E+01  5.898632E+01  7.106055E+01  8.152934E+01
  8.923849E+01  9.408233E+01  9.675451E+01  9.805793E+01  1.365874E+01  1.363744E+01  1.428266E+01  1.487718E+01  1.611302E+01  1.835604E+01
  2.245274E+01  2.914952E+01  3.844666E+01  4.864737E+01  5.819381E+01  6.761366E+01  7.705846E+01  8.535007E+01  9.146298E+01  9.530625E+01
  9.742407E+01  9.845799E+01  5.000145E+01  4.991137E+01  5.056960E+01  5.106652E+01  5.196191E+01  5.308146E+01  5.466776E+01  5.686399E+01
  6.007838E+01  6.438120E+01  6.987838E+01  7.637769E+01  8.320486E+01  8.927350E+01  9.374965E+01  9.656357E+01  9.811523E+01  9.887291E+01
  2.686646E+00  2.689934E+00  2.761708E+00  2.835593E+00  2.978709E+00  3.265130E+00  3.846743E+00  4.997530E+00  7.278801E+00  1.173454E+01
  1.983971E+01  3.317858E+01  5.092357E+01  6.850296E+01  8.166035E+01  8.990945E+01  9.446642E+01  9.666293E+01  2.725969E+00  2.728195E+00
  2.804332E+00  2.879637E+00  3.026625E+00  3.317645E+00  3.914228E+00  5.087122E+00  7.413795E+00  1.194716E+01  2.016572E+01  3.360878E+01
  5.134409E+01  6.879500E+01  8.183064E+01  9.000303E+01  9.451758E+01  9.669357E+01  2.851423E+00  2.853523E+00  2.934316E+00  3.014010E+00
  3.172093E+00  3.483924E+00  4.119455E+00  5.370776E+00  7.836448E+00  1.261480E+01  2.118249E+01  3.493180E+01  5.261026E+01  6.966405E+01
  8.233749E+01  9.028146E+01  9.466980E+01  9.678488E+01  3.089958E+00  3.092271E+00  3.180118E+00  3.269120E+00  3.440523E+00  3.794383E+00
  4.497941E+00  5.891094E+00  8.616173E+00  1.384143E+01  2.302428E+01  3.724391E+01  5.472942E+01  7.109061E+01  8.316814E+01  9.073794E+01
  9.491942E+01  9.693465E+01  3.480022E+00  3.482267E+00  3.583504E+00  3.687701E+00  3.893702E+00  4.305730E+00  5.132394E+00  6.759319E+00
  9.918185E+00  1.586289E+01  2.595178E+01  4.070078E+01  5.769581E+01  7.304045E+01  8.430241E+01  9.136128E+01  9.526042E+01  9.713941E+01
  4.115920E+00  4.117485E+00  4.247082E+00  4.377990E+00  4.644069E+00  5.158381E+00  6.192106E+00  8.223111E+00  1.208934E+01  1.913241E+01
  3.040180E+01  4.547519E+01  6.147263E+01  7.547110E+01  8.571557E+01  9.213823E+01  9.568573E+01  9.739496E+01  5.228122E+00  5.227945E+00
  5.409764E+00  5.594054E+00  5.957171E+00  6.673267E+00  8.098546E+00  1.083807E+01  1.589092E+01  2.453863E+01  3.701831E+01  5.166927E+01
  6.598608E+01  7.834366E+01  8.738609E+01  9.305675E+01  9.618887E+01  9.769761E+01  7.456852E+00  7.456194E+00  7.754322E+00  8.061773E+00
  8.635894E+00  9.782429E+00  1.200976E+01  1.612216E+01  2.316876E+01  3.374823E+01  4.643452E+01  5.915120E+01  7.117523E+01  8.164074E+01
  8.930385E+01  9.411176E+01  9.676723E+01  9.804587E+01  1.365874E+01  1.365839E+01  1.429119E+01  1.489854E+01  1.613201E+01  1.841924E+01
  2.256454E+01  2.931194E+01  3.859315E+01  4.883073E+01  5.834130E+01  6.774532E+01  7.714931E+01  8.544250E+01  9.151611E+01  9.532874E+01
  9.743518E+01  9.844871E+01  5.000145E+01  4.998985E+01  5.057864E+01  5.109688E+01  5.194684E+01  5.310212E+01  5.469222E+01  5.691717E+01
  6.008108E+01  6.448591E+01  6.998881E+01  7.647128E+01  8.326936E+01  8.934296E+01  9.379083E+01  9.657895E+01  9.812246E+01  9.886581E+01
  2.686646E+00  2.689477E+00  2.762868E+00  2.834368E+00  2.976651E+00  3.270266E+00  3.850610E+00  5.012457E+00  7.301651E+00  1.179748E+01
  1.996478E+01  3.334654E+01  5.116105E+01  6.869759E+01  8.180569E+01  8.997933E+01  9.448174E+01  9.663963E+01  2.725969E+00  2.727841E+00
  2.804970E+00  2.879025E+00  3.024470E+00  3.323195E+00  3.917456E+00  5.101745E+00  7.438049E+00  1.201194E+01  2.029345E+01  3.377867E+01
  5.158123E+01  6.898796E+01  8.197495E+01  9.007231E+01  9.453275E+01  9.667051E+01  2.851423E+00  2.854206E+00  2.936253E+00  3.012637E+00
  3.170163E+00  3.490236E+00  4.125210E+00  5.386314E+00  7.864578E+00  1.268486E+01  2.131822E+01  3.510714E+01  5.284533E+01  6.985250E+01
  8.247837E+01  9.034897E+01  9.468444E+01  9.676241E+01  3.089958E+00  3.092119E+00  3.181546E+00  3.267623E+00  3.439680E+00  3.800580E+00
  4.503467E+00  5.910585E+00  8.649270E+00  1.392225E+01  2.317461E+01  3.742670E+01  5.496001E+01  7.127107E+01  8.330354E+01  9.080242E+01
  9.493320E+01  9.691315E+01  3.480022E+00  3.481474E+00  3.585007E+00  3.687854E+00  3.891626E+00  4.314425E+00  5.140319E+00  6.783759E+00
  9.961436E+00  1.595950E+01  2.612194E+01  4.088966E+01  5.791713E+01  7.321003E+01  8.443018E+01  9.142175E+01  9.527312E+01  9.711928E+01
  4.115920E+00  4.116053E+00  4.248177E+00  4.377671E+00  4.641626E+00  5.169130E+00  6.205504E+00  8.258798E+00  1.214729E+01  1.925790E+01
  3.059739E+01  4.566470E+01  6.167783E+01  7.562694E+01  8.583412E+01  9.219373E+01  9.569707E+01  9.737659E+01  5.228122E+00  5.227736E+00
  5.413027E+00  5.594880E+00  5.957270E+00  6.691257E+00  8.121450E+00  1.089232E+01  1.598546E+01  2.470165E+01  3.723747E+01  5.184436E+01
  6.616923E+01  7.848326E+01  8.749361E+01  9.310659E+01  9.619873E+01  9.768136E+01  7.456852E+00  7.455040E+00  7.758721E+00  8.063877E+00
  8.639870E+00  9.815403E+00  1.205585E+01  1.621823E+01  2.331620E+01  3.395353E+01  4.664960E+01  5.929571E+01  7.133392E+01  8.176251E+01
  8.939912E+01  9.415527E+01  9.677563E+01  9.803227E+01  1.365874E+01  1.365732E+01  1.430243E+01  1.490680E+01  1.614955E+01  1.848737E+01
  2.265564E+01  2.947183E+01  3.878033E+01  4.901223E+01  5.850312E+01  6.785646E+01  7.727943E+01  8.554304E+01  9.159628E+01  9.536537E+01
  9.744213E+01  9.843829E+01  5.000145E+01  4.998687E+01  5.059320E+01  5.109324E+01  5.190633E+01  5.315220E+01  5.469682E+01  5.696852E+01
  6.016716E+01  6.455878E+01  7.008612E+01  7.655583E+01  8.336569E+01  8.941181E+01  9.384245E+01  9.660573E+01  9.812792E+01  9.885818E+01
  2.686646E+00  2.684725E+00  2.763337E+00  2.834739E+00  2.979666E+00  3.271500E+00  3.857924E+00  5.022938E+00  7.326465E+00  1.184810E+01
  2.004128E+01  3.352258E+01  5.135259E+01  6.886971E+01  8.190877E+01  9.002612E+01  9.449882E+01  9.661839E+01  2.725969E+00  2.723329E+00
  2.805747E+00  2.879899E+00  3.027488E+00  3.325934E+00  3.924928E+00  5.113334E+00  7.462986E+00  1.206393E+01  2.037154E+01  3.395649E+01
  5.177219E+01  6.915854E+01  8.207695E+01  9.011854E+01  9.454961E+01  9.664946E+01  2.851423E+00  2.848848E+00  2.936501E+00  3.014794E+00
  3.173018E+00  3.492924E+00  4.133849E+00  5.399301E+00  7.892969E+00  1.274259E+01  2.140417E+01  3.529086E+01  5.303484E+01  7.001814E+01
  8.257714E+01  9.039348E+01  9.470078E+01  9.674191E+01  3.089958E+00  3.086115E+00  3.181723E+00  3.269278E+00  3.443289E+00  3.803153E+00
  4.514541E+00  5.925599E+00  8.682397E+00  1.398907E+01  2.327157E+01  3.762008E+01  5.514490E+01  7.142879E+01  8.339690E+01  9.084420E+01
  9.494867E+01  9.689351E+01  3.480022E+00  3.475790E+00  3.586185E+00  3.688581E+00  3.896314E+00  4.317569E+00  5.153787E+00  6.804920E+00
  1.000532E+01  1.604423E+01  2.623884E+01  4.109143E+01  5.809281E+01  7.335641E+01  8.451643E+01  9.145982E+01  9.528738E+01  9.710084E+01
  4.115920E+00  4.109902E+00  4.249606E+00  4.379368E+00  4.648944E+00  5.174181E+00  6.222784E+00  8.288841E+00  1.220939E+01  1.936535E+01
  3.073697E+01  4.587030E+01  6.183846E+01  7.575987E+01  8.591144E+01  9.222732E+01  9.570992E+01  9.735970E+01  5.228122E+00  5.221465E+00
  5.414730E+00  5.599112E+00  5.968053E+00  6.700777E+00  8.152356E+00  1.094160E+01  1.607809E+01  2.484978E+01  3.739583E+01  5.204169E+01
  6.631038E+01  7.860056E+01  8.756090E+01  9.313508E+01  9.621001E+01  9.766644E+01  7.456852E+00  7.444687E+00  7.762465E+00  8.073547E+00
  8.661459E+00  9.837596E+00  1.211037E+01  1.630901E+01  2.346293E+01  3.414019E+01  4.680229E+01  5.946687E+01  7.145430E+01  8.186303E+01
  8.945547E+01  9.417854E+01  9.678527E+01  9.801971E+01  1.365874E+01  1.364321E+01  1.431242E+01  1.492609E+01  1.618786E+01  1.854294E+01
  2.276573E+01  2.963001E+01  3.897105E+01  4.916862E+01  5.860598E+01  6.799561E+01  7.737675E+01  8.562608E+01  9.164087E+01  9.538322E+01
  9.745008E+01  9.842863E+01  5.000145E+01  4.994396E+01  5.059412E+01  5.110623E+01  5.195638E+01  5.316447E+01  5.475501E+01  5.700319E+01
  6.023212E+01  6.463904E+01  7.014728E+01  7.664626E+01  8.343443E+01  8.947153E+01  9.387721E+01  9.661898E+01  9.813347E+01  9.885107E+01
  2.686646E+00  2.681136E+00  2.763634E+00  2.836711E+00  2.981543E+00  3.274879E+00  3.858982E+00  5.030683E+00  7.358715E+00  1.189023E+01
  2.015847E+01  3.367778E+01  5.155861E+01  6.905677E+01  8.201368E+01  9.008649E+01  9.451054E+01  9.659225E+01  2.725969E+00  2.719615E+00
  2.805602E+00  2.881383E+00  3.029241E+00  3.328536E+00  3.925751E+00  5.123069E+00  7.493745E+00  1.210807E+01  2.049132E+01  3.411379E+01
  5.197741E+01  6.934402E+01  8.218079E+01  9.017834E+01  9.456125E+01  9.662355E+01  2.851423E+00  2.847143E+00  2.936496E+00  3.016377E+00
  3.176038E+00  3.495785E+00  4.135922E+00  5.409590E+00  7.927862E+00  1.279091E+01  2.153150E+01  3.545393E+01  5.323861E+01  7.019911E+01
  8.267789E+01  9.045168E+01  9.471202E+01  9.671665E+01  3.089958E+00  3.083178E+00  3.182662E+00  3.270179E+00  3.446126E+00  3.806116E+00
  4.517233E+00  5.939140E+00  8.722691E+00  1.404959E+01  2.341352E+01  3.779139E+01  5.534379E+01  7.160194E+01  8.349256E+01  9.089976E+01
  9.495931E+01  9.686939E+01  3.480022E+00  3.471909E+00  3.586713E+00  3.690267E+00  3.900001E+00  4.323117E+00  5.159917E+00  6.822867E+00
  1.005595E+01  1.611835E+01  2.639879E+01  4.127138E+01  5.828323E+01  7.351868E+01  8.460505E+01  9.151183E+01  9.529719E+01  9.707823E+01
  4.115920E+00  4.106693E+00  4.250714E+00  4.382114E+00  4.653464E+00  5.181997E+00  6.231989E+00  8.315945E+00  1.227877E+01  1.946666E+01
  3.092315E+01  4.605161E+01  6.201436E+01  7.590873E+01  8.599159E+01  9.227496E+01  9.571878E+01  9.733905E+01  5.228122E+00  5.216236E+00
  5.416003E+00  5.603401E+00  5.976514E+00  6.713325E+00  8.172424E+00  1.098877E+01  1.617794E+01  2.499154E+01  3.760452E+01  5.221304E+01
  6.646755E+01  7.873405E+01  8.763142E+01  9.317777E+01  9.621788E+01  9.764818E+01  7.456852E+00  7.441088E+00  7.765801E+00  8.080762E+00
  8.679068E+00  9.865440E+00  1.215361E+01  1.639306E+01  2.361877E+01  3.432334E+01  4.700509E+01  5.961314E+01  7.158997E+01  8.197993E+01
  8.951557E+01  9.421584E+01  9.679227E+01  9.800433E+01  1.365874E+01  1.363312E+01  1.431934E+01  1.494810E+01  1.622692E+01  1.860299E+01
  2.285793E+01  2.978885E+01  3.916640E+01  4.932962E+01  5.876036E+01  6.811346E+01  7.749105E+01  8.572402E+01  9.168919E+01  9.541444E+01
  9.745623E+01  9.841676E+01  5.000145E+01  4.993396E+01  5.060955E+01  5.113337E+01  5.200061E+01  5.318125E+01  5.476690E+01  5.702207E+01
  6.030058E+01  6.470955E+01  7.023958E+01  7.674232E+01  8.351742E+01  8.954821E+01  9.391446E+01  9.664124E+01  9.813749E+01  9.884239E+01
  2.686646E+00  2.685292E+00  2.762146E+00  2.838702E+00  2.981532E+00  3.276744E+00  3.865957E+00  5.039779E+00  7.385552E+00  1.193187E+01
  2.026525E+01  3.387655E+01  5.176331E+01  6.921198E+01  8.212888E+01  9.014571E+01  9.452437E+01  9.656755E+01  2.725969E+00  2.722966E+00
  2.804736E+00  2.883666E+00  3.029897E+00  3.329774E+00  3.931933E+00  5.131244E+00  7.522207E+00  1.215089E+01  2.060058E+01  3.431426E+01
  5.218215E+01  6.949774E+01  8.229497E+01  9.023705E+01  9.457492E+01  9.659906E+01  2.851423E+00  2.848860E+00  2.935855E+00  3.018786E+00
  3.176675E+00  3.498260E+00  4.143156E+00  5.420454E+00  7.958232E+00  1.283923E+01  2.164814E+01  3.565982E+01  5.344125E+01  7.034819E+01
  8.278907E+01  9.050880E+01  9.472530E+01  9.669279E+01  3.089958E+00  3.087037E+00  3.181535E+00  3.272790E+00  3.446184E+00  3.809779E+00
  4.526277E+00  5.952146E+00  8.758933E+00  1.410585E+01  2.354287E+01  3.800632E+01  5.554297E+01  7.174365E+01  8.359891E+01  9.095431E+01
  9.497198E+01  9.684657E+01  3.480022E+00  3.475641E+00  3.585578E+00  3.694241E+00  3.901047E+00  4.326142E+00  5.169935E+00  6.840949E+00
  1.010183E+01  1.619028E+01  2.654856E+01  4.149398E+01  5.847449E+01  7.365030E+01  8.470483E+01  9.156285E+01  9.530904E+01  9.705688E+01
  4.115920E+00  4.110573E+00  4.250168E+00  4.387295E+00  4.655563E+00  5.188469E+00  6.247727E+00  8.341899E+00  1.234335E+01  1.956249E+01
  3.109665E+01  4.627754E+01  6.219278E+01  7.602727E+01  8.608321E+01  9.232168E+01  9.572961E+01  9.731952E+01  5.228122E+00  5.222878E+00
  5.414603E+00  5.609628E+00  5.980528E+00  6.727816E+00  8.198736E+00  1.103569E+01  1.627909E+01  2.512637E+01  3.780018E+01  5.242718E+01
  6.662846E+01  7.883800E+01  8.771359E+01  9.321950E+01  9.622768E+01  9.763091E+01  7.456852E+00  7.447841E+00  7.765933E+00  8.092410E+00
  8.687969E+00  9.890743E+00  1.220416E+01  1.648040E+01  2.377869E+01  3.449112E+01  4.719586E+01  5.980162E+01  7.173083E+01  8.206795E+01
  8.958748E+01  9.425212E+01  9.680103E+01  9.798984E+01  1.365874E+01  1.364675E+01  1.432388E+01  1.497537E+01  1.625259E+01  1.866170E+01
  2.296548E+01  2.993251E+01  3.936425E+01  4.946378E+01  5.890473E+01  6.826981E+01  7.760960E+01  8.579412E+01  9.175018E+01  9.544482E+01
  9.746396E+01  9.840559E+01  5.000145E+01  4.995723E+01  5.061743E+01  5.117460E+01  5.200285E+01  5.319878E+01  5.478422E+01  5.707003E+01
  6.036234E+01  6.475778E+01  7.033488E+01  7.684637E+01  8.360653E+01  8.959738E+01  9.395731E+01  9.666500E+01  9.814352E+01  9.883419E+01
  2.686646E+00  2.681600E+00  2.762787E+00  2.838341E+00  2.982296E+00  3.275973E+00  3.864110E+00  5.033550E+00  7.369846E+00  1.192249E+01
  2.022640E+01  3.380579E+01  5.167856E+01  6.912923E+01  8.208069E+01  9.010518E+01  9.448531E+01  9.651320E+01  2.725969E+00  2.720823E+00
  2.804643E+00  2.882810E+00  3.030300E+00  3.329590E+00  3.930803E+00  5.126304E+00  7.505732E+00  1.214157E+01  2.056046E+01  3.424301E+01
  5.209723E+01  6.941562E+01  8.224729E+01  9.019688E+01  9.453622E+01  9.654516E+01  2.851423E+00  2.846766E+00  2.934871E+00  3.017843E+00
  3.176850E+00  3.497198E+00  4.141624E+00  5.412893E+00  7.940216E+00  1.282719E+01  2.160411E+01  3.558655E+01  5.335738E+01  7.026820E+01
  8.274295E+01  9.046973E+01  9.468762E+01  9.664030E+01  3.089958E+00  3.085152E+00  3.180264E+00  3.272257E+00  3.447405E+00  3.809237E+00
  4.524577E+00  5.944027E+00  8.738959E+00  1.409165E+01  2.349495E+01  3.792944E+01  5.546116E+01  7.166709E+01  8.355527E+01  9.091705E+01
  9.493597E+01  9.679642E+01  3.480022E+00  3.472503E+00  3.584770E+00  3.693933E+00  3.900777E+00  4.325311E+00  5.167316E+00  6.830532E+00
  1.007607E+01  1.616964E+01  2.649237E+01  4.141436E+01  5.839573E+01  7.357829E+01  8.466451E+01  9.152811E+01  9.527535E+01  9.700994E+01
  4.115920E+00  4.107135E+00  4.249475E+00  4.384900E+00  4.656161E+00  5.186939E+00  6.242879E+00  8.328288E+00  1.230970E+01  1.953148E+01
  3.103112E+01  4.619782E+01  6.211971E+01  7.596124E+01  8.604713E+01  9.229005E+01  9.569887E+01  9.727663E+01  5.228122E+00  5.216623E+00
  5.413656E+00  5.608072E+00  5.979398E+00  6.722984E+00  8.189058E+00  1.101145E+01  1.622742E+01  2.508009E+01  3.772759E+01  5.235443E+01
  6.656350E+01  7.877894E+01  8.768225E+01  9.319158E+01  9.620037E+01  9.759280E+01  7.456852E+00  7.442690E+00  7.764524E+00  8.088672E+00
  8.685375E+00  9.881042E+00  1.218543E+01  1.643719E+01  2.370046E+01  3.443044E+01  4.712757E+01  5.974226E+01  7.167477E+01  8.201630E+01
  8.956128E+01  9.422838E+01  9.677773E+01  9.795728E+01  1.365874E+01  1.363540E+01  1.431937E+01  1.496646E+01  1.624143E+01  1.863423E+01
  2.292785E+01  2.985900E+01  3.927018E+01  4.941844E+01  5.885889E+01  6.822410E+01  7.756258E+01  8.575143E+01  9.172919E+01  9.542577E+01
  9.744528E+01  9.837948E+01  5.000145E+01  4.994486E+01  5.060659E+01  5.116270E+01  5.199771E+01  5.319881E+01  5.478743E+01  5.702187E+01
  6.032737E+01  6.475448E+01  7.030550E+01  7.681274E+01  8.356905E+01  8.956757E+01  9.394257E+01  9.664986E+01  9.812962E+01  9.881513E+01
  2.686646E+00  2.683191E+00  2.763865E+00  2.835086E+00  2.981640E+00  3.272025E+00  3.860866E+00  5.022902E+00  7.325454E+00  1.185787E+01
  2.008033E+01  3.358985E+01  5.140178E+01  6.891636E+01  8.192356E+01  9.000311E+01  9.441182E+01  9.644798E+01  2.725969E+00  2.722057E+00
  2.805933E+00  2.879872E+00  3.029695E+00  3.326260E+00  3.928061E+00  5.113811E+00  7.460675E+00  1.207436E+01  2.041175E+01  3.402454E+01
  5.182092E+01  6.920484E+01  8.209153E+01  9.009567E+01  9.446333E+01  9.648049E+01  2.851423E+00  2.846801E+00  2.936511E+00  3.014941E+00
  3.175030E+00  3.493851E+00  4.137556E+00  5.399256E+00  7.891437E+00  1.275422E+01  2.144682E+01  3.536083E+01  5.308282E+01  7.006326E+01
  8.259116E+01  9.037111E+01  9.461655E+01  9.657736E+01  3.089958E+00  3.085161E+00  3.182672E+00  3.269063E+00  3.445543E+00  3.804121E+00
  4.518176E+00  5.927626E+00  8.681404E+00  1.400457E+01  2.331931E+01  3.769296E+01  5.519115E+01  7.147160E+01  8.341001E+01  9.082266E+01
  9.486788E+01  9.673631E+01  3.480022E+00  3.474690E+00  3.586689E+00  3.688626E+00  3.899147E+00  4.319124E+00  5.159025E+00  6.806631E+00
  1.000655E+01  1.606418E+01  2.629185E+01  4.116737E+01  5.813604E+01  7.339613E+01  8.452831E+01  9.143950E+01  9.521137E+01  9.695372E+01
  4.115920E+00  4.109076E+00  4.250141E+00  4.380003E+00  4.652689E+00  5.176981E+00  6.230767E+00  8.293158E+00  1.221460E+01  1.939481E+01
  3.079957E+01  4.594658E+01  6.187685E+01  7.579594E+01  8.592204E+01  9.220864E+01  9.563997E+01  9.722523E+01  5.228122E+00  5.219542E+00
  5.414534E+00  5.599916E+00  5.973474E+00  6.705821E+00  8.164699E+00  1.095228E+01  1.609236E+01  2.489260E+01  3.746628E+01  5.211395E+01
  6.634256E+01  7.863260E+01  8.757019E+01  9.311858E+01  9.614752E+01  9.754712E+01  7.456852E+00  7.442364E+00  7.765544E+00  8.074941E+00
  8.670668E+00  9.847151E+00  1.213607E+01  1.633026E+01  2.348909E+01  3.419932E+01  4.687035E+01  5.953086E+01  7.148006E+01  8.189072E+01
  8.946363E+01  9.416478E+01  9.673172E+01  9.791812E+01  1.365874E+01  1.363895E+01  1.431423E+01  1.493445E+01  1.620954E+01  1.856356E+01
  2.281013E+01  2.967808E+01  3.900348E+01  4.922059E+01  5.865792E+01  6.804929E+01  7.739782E+01  8.564925E+01  9.164825E+01  9.537322E+01
  9.740730E+01  9.834786E+01  5.000145E+01  4.992751E+01  5.061686E+01  5.110588E+01  5.200740E+01  5.317192E+01  5.478746E+01  5.701417E+01
  6.022482E+01  6.466368E+01  7.017744E+01  7.668322E+01  8.345512E+01  8.949046E+01  9.388286E+01  9.661273E+01  9.810273E+01  9.879222E+01
  2.686646E+00  2.688143E+00  2.763212E+00  2.834929E+00  2.976646E+00  3.268811E+00  3.850804E+00  5.011503E+00  7.301286E+00  1.178845E+01
  1.995621E+01  3.334996E+01  5.114506E+01  6.867488E+01  8.176352E+01  8.990958E+01  9.434298E+01  9.638001E+01  2.725969E+00  2.727462E+00
  2.805329E+00  2.879290E+00  3.024445E+00  3.322387E+00  3.917952E+00  5.101410E+00  7.437423E+00  1.200271E+01  2.028465E+01  3.378248E+01
  5.156534E+01  6.896530E+01  8.193285E+01  9.000303E+01  9.439509E+01  9.641316E+01  2.851423E+00  2.852596E+00  2.935936E+00  3.013420E+00
  3.169451E+00  3.489721E+00  4.125972E+00  5.386568E+00  7.864185E+00  1.267582E+01  2.131017E+01  3.511138E+01  5.282925E+01  6.982977E+01
  8.243678E+01  9.028114E+01  9.455020E+01  9.651178E+01  3.089958E+00  3.090389E+00  3.182164E+00  3.268431E+00  3.439378E+00  3.799159E+00
  4.504843E+00  5.910302E+00  8.650369E+00  1.391316E+01  2.316718E+01  3.743288E+01  5.494358E+01  7.124844E+01  8.326258E+01  9.073708E+01
  9.480460E+01  9.667368E+01  3.480022E+00  3.479805E+00  3.586123E+00  3.688425E+00  3.891406E+00  4.312508E+00  5.141815E+00  6.783934E+00
  9.964064E+00  1.595146E+01  2.611560E+01  4.089710E+01  5.790020E+01  7.318727E+01  8.439028E+01  9.135986E+01  9.515228E+01  9.689509E+01
  4.115920E+00  4.114426E+00  4.249420E+00  4.378343E+00  4.642389E+00  5.167095E+00  6.207106E+00  8.261087E+00  1.215025E+01  1.925093E+01
  3.059324E+01  4.567389E+01  6.166005E+01  7.560456E+01  8.579575E+01  9.213636E+01  9.558615E+01  9.717161E+01  5.228122E+00  5.226022E+00
  5.413505E+00  5.596149E+00  5.958535E+00  6.688534E+00  8.124908E+00  1.089603E+01  1.599293E+01  2.469848E+01  3.723476E+01  5.185361E+01
  6.615073E+01  7.846159E+01  8.745734E+01  9.305485E+01  9.609982E+01  9.749944E+01  7.456852E+00  7.451589E+00  7.761326E+00  8.066924E+00
  8.641308E+00  9.816121E+00  1.206224E+01  1.622705E+01  2.332944E+01  3.395320E+01  4.664622E+01  5.930406E+01  7.131602E+01  8.174265E+01
  8.936610E+01  9.411057E+01  9.669094E+01  9.787720E+01  1.365874E+01  1.364291E+01  1.430554E+01  1.491133E+01  1.615160E+01  1.848581E+01
  2.266770E+01  2.948647E+01  3.879762E+01  4.900756E+01  5.849679E+01  6.786235E+01  7.726384E+01  8.552537E+01  9.156799E+01  9.532913E+01
  9.737447E+01  9.831477E+01  5.000145E+01  4.996473E+01  5.059480E+01  5.110735E+01  5.192095E+01  5.314066E+01  5.470721E+01  5.697223E+01
  6.016764E+01  6.454434E+01  7.007725E+01  7.655345E+01  8.335515E+01  8.939882E+01  9.382721E+01  9.657979E+01  9.807946E+01  9.876833E+01
  2.686646E+00  2.690415E+00  2.761132E+00  2.836452E+00  2.977736E+00  3.266002E+00  3.841936E+00  4.994808E+00  7.275601E+00  1.170593E+01
  1.981395E+01  3.311150E+01  5.087636E+01  6.844702E+01  8.159505E+01  8.979672E+01  9.426969E+01  9.631510E+01  2.725969E+00  2.728938E+00
  2.803546E+00  2.879665E+00  3.025543E+00  3.318581E+00  3.909302E+00  5.084114E+00  7.410307E+00  1.191785E+01  2.013963E+01  3.354165E+01
  5.129693E+01  6.873933E+01  8.176591E+01  8.989112E+01  9.432244E+01  9.634884E+01  2.851423E+00  2.853909E+00  2.934281E+00  3.014686E+00
  3.170759E+00  3.484680E+00  4.114322E+00  5.367941E+00  7.832885E+00  1.258438E+01  2.115530E+01  3.486386E+01  5.256403E+01  6.960976E+01
  8.227414E+01  9.017200E+01  9.447944E+01  9.644913E+01  3.089958E+00  3.093180E+00  3.180154E+00  3.269848E+00  3.439171E+00  3.795344E+00
  4.492255E+00  5.887801E+00  8.612100E+00  1.380976E+01  2.299569E+01  3.717559E+01  5.468496E+01  7.103829E+01  8.310720E+01  9.063248E+01
  9.473695E+01  9.661382E+01  3.480022E+00  3.482799E+00  3.583331E+00  3.688362E+00  3.891839E+00  4.306288E+00  5.125675E+00  6.755170E+00
  9.912930E+00  1.582693E+01  2.592021E+01  4.063052E+01  5.765410E+01  7.299108E+01  8.424478E+01  9.126151E+01  9.508890E+01  9.683906E+01
  4.115920E+00  4.117527E+00  4.246471E+00  4.379256E+00  4.641817E+00  5.159609E+00  6.184830E+00  8.218240E+00  1.208212E+01  1.909123E+01
  3.036628E+01  4.540483E+01  6.143470E+01  7.542554E+01  8.566251E+01  9.204584E+01  9.552810E+01  9.712038E+01  5.228122E+00  5.229677E+00
  5.409478E+00  5.595778E+00  5.954077E+00  6.674760E+00  8.088305E+00  1.083112E+01  1.588218E+01  2.449174E+01  3.697993E+01  5.160181E+01
  6.595355E+01  7.830276E+01  8.733846E+01  9.297346E+01  9.604803E+01  9.745387E+01  7.456852E+00  7.457637E+00  7.752697E+00  8.062122E+00
  8.630911E+00  9.784268E+00  1.199519E+01  1.611144E+01  2.316025E+01  3.369315E+01  4.639685E+01  5.908894E+01  7.114931E+01  8.160554E+01
  8.926280E+01  9.403942E+01  9.664623E+01  9.783806E+01  1.365874E+01  1.366113E+01  1.428867E+01  1.490200E+01  1.612192E+01  1.841595E+01
  2.253511E+01  2.928823E+01  3.858511E+01  4.877817E+01  5.831120E+01  6.769090E+01  7.713059E+01  8.541358E+01  9.148286E+01  9.527018E+01
  9.733789E+01  9.828306E+01  5.000145E+01  5.000011E+01  5.057645E+01  5.110022E+01  5.194067E+01  5.310253E+01  5.466915E+01  5.690725E+01
  6.009729E+01  6.445187E+01  6.996230E+01  7.642455E+01  8.325308E+01  8.932210E+01  9.376655E+01  9.653786E+01  9.805302E+01  9.874571E+01
  5.025803E+00  4.910366E+00  5.174402E+00  5.398738E+00  5.726864E+00  6.618936E+00  8.256916E+00  1.115527E+01  1.599900E+01  2.383697E+01
  3.530326E+01  5.000535E+01  6.544762E+01  7.861181E+01  8.787003E+01  9.349176E+01  9.660898E+01  9.824654E+01  5.025803E+00  5.037710E+00
  5.186487E+00  5.382274E+00  5.723145E+00  6.539617E+00  8.074942E+00  1.087407E+01  1.567919E+01  2.335611E+01  3.472859E+01  4.919265E+01
  6.470814E+01  7.806920E+01  8.750589E+01  9.327266E+01  9.647231E+01  9.814131E+01  5.025803E+00  4.919405E+00  5.192032E+00  5.404575E+00
  5.685888E+00  6.520892E+00  8.035692E+00  1.079795E+01  1.552317E+01  2.317939E+01  3.441417E+01  4.890505E+01  6.439883E+01  7.781131E+01
  8.733657E+01  9.317985E+01  9.640959E+01  9.808205E+01  5.025803E+00  4.990562E+00  5.217534E+00  5.367261E+00  5.714369E+00  6.485827E+00
  8.032613E+00  1.079146E+01  1.537918E+01  2.302982E+01  3.422657E+01  4.866720E+01  6.422565E+01  7.767361E+01  8.722620E+01  9.310413E+01
  9.635658E+01  9.802520E+01  5.025803E+00  4.976198E+00  5.164592E+00  5.363636E+00  5.709464E+00  6.481790E+00  7.951269E+00  1.077000E+01
  1.528899E+01  2.290741E+01  3.401280E+01  4.848404E+01  6.402349E+01  7.751045E+01  8.713444E+01  9.302959E+01  9.630525E+01  9.797348E+01
  5.025803E+00  4.986806E+00  5.187926E+00  5.364279E+00  5.727732E+00  6.442686E+00  7.938191E+00  1.065857E+01  1.521382E+01  2.272161E+01
  3.384952E+01  4.827690E+01  6.377582E+01  7.733305E+01  8.702315E+01  9.295218E+01  9.625277E+01  9.791676E+01  5.025803E+00  4.986215E+00
  5.186924E+00  5.372972E+00  5.687894E+00  6.430599E+00  7.865256E+00  1.055040E+01  1.510219E+01  2.255335E+01  3.359554E+01  4.795007E+01
  6.349911E+01  7.709879E+01  8.687389E+01  9.287163E+01  9.618378E+01  9.785813E+01  5.025803E+00  5.056179E+00  5.171715E+00  5.356556E+00
  5.679675E+00  6.420289E+00  7.797601E+00  1.046354E+01  1.494975E+01  2.236058E+01  3.334193E+01  4.765990E+01  6.322330E+01  7.687272E+01
  8.670320E+01  9.276498E+01  9.611766E+01  9.779633E+01  5.025803E+00  5.014634E+00  5.152255E+00  5.336571E+00  5.633339E+00  6.347181E+00
  7.644682E+00  1.000975E+01  1.433268E+01  2.149512E+01  3.215608E+01  4.616525E+01  6.172959E+01  7.571278E+01  8.592730E+01  9.230388E+01
  9.585353E+01  9.762894E+01  5.025803E+00  4.931442E+00  5.130903E+00  5.318110E+00  5.624476E+00  6.291643E+00  7.603302E+00  9.922235E+00
  1.410830E+01  2.119325E+01  3.167034E+01  4.562807E+01  6.119521E+01  7.527300E+01  8.564439E+01  9.213062E+01  9.574467E+01  9.754510E+01
  5.025803E+00  5.019154E+00  5.159596E+00  5.313859E+00  5.601560E+00  6.280486E+00  7.536857E+00  9.757598E+00  1.398427E+01  2.088330E+01
  3.121145E+01  4.502464E+01  6.061238E+01  7.480783E+01  8.530342E+01  9.194373E+01  9.562418E+01  9.745673E+01  5.025803E+00  4.947863E+00
  5.168855E+00  5.289535E+00  5.602392E+00  6.225973E+00  7.515057E+00  9.736827E+00  1.387973E+01  2.071395E+01  3.103478E+01  4.481649E+01
  6.039118E+01  7.460383E+01  8.519440E+01  9.185481E+01  9.557050E+01  9.740144E+01  5.025803E+00  5.002311E+00  5.165557E+00  5.290700E+00
  5.594868E+00  6.243804E+00  7.535129E+00  9.758004E+00  1.397800E+01  2.086029E+01  3.122509E+01  4.500501E+01  6.060213E+01  7.478020E+01
  8.529974E+01  9.191013E+01  9.558925E+01  9.739033E+01  5.025803E+00  4.917584E+00  5.143858E+00  5.290519E+00  5.669481E+00  6.274817E+00
  7.554824E+00  9.826852E+00  1.401817E+01  2.093758E+01  3.130915E+01  4.522269E+01  6.080975E+01  7.495280E+01  8.540953E+01  9.197655E+01
  9.560429E+01  9.737310E+01  5.025803E+00  4.994346E+00  5.141268E+00  5.308594E+00  5.641339E+00  6.276250E+00  7.572713E+00  9.870605E+00
  1.403644E+01  2.107722E+01  3.149193E+01  4.541700E+01  6.096459E+01  7.510304E+01  8.550150E+01  9.201876E+01  9.562044E+01  9.735648E+01
  5.025803E+00  4.989876E+00  5.166326E+00  5.279593E+00  5.556167E+00  6.319708E+00  7.568166E+00  9.948846E+00  1.412428E+01  2.118803E+01
  3.165708E+01  4.559840E+01  6.116162E+01  7.525901E+01  8.561755E+01  9.207440E+01  9.563274E+01  9.733802E+01  5.025803E+00  4.974738E+00
  5.145925E+00  5.294198E+00  5.591711E+00  6.312559E+00  7.611228E+00  9.972125E+00  1.418270E+01  2.131179E+01  3.177648E+01  4.576945E+01
  6.132946E+01  7.539355E+01  8.569642E+01  9.210913E+01  9.564548E+01  9.732121E+01  5.025803E+00  4.996473E+00  5.147606E+00  5.316260E+00
  5.633975E+00  6.311435E+00  7.601156E+00  9.994471E+00  1.427465E+01  2.138761E+01  3.195661E+01  4.595469E+01  6.149860E+01  7.554836E+01
  8.578069E+01  9.215736E+01  9.565438E+01  9.729981E+01  5.025803E+00  4.963268E+00  5.146454E+00  5.337766E+00  5.612557E+00  6.313690E+00
  7.631570E+00  1.002322E+01  1.434287E+01  2.147303E+01  3.212381E+01  4.615674E+01  6.168517E+01  7.566702E+01  8.587123E+01  9.220560E+01
  9.566567E+01  9.728040E+01  5.025803E+00  5.019875E+00  5.123335E+00  5.376837E+00  5.623507E+00  6.330460E+00  7.635539E+00  9.989415E+00
  1.429820E+01  2.146951E+01  3.205584E+01  4.608718E+01  6.160768E+01  7.560255E+01  8.583426E+01  9.217290E+01  9.563458E+01  9.723672E+01
  5.025803E+00  4.960170E+00  5.176736E+00  5.290703E+00  5.658862E+00  6.309558E+00  7.637123E+00  9.984365E+00  1.417179E+01  2.133196E+01
  3.185231E+01  4.584279E+01  6.137291E+01  7.543301E+01  8.570806E+01  9.209106E+01  9.557554E+01  9.718453E+01  5.025803E+00  4.987401E+00
  5.159178E+00  5.300368E+00  5.582552E+00  6.301150E+00  7.577440E+00  9.955757E+00  1.412417E+01  2.117181E+01  3.164908E+01  4.559918E+01
  6.114581E+01  7.523933E+01  8.558167E+01  9.201791E+01  9.552200E+01  9.713029E+01  5.025803E+00  5.028120E+00  5.154516E+00  5.315499E+00
  5.627747E+00  6.311080E+00  7.540204E+00  9.881345E+00  1.404268E+01  2.102306E+01  3.145845E+01  4.534689E+01  6.092353E+01  7.505656E+01
  8.544742E+01  9.192592E+01  9.546240E+01  9.707820E+01
