  6.343411E-01
          18 10.0000000
 -2.000000E+01 -1.000000E+01 -2.107210E+00 -1.806180E+00 -1.505150E+00 -1.204120E+00 -9.030900E-01 -6.020600E-01 -3.010300E-01  0.000000E+00
  3.010300E-01  6.020600E-01  9.030900E-01  1.204120E+00  1.505150E+00  1.806180E+00  2.107210E+00  2.408240E+00
          10 10.0000000
  0.000000E+00  1.000000E+01  2.000000E+01  3.000000E+01  4.000000E+01  5.000000E+01  6.000000E+01  7.000000E+01  8.000000E+01  8.900000E+01
          23  4.0000000
  4.000000E+00  8.000000E+00  1.200000E+01  1.600000E+01  2.000000E+01  2.400000E+01  2.800000E+01  3.200000E+01  3.600000E+01  4.000000E+01
  4.400000E+01  4.800000E+01  5.200000E+01  5.600000E+01  6.000000E+01  6.400000E+01  6.800000E+01  7.200000E+01  7.600000E+01  8.000000E+01
  8.400000E+01  8.800000E+01  9.200000E+01
  2.650391E+00  2.634277E+00  2.701660E+00  2.794434E+00  2.956055E+00  3.268555E+00  3.916016E+00  5.256836E+00  7.866699E+00  1.303003E+01
  2.251929E+01  3.766162E+01  5.631128E+01  7.291571E+01  8.463953E+01  9.175758E+01  9.570728E+01  9.777898E+01  2.690430E+00  2.674316E+00
  2.749512E+00  2.845703E+00  3.006348E+00  3.325684E+00  3.996582E+00  5.353027E+00  8.037109E+00  1.328467E+01  2.291333E+01  3.813745E+01
  5.670959E+01  7.316895E+01  8.478180E+01  9.183411E+01  9.574734E+01  9.779950E+01  2.784668E+00  2.767578E+00  2.880859E+00  2.957520E+00
  3.139648E+00  3.483887E+00  4.215820E+00  5.683105E+00  8.544434E+00  1.409790E+01  2.412622E+01  3.958008E+01  5.789819E+01  7.391748E+01
  8.520776E+01  9.206284E+01  9.586630E+01  9.786121E+01  3.025879E+00  3.009766E+00  3.115723E+00  3.220703E+00  3.427734E+00  3.833008E+00
  4.648926E+00  6.284180E+00  9.487305E+00  1.560596E+01  2.631299E+01  4.205322E+01  5.986401E+01  7.515088E+01  8.590662E+01  9.243771E+01
  9.606142E+01  9.796210E+01  3.409668E+00  3.387695E+00  3.524414E+00  3.651367E+00  3.903809E+00  4.368164E+00  5.337891E+00  7.303223E+00
  1.108057E+01  1.808594E+01  2.972485E+01  4.563013E+01  6.256616E+01  7.683313E+01  8.686115E+01  9.294940E+01  9.632777E+01  9.809994E+01
  4.046875E+00  4.019043E+00  4.201172E+00  4.352539E+00  4.664551E+00  5.290527E+00  6.554199E+00  9.050293E+00  1.374512E+01  2.206738E+01
  3.472461E+01  5.034277E+01  6.595776E+01  7.893359E+01  8.805212E+01  9.358838E+01  9.666031E+01  9.827199E+01  5.157227E+00  5.134766E+00
  5.367188E+00  5.600586E+00  6.054688E+00  6.971680E+00  8.757812E+00  1.222949E+01  1.843848E+01  2.844385E+01  4.170996E+01  5.617090E+01
  6.998315E+01  8.142078E+01  8.946362E+01  9.434528E+01  9.705476E+01  9.847601E+01  7.346680E+00  7.296875E+00  7.722656E+00  8.115234E+00
  8.898438E+00  1.040332E+01  1.335352E+01  1.864453E+01  2.708008E+01  3.845117E+01  5.078516E+01  6.298242E+01  7.462793E+01  8.429248E+01
  9.109265E+01  9.521942E+01  9.750970E+01  9.871152E+01  1.348047E+01  1.339258E+01  1.431250E+01  1.522461E+01  1.692578E+01  2.004492E+01
  2.539648E+01  3.349609E+01  4.320312E+01  5.262500E+01  6.152148E+01  7.084668E+01  8.000293E+01  8.761719E+01  9.297778E+01  9.623035E+01
  9.803625E+01  9.898413E+01  4.976562E+01  4.954688E+01  5.067188E+01  5.135938E+01  5.234375E+01  5.370312E+01  5.551562E+01  5.812500E+01
  6.168750E+01  6.620312E+01  7.210938E+01  7.866406E+01  8.532031E+01  9.089844E+01  9.483789E+01  9.722168E+01  9.855518E+01  9.925220E+01
  2.650391E+00  2.632812E+00  2.699219E+00  2.785156E+00  2.945312E+00  3.258789E+00  3.896973E+00  5.207520E+00  7.793457E+00  1.280396E+01
  2.205347E+01  3.686865E+01  5.538196E+01  7.220966E+01  8.417023E+01  9.148044E+01  9.553805E+01  9.764960E+01  2.690430E+00  2.672852E+00
  2.745605E+00  2.836426E+00  2.995605E+00  3.314941E+00  3.978027E+00  5.298828E+00  7.928711E+00  1.305225E+01  2.243188E+01  3.733789E+01
  5.578577E+01  7.246838E+01  8.431744E+01  9.156004E+01  9.557947E+01  9.767146E+01  2.784668E+00  2.763184E+00  2.878418E+00  2.947266E+00
  3.139160E+00  3.499512E+00  4.187012E+00  5.615723E+00  8.427246E+00  1.383716E+01  2.361401E+01  3.876343E+01  5.699182E+01  7.323767E+01
  8.475665E+01  9.179602E+01  9.570310E+01  9.773650E+01  3.025879E+00  3.009277E+00  3.110840E+00  3.208984E+00  3.412598E+00  3.812012E+00
  4.596191E+00  6.201660E+00  9.332520E+00  1.528516E+01  2.574170E+01  4.122119E+01  5.898804E+01  7.450134E+01  8.547662E+01  9.218329E+01
  9.590571E+01  9.784312E+01  3.409668E+00  3.387695E+00  3.534668E+00  3.635742E+00  3.883789E+00  4.339844E+00  5.298828E+00  7.192871E+00
  1.086914E+01  1.768799E+01  2.906982E+01  4.479346E+01  6.173804E+01  7.622803E+01  8.645905E+01  9.271231E+01  9.618253E+01  9.798875E+01
  4.046875E+00  4.017578E+00  4.190918E+00  4.331055E+00  4.652832E+00  5.245605E+00  6.465820E+00  8.872070E+00  1.346094E+01  2.153711E+01
  3.399512E+01  4.953931E+01  6.519629E+01  7.837952E+01  8.768494E+01  9.337177E+01  9.652789E+01  9.817050E+01  5.157227E+00  5.127930E+00
  5.360352E+00  5.576172E+00  6.026367E+00  6.890625E+00  8.618164E+00  1.196387E+01  1.799609E+01  2.775537E+01  4.095410E+01  5.544043E+01
  6.930103E+01  8.092773E+01  8.913733E+01  9.415344E+01  9.693713E+01  9.838593E+01  7.346680E+00  7.299805E+00  7.717773E+00  8.069336E+00
  8.822266E+00  1.028418E+01  1.307422E+01  1.815527E+01  2.640527E+01  3.767480E+01  5.012109E+01  6.236475E+01  7.404053E+01  8.387085E+01
  9.081091E+01  9.505475E+01  9.740891E+01  9.863440E+01  1.348047E+01  1.339453E+01  1.426562E+01  1.509180E+01  1.671875E+01  1.970508E+01
  2.484180E+01  3.272070E+01  4.246875E+01  5.205078E+01  6.104102E+01  7.034668E+01  7.951562E+01  8.727148E+01  9.274683E+01  9.609595E+01
  9.795477E+01  9.892194E+01  4.976562E+01  4.953125E+01  5.059375E+01  5.120312E+01  5.221875E+01  5.359375E+01  5.545312E+01  5.795312E+01
  6.137500E+01  6.593750E+01  7.178125E+01  7.831250E+01  8.496875E+01  9.064062E+01  9.467383E+01  9.712891E+01  9.849609E+01  9.920801E+01
  2.650391E+00  2.636719E+00  2.695801E+00  2.786133E+00  2.942871E+00  3.252930E+00  3.903320E+00  5.174805E+00  7.718262E+00  1.270142E+01
  2.183887E+01  3.652197E+01  5.500281E+01  7.192712E+01  8.395374E+01  9.135461E+01  9.545547E+01  9.757276E+01  2.690430E+00  2.673340E+00
  2.741699E+00  2.832031E+00  2.993164E+00  3.307617E+00  3.961914E+00  5.281738E+00  7.881348E+00  1.294775E+01  2.221289E+01  3.698730E+01
  5.540771E+01  7.218665E+01  8.410321E+01  9.143503E+01  9.549776E+01  9.759540E+01  2.784668E+00  2.767578E+00  2.875977E+00  2.960938E+00
  3.153809E+00  3.493164E+00  4.168457E+00  5.581055E+00  8.372559E+00  1.372632E+01  2.337964E+01  3.840649E+01  5.662134E+01  7.296570E+01
  8.454791E+01  9.167477E+01  9.562361E+01  9.766257E+01  3.025879E+00  3.010254E+00  3.109375E+00  3.206543E+00  3.410645E+00  3.805664E+00
  4.579102E+00  6.172363E+00  9.263672E+00  1.516064E+01  2.548267E+01  4.085352E+01  5.863086E+01  7.424353E+01  8.527649E+01  9.206747E+01
  9.583002E+01  9.777272E+01  3.409668E+00  3.388672E+00  3.531738E+00  3.632812E+00  3.878906E+00  4.344238E+00  5.276855E+00  7.134277E+00
  1.077295E+01  1.751367E+01  2.878223E+01  4.442017E+01  6.140259E+01  7.598816E+01  8.627161E+01  9.260406E+01  9.611197E+01  9.792317E+01
  4.046875E+00  4.020508E+00  4.188477E+00  4.325684E+00  4.648926E+00  5.231445E+00  6.430664E+00  8.806152E+00  1.330615E+01  2.131250E+01
  3.367432E+01  4.917480E+01  6.488696E+01  7.816345E+01  8.751251E+01  9.327289E+01  9.646376E+01  9.811093E+01  5.157227E+00  5.131836E+00
  5.347656E+00  5.559570E+00  6.012695E+00  6.859375E+00  8.554688E+00  1.183789E+01  1.777832E+01  2.747266E+01  4.061670E+01  5.510547E+01
  6.902783E+01  8.073877E+01  8.898328E+01  9.406537E+01  9.688057E+01  9.833347E+01  7.346680E+00  7.302734E+00  7.705078E+00  8.056641E+00
  8.791016E+00  1.022070E+01  1.298340E+01  1.795996E+01  2.609277E+01  3.733789E+01  4.982227E+01  6.206885E+01  7.379883E+01  8.371118E+01
  9.067773E+01  9.497937E+01  9.736090E+01  9.859004E+01  1.348047E+01  1.339258E+01  1.424609E+01  1.506055E+01  1.665820E+01  1.954688E+01
  2.462500E+01  3.241016E+01  4.212305E+01  5.178906E+01  6.082812E+01  7.009766E+01  7.931738E+01  8.714404E+01  9.263745E+01  9.603613E+01
  9.791644E+01  9.888681E+01  4.976562E+01  4.954688E+01  5.054688E+01  5.121875E+01  5.218750E+01  5.360938E+01  5.540625E+01  5.782812E+01
  6.126562E+01  6.575000E+01  7.164062E+01  7.816406E+01  8.483203E+01  9.054297E+01  9.458984E+01  9.708301E+01  9.847168E+01  9.918311E+01
  2.650391E+00  2.632812E+00  2.694336E+00  2.787109E+00  2.937988E+00  3.246582E+00  3.892578E+00  5.153809E+00  7.687012E+00  1.262109E+01
  2.169727E+01  3.631470E+01  5.474670E+01  7.171942E+01  8.383466E+01  9.126460E+01  9.538820E+01  9.749619E+01  2.690430E+00  2.671875E+00
  2.740723E+00  2.836426E+00  2.987793E+00  3.300293E+00  3.966309E+00  5.261230E+00  7.834473E+00  1.286401E+01  2.206592E+01  3.677808E+01
  5.515283E+01  7.198145E+01  8.398566E+01  9.134561E+01  9.543107E+01  9.751948E+01  2.784668E+00  2.764648E+00  2.872070E+00  2.963379E+00
  3.149414E+00  3.485352E+00  4.155762E+00  5.569336E+00  8.320801E+00  1.363574E+01  2.322485E+01  3.819336E+01  5.637231E+01  7.276562E+01
  8.443396E+01  9.158771E+01  9.555881E+01  9.758860E+01  3.025879E+00  3.008789E+00  3.105957E+00  3.210449E+00  3.403809E+00  3.792969E+00
  4.592773E+00  6.143066E+00  9.202637E+00  1.505664E+01  2.531055E+01  4.063184E+01  5.839087E+01  7.405273E+01  8.516852E+01  9.198459E+01
  9.576815E+01  9.770201E+01  3.409668E+00  3.384766E+00  3.525879E+00  3.635254E+00  3.875000E+00  4.334961E+00  5.255859E+00  7.119629E+00
  1.069580E+01  1.738428E+01  2.858398E+01  4.419556E+01  6.117603E+01  7.580969E+01  8.617200E+01  9.252637E+01  9.605423E+01  9.785699E+01
  4.046875E+00  4.016113E+00  4.184082E+00  4.331055E+00  4.638184E+00  5.215820E+00  6.429199E+00  8.769531E+00  1.321484E+01  2.114746E+01
  3.344922E+01  4.895557E+01  6.468213E+01  7.800085E+01  8.742328E+01  9.320227E+01  9.641107E+01  9.805037E+01  5.157227E+00  5.130859E+00
  5.345703E+00  5.563477E+00  5.997070E+00  6.831055E+00  8.526367E+00  1.177832E+01  1.763574E+01  2.725928E+01  4.037891E+01  5.490820E+01
  6.884790E+01  8.059473E+01  8.890527E+01  9.400293E+01  9.683383E+01  9.827959E+01  7.346680E+00  7.291016E+00  7.698242E+00  8.054688E+00
  8.769531E+00  1.017480E+01  1.289355E+01  1.782227E+01  2.588770E+01  3.709570E+01  4.960840E+01  6.190381E+01  7.364648E+01  8.358618E+01
  9.061340E+01  9.492596E+01  9.732086E+01  9.854385E+01  1.348047E+01  1.339453E+01  1.423242E+01  1.504297E+01  1.657812E+01  1.944141E+01
  2.446484E+01  3.217969E+01  4.189648E+01  5.159766E+01  6.066797E+01  6.996680E+01  7.919629E+01  8.704199E+01  9.258691E+01  9.599316E+01
  9.788452E+01  9.884973E+01  4.976562E+01  4.951562E+01  5.053125E+01  5.128125E+01  5.210938E+01  5.354688E+01  5.532812E+01  5.775000E+01
  6.117188E+01  6.562500E+01  7.155469E+01  7.804688E+01  8.474609E+01  9.048047E+01  9.454492E+01  9.705664E+01  9.844727E+01  9.915698E+01
  2.650391E+00  2.634277E+00  2.692871E+00  2.786133E+00  2.937012E+00  3.243652E+00  3.880371E+00  5.156738E+00  7.666504E+00  1.255688E+01
  2.157397E+01  3.616772E+01  5.454175E+01  7.153210E+01  8.369989E+01  9.118892E+01  9.532800E+01  9.743307E+01  2.690430E+00  2.675293E+00
  2.739258E+00  2.837891E+00  2.988770E+00  3.298828E+00  3.955566E+00  5.250488E+00  7.797363E+00  1.279932E+01  2.194824E+01  3.662842E+01
  5.495032E+01  7.179688E+01  8.385193E+01  9.127089E+01  9.537146E+01  9.745689E+01  2.784668E+00  2.765137E+00  2.870605E+00  2.961914E+00
  3.151367E+00  3.482910E+00  4.157227E+00  5.558594E+00  8.277344E+00  1.355591E+01  2.308984E+01  3.804004E+01  5.617261E+01  7.258618E+01
  8.430353E+01  9.151505E+01  9.550073E+01  9.752777E+01  3.025879E+00  3.010254E+00  3.120605E+00  3.203613E+00  3.403320E+00  3.791504E+00
  4.576172E+00  6.141602E+00  9.167480E+00  1.495752E+01  2.516455E+01  4.047607E+01  5.819800E+01  7.388074E+01  8.504321E+01  9.191522E+01
  9.571263E+01  9.764398E+01  3.409668E+00  3.389648E+00  3.522949E+00  3.632324E+00  3.875488E+00  4.327637E+00  5.251953E+00  7.100586E+00
  1.064697E+01  1.728027E+01  2.841895E+01  4.403760E+01  6.099414E+01  7.564856E+01  8.605420E+01  9.246149E+01  9.600218E+01  9.780276E+01
  4.046875E+00  4.020996E+00  4.180176E+00  4.328125E+00  4.637207E+00  5.221191E+00  6.402344E+00  8.732422E+00  1.314404E+01  2.101074E+01
  3.326465E+01  4.880225E+01  6.451660E+01  7.785376E+01  8.731458E+01  9.314343E+01  9.636336E+01  9.800089E+01  5.157227E+00  5.130859E+00
  5.334961E+00  5.556641E+00  5.998047E+00  6.833008E+00  8.483398E+00  1.172070E+01  1.752539E+01  2.708301E+01  4.018066E+01  5.477295E+01
  6.870068E+01  8.046240E+01  8.880786E+01  9.395087E+01  9.679126E+01  9.823579E+01  7.346680E+00  7.299805E+00  7.681641E+00  8.043945E+00
  8.772461E+00  1.017188E+01  1.282422E+01  1.773828E+01  2.572168E+01  3.688867E+01  4.942285E+01  6.179199E+01  7.351904E+01  8.347046E+01
  9.052722E+01  9.488092E+01  9.728436E+01  9.850656E+01  1.348047E+01  1.339062E+01  1.421094E+01  1.503320E+01  1.655469E+01  1.938867E+01
  2.431836E+01  3.204297E+01  4.169727E+01  5.143164E+01  6.053125E+01  6.988184E+01  7.908789E+01  8.694580E+01  9.251562E+01  9.595654E+01
  9.785486E+01  9.882010E+01  4.976562E+01  4.954688E+01  5.045312E+01  5.123438E+01  5.210938E+01  5.351562E+01  5.525000E+01  5.773438E+01
  6.115625E+01  6.554688E+01  7.144531E+01  7.799219E+01  8.466016E+01  9.041797E+01  9.449219E+01  9.702734E+01  9.842725E+01  9.913550E+01
  2.650391E+00  2.636719E+00  2.697754E+00  2.780762E+00  2.934082E+00  3.239258E+00  3.869629E+00  5.131836E+00  7.614258E+00  1.248315E+01
  2.143188E+01  3.586621E+01  5.425378E+01  7.128113E+01  8.356073E+01  9.109041E+01  9.525488E+01  9.736129E+01  2.690430E+00  2.674805E+00
  2.741211E+00  2.831543E+00  2.989746E+00  3.291992E+00  3.946777E+00  5.238281E+00  7.770508E+00  1.271484E+01  2.179712E+01  3.632715E+01
  5.466492E+01  7.154907E+01  8.371423E+01  9.117300E+01  9.529896E+01  9.738573E+01  2.784668E+00  2.766602E+00  2.874512E+00  2.956543E+00
  3.146484E+00  3.475098E+00  4.145996E+00  5.531250E+00  8.248535E+00  1.346143E+01  2.293262E+01  3.773096E+01  5.589124E+01  7.234387E+01
  8.416962E+01  9.141998E+01  9.543011E+01  9.745854E+01  3.025879E+00  3.010254E+00  3.124512E+00  3.200195E+00  3.397461E+00  3.782715E+00
  4.562012E+00  6.106445E+00  9.112793E+00  1.486182E+01  2.498584E+01  4.015967E+01  5.792578E+01  7.364807E+01  8.491669E+01  9.182428E+01
  9.564518E+01  9.757786E+01  3.409668E+00  3.391113E+00  3.532227E+00  3.625000E+00  3.868164E+00  4.316406E+00  5.229980E+00  7.056641E+00
  1.057568E+01  1.714551E+01  2.821777E+01  4.371484E+01  6.073486E+01  7.542944E+01  8.593622E+01  9.237668E+01  9.593901E+01  9.774094E+01
  4.046875E+00  4.021973E+00  4.183105E+00  4.318359E+00  4.628906E+00  5.204102E+00  6.373535E+00  8.689941E+00  1.304248E+01  2.084424E+01
  3.303223E+01  4.848364E+01  6.427832E+01  7.765039E+01  8.720782E+01  9.306567E+01  9.630551E+01  9.794447E+01  5.157227E+00  5.134766E+00
  5.343750E+00  5.543945E+00  5.975586E+00  6.809570E+00  8.457031E+00  1.162891E+01  1.737305E+01  2.686035E+01  3.992871E+01  5.447266E+01
  6.848853E+01  8.027905E+01  8.871362E+01  9.388159E+01  9.673975E+01  9.818574E+01  7.346680E+00  7.301758E+00  7.689453E+00  8.020508E+00
  8.745117E+00  1.012500E+01  1.275488E+01  1.758008E+01  2.549219E+01  3.662305E+01  4.918848E+01  6.152881E+01  7.333447E+01  8.330737E+01
  9.044739E+01  9.482166E+01  9.724011E+01  9.846387E+01  1.348047E+01  1.340430E+01  1.421875E+01  1.497656E+01  1.650391E+01  1.930273E+01
  2.416406E+01  3.180859E+01  4.143750E+01  5.122070E+01  6.035547E+01  6.965430E+01  7.893262E+01  8.680859E+01  9.245215E+01  9.590784E+01
  9.781897E+01  9.878604E+01  4.976562E+01  4.960938E+01  5.054688E+01  5.117188E+01  5.206250E+01  5.346875E+01  5.517188E+01  5.768750E+01
  6.106250E+01  6.548438E+01  7.136719E+01  7.778906E+01  8.453125E+01  9.032031E+01  9.444531E+01  9.699414E+01  9.839795E+01  9.911206E+01
  2.650391E+00  2.635254E+00  2.692871E+00  2.778809E+00  2.933105E+00  3.233398E+00  3.853516E+00  5.113770E+00  7.594238E+00  1.237695E+01
  2.123901E+01  3.557324E+01  5.390979E+01  7.102295E+01  8.337128E+01  9.097214E+01  9.517330E+01  9.728349E+01  2.690430E+00  2.672852E+00
  2.736816E+00  2.831543E+00  2.986328E+00  3.285645E+00  3.929688E+00  5.203613E+00  7.721680E+00  1.261670E+01  2.159814E+01  3.603003E+01
  5.432251E+01  7.129321E+01  8.352600E+01  9.105618E+01  9.521817E+01  9.730861E+01  2.784668E+00  2.766602E+00  2.868164E+00  2.968262E+00
  3.142090E+00  3.468750E+00  4.144043E+00  5.506836E+00  8.188965E+00  1.336230E+01  2.272144E+01  3.742725E+01  5.555518E+01  7.209534E+01
  8.398657E+01  9.130618E+01  9.535147E+01  9.738345E+01  3.025879E+00  3.008301E+00  3.116211E+00  3.196777E+00  3.393066E+00  3.785645E+00
  4.536621E+00  6.060547E+00  9.061523E+00  1.472998E+01  2.475317E+01  3.984717E+01  5.759888E+01  7.341162E+01  8.474237E+01  9.171582E+01
  9.557007E+01  9.750621E+01  3.409668E+00  3.389160E+00  3.521973E+00  3.621582E+00  3.859375E+00  4.302246E+00  5.203125E+00  7.001953E+00
  1.050439E+01  1.698584E+01  2.794775E+01  4.339746E+01  6.042627E+01  7.521057E+01  8.577332E+01  9.227527E+01  9.586871E+01  9.767398E+01
  4.046875E+00  4.018555E+00  4.176758E+00  4.313477E+00  4.619141E+00  5.203125E+00  6.333984E+00  8.612793E+00  1.293701E+01  2.063428E+01
  3.272949E+01  4.817188E+01  6.399268E+01  7.745264E+01  8.705890E+01  9.297302E+01  9.624135E+01  9.788329E+01  5.157227E+00  5.132812E+00
  5.337891E+00  5.533203E+00  5.960938E+00  6.794922E+00  8.393555E+00  1.153516E+01  1.720801E+01  2.658252E+01  3.960889E+01  5.418848E+01
  6.823486E+01  8.010571E+01  8.858057E+01  9.379919E+01  9.668292E+01  9.813149E+01  7.346680E+00  7.300781E+00  7.668945E+00  8.018555E+00
  8.712891E+00  1.005957E+01  1.265723E+01  1.740332E+01  2.524121E+01  3.628711E+01  4.888574E+01  6.128809E+01  7.311328E+01  8.316089E+01
  9.033228E+01  9.475055E+01  9.719116E+01  9.841751E+01  1.348047E+01  1.338867E+01  1.416602E+01  1.492578E+01  1.644727E+01  1.916211E+01
  2.395703E+01  3.148828E+01  4.115430E+01  5.093359E+01  6.012695E+01  6.946191E+01  7.875098E+01  8.668994E+01  9.235693E+01  9.585034E+01
  9.777917E+01  9.874869E+01  4.976562E+01  4.953125E+01  5.048438E+01  5.106250E+01  5.206250E+01  5.340625E+01  5.510938E+01  5.757812E+01
  6.100000E+01  6.534375E+01  7.118750E+01  7.767969E+01  8.441016E+01  9.023047E+01  9.438281E+01  9.695605E+01  9.837256E+01  9.908350E+01
  2.650391E+00  2.634277E+00  2.690430E+00  2.780273E+00  2.929199E+00  3.242676E+00  3.856934E+00  5.096191E+00  7.548340E+00  1.230737E+01
  2.108130E+01  3.527393E+01  5.354102E+01  7.072070E+01  8.316333E+01  9.084845E+01  9.508754E+01  9.720285E+01  2.690430E+00  2.675293E+00
  2.737305E+00  2.831055E+00  2.980469E+00  3.279297E+00  3.915527E+00  5.200195E+00  7.702148E+00  1.253320E+01  2.143970E+01  3.572754E+01
  5.395422E+01  7.099304E+01  8.331970E+01  9.093347E+01  9.513303E+01  9.722872E+01  2.784668E+00  2.765625E+00  2.868164E+00  2.969727E+00
  3.135742E+00  3.460938E+00  4.130859E+00  5.499023E+00  8.162598E+00  1.326929E+01  2.255200E+01  3.711719E+01  5.519263E+01  7.180371E+01
  8.378589E+01  9.118689E+01  9.526868E+01  9.730574E+01  3.025879E+00  3.008301E+00  3.117188E+00  3.197266E+00  3.386230E+00  3.780273E+00
  4.524414E+00  6.064453E+00  9.012695E+00  1.461768E+01  2.456201E+01  3.952734E+01  5.724707E+01  7.313281E+01  8.455011E+01  9.160208E+01
  9.549096E+01  9.743205E+01  3.409668E+00  3.391113E+00  3.521484E+00  3.618652E+00  3.853027E+00  4.294922E+00  5.198242E+00  6.990723E+00
  1.043896E+01  1.685303E+01  2.772705E+01  4.307007E+01  6.009302E+01  7.495020E+01  8.559387E+01  9.216901E+01  9.579480E+01  9.760465E+01
  4.046875E+00  4.020020E+00  4.174316E+00  4.325684E+00  4.606934E+00  5.189941E+00  6.304199E+00  8.570801E+00  1.283447E+01  2.044580E+01
  3.247119E+01  4.785303E+01  6.368481E+01  7.721472E+01  8.689441E+01  9.287598E+01  9.617355E+01  9.782013E+01  5.157227E+00  5.127930E+00
  5.333984E+00  5.544922E+00  5.959961E+00  6.766602E+00  8.339844E+00  1.144531E+01  1.705273E+01  2.633447E+01  3.932715E+01  5.389648E+01
  6.795801E+01  7.989380E+01  8.843469E+01  9.371301E+01  9.662253E+01  9.807552E+01  7.346680E+00  7.296875E+00  7.667969E+00  8.016602E+00
  8.676758E+00  1.000293E+01  1.254883E+01  1.724023E+01  2.500391E+01  3.599414E+01  4.863086E+01  6.104248E+01  7.287354E+01  8.297754E+01
  9.020605E+01  9.467627E+01  9.713916E+01  9.836967E+01  1.348047E+01  1.340039E+01  1.416211E+01  1.491992E+01  1.635938E+01  1.903516E+01
  2.377148E+01  3.124609E+01  4.087695E+01  5.069727E+01  5.994336E+01  6.926758E+01  7.855078E+01  8.654102E+01  9.225342E+01  9.578979E+01
  9.773749E+01  9.871027E+01  4.976562E+01  4.954688E+01  5.045312E+01  5.104688E+01  5.201562E+01  5.337500E+01  5.509375E+01  5.756250E+01
  6.090625E+01  6.525000E+01  7.103906E+01  7.752344E+01  8.421875E+01  9.012109E+01  9.430664E+01  9.691406E+01  9.834326E+01  9.905518E+01
  2.650391E+00  2.634277E+00  2.687988E+00  2.766602E+00  2.915039E+00  3.220703E+00  3.807617E+00  4.985840E+00  7.321777E+00  1.189551E+01
  2.021484E+01  3.385669E+01  5.178271E+01  6.924573E+01  8.219073E+01  9.026740E+01  9.475317E+01  9.699702E+01  2.690430E+00  2.672363E+00
  2.734375E+00  2.817871E+00  2.965332E+00  3.275391E+00  3.881836E+00  5.076172E+00  7.466797E+00  1.212598E+01  2.054858E+01  3.429468E+01
  5.220117E+01  6.953113E+01  8.235663E+01  9.035800E+01  9.480173E+01  9.702473E+01  2.784668E+00  2.768066E+00  2.862305E+00  2.955078E+00
  3.120117E+00  3.422852E+00  4.097168E+00  5.354004E+00  7.895996E+00  1.280664E+01  2.159937E+01  3.563867E+01  5.345972E+01  7.038062E+01
  8.284937E+01  9.062726E+01  9.494639E+01  9.710725E+01  3.025879E+00  3.008789E+00  3.113770E+00  3.184570E+00  3.382812E+00  3.742676E+00
  4.466309E+00  5.885742E+00  8.706543E+00  1.407520E+01  2.350146E+01  3.798633E+01  5.556055E+01  7.177551E+01  8.365741E+01  9.106845E+01
  9.518365E+01  9.724260E+01  3.409668E+00  3.390137E+00  3.514160E+00  3.604492E+00  3.839844E+00  4.251953E+00  5.101562E+00  6.769531E+00
  1.003564E+01  1.616504E+01  2.650391E+01  4.147534E+01  5.849023E+01  7.368103E+01  8.476080E+01  9.167126E+01  9.550768E+01  9.742758E+01
  4.046875E+00  4.019043E+00  4.161133E+00  4.304688E+00  4.587891E+00  5.106934E+00  6.176270E+00  8.266602E+00  1.228027E+01  1.953516E+01
  3.105078E+01  4.625952E+01  6.221069E+01  7.605676E+01  8.613580E+01  9.242221E+01  9.591162E+01  9.765833E+01  5.157227E+00  5.131836E+00
  5.318359E+00  5.511719E+00  5.890625E+00  6.645508E+00  8.122070E+00  1.095020E+01  1.619629E+01  2.509668E+01  3.775781E+01  5.240869E+01
  6.664722E+01  7.886304E+01  8.776111E+01  9.331079E+01  9.638971E+01  9.793166E+01  7.346680E+00  7.300781E+00  7.628906E+00  7.944336E+00
  8.567383E+00  9.760742E+00  1.210254E+01  1.637793E+01  2.369141E+01  3.446387E+01  4.714551E+01  5.978271E+01  7.174072E+01  8.208936E+01
  8.962805E+01  9.433069E+01  9.693900E+01  9.824591E+01  1.348047E+01  1.339453E+01  1.406836E+01  1.473047E+01  1.606445E+01  1.847656E+01
  2.282227E+01  2.980273E+01  3.926367E+01  4.944727E+01  5.885938E+01  6.824707E+01  7.761426E+01  8.581055E+01  9.178198E+01  9.550818E+01
  9.757324E+01  9.860919E+01  4.976562E+01  4.957812E+01  5.032812E+01  5.092188E+01  5.185938E+01  5.307812E+01  5.476562E+01  5.710938E+01
  6.031250E+01  6.473438E+01  7.038281E+01  7.679688E+01  8.351562E+01  8.960547E+01  9.396680E+01  9.671094E+01  9.822607E+01  9.897656E+01
  2.650391E+00  2.633789E+00  2.687988E+00  2.766113E+00  2.909180E+00  3.211426E+00  3.790039E+00  4.959961E+00  7.263184E+00  1.175513E+01
  1.993359E+01  3.333350E+01  5.116406E+01  6.871570E+01  8.182544E+01  9.004193E+01  9.461495E+01  9.688681E+01  2.690430E+00  2.671875E+00
  2.734375E+00  2.818848E+00  2.957031E+00  3.266113E+00  3.856934E+00  5.037109E+00  7.406250E+00  1.196704E+01  2.025977E+01  3.376514E+01
  5.158313E+01  6.900562E+01  8.199432E+01  9.013425E+01  9.466479E+01  9.691551E+01  2.784668E+00  2.765137E+00  2.863770E+00  2.957520E+00
  3.113281E+00  3.440918E+00  4.074707E+00  5.326172E+00  7.831055E+00  1.264478E+01  2.128101E+01  3.509302E+01  5.284888E+01  6.986902E+01
  8.249701E+01  9.040948E+01  9.481328E+01  9.700096E+01  3.025879E+00  3.007812E+00  3.112305E+00  3.196777E+00  3.372070E+00  3.724609E+00
  4.440918E+00  5.849609E+00  8.605957E+00  1.386865E+01  2.313892E+01  3.741431E+01  5.496118E+01  7.128662E+01  8.332123E+01  9.086066E+01
  9.505659E+01  9.714115E+01  3.409668E+00  3.388672E+00  3.512695E+00  3.602539E+00  3.829102E+00  4.244629E+00  5.079102E+00  6.729492E+00
  9.924316E+00  1.591016E+01  2.608887E+01  4.088281E+01  5.791821E+01  7.322485E+01  8.444666E+01  9.147650E+01  9.538902E+01  9.733279E+01
  4.046875E+00  4.019531E+00  4.159668E+00  4.297852E+00  4.571289E+00  5.095215E+00  6.152344E+00  8.184570E+00  1.210742E+01  1.920508E+01
  3.056494E+01  4.565723E+01  6.168188E+01  7.564075E+01  8.584857E+01  9.224396E+01  9.580357E+01  9.757181E+01  5.157227E+00  5.132812E+00
  5.310547E+00  5.505859E+00  5.864258E+00  6.609375E+00  8.043945E+00  1.081934E+01  1.593359E+01  2.465137E+01  3.720654E+01  5.183789E+01
  6.617554E+01  7.849268E+01  8.750525E+01  9.315131E+01  9.629382E+01  9.785481E+01  7.346680E+00  7.299805E+00  7.623047E+00  7.922852E+00
  8.516602E+00  9.680664E+00  1.195801E+01  1.612695E+01  2.326172E+01  3.389648E+01  4.660547E+01  5.929102E+01  7.133350E+01  8.176880E+01
  8.940637E+01  9.419250E+01  9.685690E+01  9.817995E+01  1.348047E+01  1.337305E+01  1.404688E+01  1.467383E+01  1.595508E+01  1.828320E+01
  2.251367E+01  2.934180E+01  3.874414E+01  4.896484E+01  5.846094E+01  6.785254E+01  7.727734E+01  8.554639E+01  9.159888E+01  9.539453E+01
  9.750647E+01  9.855585E+01  4.976562E+01  4.957812E+01  5.032812E+01  5.093750E+01  5.178125E+01  5.301562E+01  5.473438E+01  5.693750E+01
  6.017188E+01  6.445312E+01  7.013281E+01  7.653125E+01  8.327344E+01  8.940625E+01  9.385352E+01  9.663281E+01  9.817871E+01  9.893799E+01
  2.650391E+00  2.633301E+00  2.685059E+00  2.765137E+00  2.900879E+00  3.200195E+00  3.777832E+00  4.910156E+00  7.185059E+00  1.158252E+01
  1.957690E+01  3.278198E+01  5.046606E+01  6.812061E+01  8.142120E+01  8.980460E+01  9.446236E+01  9.678062E+01  2.690430E+00  2.672852E+00
  2.733887E+00  2.817383E+00  2.948730E+00  3.251953E+00  3.842285E+00  4.987793E+00  7.300293E+00  1.178931E+01  1.989795E+01  3.320874E+01
  5.088806E+01  6.841553E+01  8.159406E+01  8.989917E+01  9.451357E+01  9.681030E+01  2.784668E+00  2.763184E+00  2.859375E+00  2.950195E+00
  3.104980E+00  3.423340E+00  4.040527E+00  5.270508E+00  7.725586E+00  1.245166E+01  2.089697E+01  3.451880E+01  5.215747E+01  6.929456E+01
  8.210742E+01  9.018106E+01  9.466588E+01  9.689856E+01  3.025879E+00  3.009277E+00  3.105957E+00  3.193848E+00  3.378418E+00  3.707520E+00
  4.405273E+00  5.781738E+00  8.497559E+00  1.364941E+01  2.272534E+01  3.681543E+01  5.428467E+01  7.073767E+01  8.294983E+01  9.064310E+01
  9.491591E+01  9.704337E+01  3.409668E+00  3.389160E+00  3.505859E+00  3.612793E+00  3.816895E+00  4.222656E+00  5.035645E+00  6.623535E+00
  9.781250E+00  1.564258E+01  2.560596E+01  4.025684E+01  5.726953E+01  7.271118E+01  8.409949E+01  9.127374E+01  9.525728E+01  9.724137E+01
  4.046875E+00  4.019043E+00  4.153320E+00  4.292480E+00  4.555664E+00  5.077148E+00  6.088379E+00  8.068848E+00  1.191553E+01  1.885449E+01
  3.000244E+01  4.502441E+01  6.107910E+01  7.517078E+01  8.553040E+01  9.205902E+01  9.568291E+01  9.748829E+01  5.157227E+00  5.130859E+00
  5.302734E+00  5.490234E+00  5.859375E+00  6.552734E+00  7.948242E+00  1.063477E+01  1.563379E+01  2.418262E+01  3.657422E+01  5.124170E+01
  6.563721E+01  7.807446E+01  8.722278E+01  9.298816E+01  9.618613E+01  9.778058E+01  7.346680E+00  7.296875E+00  7.601562E+00  7.901367E+00
  8.487305E+00  9.602539E+00  1.179492E+01  1.581055E+01  2.279980E+01  3.330859E+01  4.598828E+01  5.878271E+01  7.086816E+01  8.140723E+01
  8.916260E+01  9.405151E+01  9.676343E+01  9.811618E+01  1.348047E+01  1.339844E+01  1.400195E+01  1.462500E+01  1.583398E+01  1.807617E+01
  2.216602E+01  2.882227E+01  3.815234E+01  4.846094E+01  5.799805E+01  6.744824E+01  7.689258E+01  8.524268E+01  9.139893E+01  9.527930E+01
  9.742969E+01  9.850427E+01  4.976562E+01  4.956250E+01  5.028125E+01  5.082812E+01  5.170312E+01  5.295312E+01  5.460938E+01  5.671875E+01
  6.000000E+01  6.425000E+01  6.985156E+01  7.624219E+01  8.301562E+01  8.919141E+01  9.370703E+01  9.654688E+01  9.812354E+01  9.890283E+01
  2.650391E+00  2.633789E+00  2.686035E+00  2.764160E+00  2.898926E+00  3.192383E+00  3.768066E+00  4.900391E+00  7.162598E+00  1.151392E+01
  1.947925E+01  3.256909E+01  5.020557E+01  6.788794E+01  8.127045E+01  8.969138E+01  9.439451E+01  9.670698E+01  2.690430E+00  2.672363E+00
  2.731445E+00  2.814941E+00  2.947754E+00  3.246582E+00  3.831055E+00  4.992676E+00  7.290527E+00  1.171558E+01  1.979785E+01  3.299268E+01
  5.062878E+01  6.818481E+01  8.144482E+01  8.978696E+01  9.444643E+01  9.673727E+01  2.784668E+00  2.763184E+00  2.860840E+00  2.946777E+00
  3.103027E+00  3.417969E+00  4.031738E+00  5.256836E+00  7.711914E+00  1.236084E+01  2.079028E+01  3.429834E+01  5.190051E+01  6.907019E+01
  8.196234E+01  9.007132E+01  9.460059E+01  9.682751E+01  3.025879E+00  3.007812E+00  3.108398E+00  3.192383E+00  3.376465E+00  3.702637E+00
  4.395508E+00  5.764648E+00  8.465332E+00  1.356055E+01  2.259155E+01  3.658325E+01  5.403198E+01  7.052295E+01  8.281171E+01  9.053790E+01
  9.485371E+01  9.697555E+01  3.409668E+00  3.386230E+00  3.507324E+00  3.608887E+00  3.815918E+00  4.217773E+00  5.034180E+00  6.620117E+00
  9.738281E+00  1.553320E+01  2.545996E+01  4.001294E+01  5.702832E+01  7.251123E+01  8.397101E+01  9.117459E+01  9.519940E+01  9.717786E+01
  4.046875E+00  4.019043E+00  4.156738E+00  4.287598E+00  4.551270E+00  5.062988E+00  6.067383E+00  8.037598E+00  1.185400E+01  1.871143E+01
  2.983252E+01  4.477637E+01  6.085571E+01  7.498901E+01  8.541357E+01  9.196765E+01  9.563034E+01  9.743022E+01  5.157227E+00  5.130859E+00
  5.308594E+00  5.486328E+00  5.844727E+00  6.539062E+00  7.911133E+00  1.059961E+01  1.555762E+01  2.399805E+01  3.638184E+01  5.100293E+01
  6.543945E+01  7.791309E+01  8.711987E+01  9.290576E+01  9.613977E+01  9.772896E+01  7.346680E+00  7.297852E+00  7.605469E+00  7.892578E+00
  8.473633E+00  9.578125E+00  1.173730E+01  1.572266E+01  2.267383E+01  3.306934E+01  4.580078E+01  5.857715E+01  7.070117E+01  8.126880E+01
  8.907507E+01  9.397949E+01  9.672388E+01  9.807202E+01  1.348047E+01  1.338281E+01  1.401367E+01  1.460742E+01  1.580664E+01  1.801953E+01
  2.206250E+01  2.866602E+01  3.798242E+01  4.824805E+01  5.786914E+01  6.728223E+01  7.675000E+01  8.513330E+01  9.132812E+01  9.521875E+01
  9.739856E+01  9.846851E+01  4.976562E+01  4.950000E+01  5.029688E+01  5.082812E+01  5.170312E+01  5.292188E+01  5.457812E+01  5.665625E+01
  5.996875E+01  6.409375E+01  6.976562E+01  7.614062E+01  8.291406E+01  8.910156E+01  9.365039E+01  9.651270E+01  9.809912E+01  9.887598E+01
  2.650391E+00  2.634277E+00  2.690430E+00  2.764160E+00  2.901367E+00  3.197266E+00  3.776367E+00  4.917480E+00  7.184570E+00  1.157349E+01
  1.957495E+01  3.275073E+01  5.046375E+01  6.808289E+01  8.139685E+01  8.977124E+01  9.441743E+01  9.669160E+01  2.690430E+00  2.673340E+00
  2.734375E+00  2.817383E+00  2.950684E+00  3.250488E+00  3.841309E+00  4.995117E+00  7.314453E+00  1.177856E+01  1.989746E+01  3.317603E+01
  5.088586E+01  6.837854E+01  8.157001E+01  8.986612E+01  9.446901E+01  9.672202E+01  2.784668E+00  2.768066E+00  2.863770E+00  2.950684E+00
  3.106934E+00  3.421875E+00  4.043457E+00  5.280273E+00  7.724121E+00  1.244043E+01  2.089551E+01  3.448706E+01  5.215625E+01  6.925806E+01
  8.208380E+01  9.014874E+01  9.462254E+01  9.681264E+01  3.025879E+00  3.007812E+00  3.114258E+00  3.194336E+00  3.379883E+00  3.706055E+00
  4.406250E+00  5.789551E+00  8.497070E+00  1.363916E+01  2.272339E+01  3.678198E+01  5.428345E+01  7.070166E+01  8.292719E+01  9.061185E+01
  9.487450E+01  9.696127E+01  3.409668E+00  3.387207E+00  3.513184E+00  3.614258E+00  3.816895E+00  4.222656E+00  5.031738E+00  6.632324E+00
  9.778320E+00  1.562939E+01  2.560352E+01  4.022095E+01  5.727002E+01  7.267664E+01  8.407806E+01  9.124405E+01  9.521864E+01  9.716445E+01
  4.046875E+00  4.019531E+00  4.159668E+00  4.295898E+00  4.557617E+00  5.074707E+00  6.084473E+00  8.076660E+00  1.190918E+01  1.884570E+01
  3.000000E+01  4.498779E+01  6.108105E+01  7.513831E+01  8.551062E+01  9.203143E+01  9.564771E+01  9.741793E+01  5.157227E+00  5.130859E+00
  5.316406E+00  5.494141E+00  5.861328E+00  6.552734E+00  7.941406E+00  1.064648E+01  1.562793E+01  2.416260E+01  3.657031E+01  5.120361E+01
  6.564087E+01  7.804395E+01  8.720520E+01  9.296338E+01  9.615503E+01  9.771805E+01  7.346680E+00  7.299805E+00  7.614258E+00  7.902344E+00
  8.487305E+00  9.595703E+00  1.179199E+01  1.582812E+01  2.278711E+01  3.328418E+01  4.598633E+01  5.874707E+01  7.087402E+01  8.137988E+01
  8.914783E+01  9.402991E+01  9.673718E+01  9.806281E+01  1.348047E+01  1.339453E+01  1.402539E+01  1.463477E+01  1.583398E+01  1.807422E+01
  2.216016E+01  2.883789E+01  3.813672E+01  4.843359E+01  5.800195E+01  6.741113E+01  7.689746E+01  8.522021E+01  9.138770E+01  9.526123E+01
  9.740967E+01  9.846155E+01  4.976562E+01  4.954688E+01  5.035938E+01  5.089062E+01  5.171875E+01  5.292188E+01  5.460938E+01  5.670312E+01
  6.000000E+01  6.423438E+01  6.985938E+01  7.622656E+01  8.300781E+01  8.917188E+01  9.369727E+01  9.653516E+01  9.810791E+01  9.887158E+01
  2.650391E+00  2.634277E+00  2.685059E+00  2.768066E+00  2.905273E+00  3.203125E+00  3.784668E+00  4.910645E+00  7.203613E+00  1.164844E+01
  1.967603E+01  3.295728E+01  5.072620E+01  6.827698E+01  8.153406E+01  8.983920E+01  9.443734E+01  9.667213E+01  2.690430E+00  2.675293E+00
  2.729004E+00  2.821289E+00  2.952148E+00  3.258789E+00  3.838379E+00  5.003906E+00  7.332031E+00  1.186694E+01  2.000000E+01  3.338452E+01
  5.114709E+01  6.857080E+01  8.170557E+01  8.993329E+01  9.448875E+01  9.670275E+01  2.784668E+00  2.765625E+00  2.858887E+00  2.955078E+00
  3.111816E+00  3.427734E+00  4.051758E+00  5.288086E+00  7.748535E+00  1.252344E+01  2.101904E+01  3.470166E+01  5.241626E+01  6.944531E+01
  8.221594E+01  9.021411E+01  9.464166E+01  9.679384E+01  3.025879E+00  3.007324E+00  3.107910E+00  3.198242E+00  3.385254E+00  3.713379E+00
  4.417969E+00  5.803711E+00  8.526367E+00  1.373096E+01  2.284692E+01  3.700757E+01  5.453906E+01  7.088025E+01  8.305322E+01  9.067401E+01
  9.489272E+01  9.694325E+01  3.409668E+00  3.390137E+00  3.505859E+00  3.618652E+00  3.823730E+00  4.232422E+00  5.050781E+00  6.651855E+00
  9.820312E+00  1.574316E+01  2.574805E+01  4.045703E+01  5.751733E+01  7.284387E+01  8.419617E+01  9.130173E+01  9.523550E+01  9.714751E+01
  4.046875E+00  4.019043E+00  4.153809E+00  4.298828E+00  4.562012E+00  5.071777E+00  6.106934E+00  8.106934E+00  1.195410E+01  1.898877E+01
  3.017139E+01  4.522900E+01  6.131323E+01  7.529065E+01  8.562000E+01  9.208386E+01  9.566299E+01  9.740243E+01  5.157227E+00  5.127930E+00
  5.302734E+00  5.500000E+00  5.871094E+00  6.574219E+00  7.977539E+00  1.067871E+01  1.573340E+01  2.435596E+01  3.676611E+01  5.143750E+01
  6.585156E+01  7.817896E+01  8.730164E+01  9.300940E+01  9.616861E+01  9.770425E+01  7.346680E+00  7.300781E+00  7.605469E+00  7.918945E+00
  8.513672E+00  9.630859E+00  1.183594E+01  1.588672E+01  2.293652E+01  3.352637E+01  4.618066E+01  5.895264E+01  7.106055E+01  8.149512E+01
  8.923145E+01  9.406934E+01  9.674902E+01  9.805118E+01  1.348047E+01  1.338086E+01  1.400586E+01  1.465820E+01  1.587695E+01  1.814062E+01
  2.226953E+01  2.898047E+01  3.832812E+01  4.865625E+01  5.813867E+01  6.758496E+01  7.705664E+01  8.531592E+01  9.145728E+01  9.529321E+01
  9.741919E+01  9.845282E+01  4.976562E+01  4.954688E+01  5.026562E+01  5.092188E+01  5.171875E+01  5.296875E+01  5.464062E+01  5.676562E+01
  6.006250E+01  6.437500E+01  6.994531E+01  7.632812E+01  8.310938E+01  8.924219E+01  9.374414E+01  9.655664E+01  9.811475E+01  9.886572E+01
  2.650391E+00  2.633789E+00  2.689453E+00  2.765625E+00  2.905762E+00  3.205566E+00  3.796387E+00  4.934570E+00  7.224121E+00  1.168115E+01
  1.981006E+01  3.311499E+01  5.090869E+01  6.847485E+01  8.166193E+01  8.990295E+01  9.445750E+01  9.664900E+01  2.690430E+00  2.672852E+00
  2.736816E+00  2.821777E+00  2.952637E+00  3.261230E+00  3.847168E+00  5.028809E+00  7.366211E+00  1.187695E+01  2.013599E+01  3.354297E+01
  5.132910E+01  6.876672E+01  8.183203E+01  8.999637E+01  9.450868E+01  9.667979E+01  2.784668E+00  2.766113E+00  2.864258E+00  2.955566E+00
  3.109863E+00  3.432617E+00  4.065918E+00  5.314453E+00  7.786621E+00  1.255078E+01  2.114941E+01  3.486475E+01  5.259607E+01  6.963586E+01
  8.233899E+01  9.027521E+01  9.466107E+01  9.677140E+01  3.025879E+00  3.008301E+00  3.112793E+00  3.196777E+00  3.367188E+00  3.720703E+00
  4.430176E+00  5.833496E+00  8.570801E+00  1.378125E+01  2.299292E+01  3.717725E+01  5.471436E+01  7.106299E+01  8.317041E+01  9.073209E+01
  9.491109E+01  9.692177E+01  3.409668E+00  3.389160E+00  3.511719E+00  3.615723E+00  3.824219E+00  4.238281E+00  5.064941E+00  6.689941E+00
  9.862793E+00  1.579541E+01  2.591846E+01  4.063647E+01  5.768311E+01  7.301440E+01  8.430524E+01  9.135574E+01  9.525266E+01  9.712737E+01
  4.046875E+00  4.019043E+00  4.162109E+00  4.297363E+00  4.564941E+00  5.081543E+00  6.131836E+00  8.136719E+00  1.202881E+01  1.906152E+01
  3.036816E+01  4.540967E+01  6.146289E+01  7.544653E+01  8.571948E+01  9.213275E+01  9.567860E+01  9.738393E+01  5.157227E+00  5.127930E+00
  5.312500E+00  5.500977E+00  5.858398E+00  6.588867E+00  8.015625E+00  1.074414E+01  1.583008E+01  2.446387E+01  3.699072E+01  5.160352E+01
  6.598071E+01  7.831812E+01  8.739038E+01  9.305243E+01  9.618259E+01  9.768785E+01  7.346680E+00  7.298828E+00  7.618164E+00  7.922852E+00
  8.501953E+00  9.648438E+00  1.190137E+01  1.600586E+01  2.309375E+01  3.366406E+01  4.640234E+01  5.909082E+01  7.116602E+01  8.161499E+01
  8.930750E+01  9.410620E+01  9.676129E+01  9.803720E+01  1.348047E+01  1.339648E+01  1.403711E+01  1.466016E+01  1.590820E+01  1.820508E+01
  2.240430E+01  2.916211E+01  3.853125E+01  4.875977E+01  5.831055E+01  6.769238E+01  7.713867E+01  8.541650E+01  9.151929E+01  9.532324E+01
  9.743005E+01  9.844189E+01  4.976562E+01  4.956250E+01  5.039062E+01  5.090625E+01  5.173438E+01  5.298438E+01  5.468750E+01  5.689062E+01
  6.010938E+01  6.440625E+01  7.003906E+01  7.639844E+01  8.318750E+01  8.932031E+01  9.379492E+01  9.658105E+01  9.812354E+01  9.885791E+01
  2.650391E+00  2.635254E+00  2.687988E+00  2.768066E+00  2.908203E+00  3.209473E+00  3.787109E+00  4.952637E+00  7.249023E+00  1.173071E+01
  1.993457E+01  3.330200E+01  5.115198E+01  6.867529E+01  8.178198E+01  8.996570E+01  9.447336E+01  9.662717E+01  2.690430E+00  2.674316E+00
  2.735840E+00  2.818359E+00  2.955566E+00  3.265137E+00  3.856445E+00  5.029785E+00  7.390625E+00  1.194214E+01  2.026147E+01  3.373340E+01
  5.157153E+01  6.896545E+01  8.195068E+01  9.005869E+01  9.452439E+01  9.665813E+01  2.784668E+00  2.767578E+00  2.863770E+00  2.955078E+00
  3.110840E+00  3.437988E+00  4.072754E+00  5.317871E+00  7.814453E+00  1.261816E+01  2.128320E+01  3.506079E+01  5.283667E+01  6.983020E+01
  8.245471E+01  9.033560E+01  9.467621E+01  9.675035E+01  3.025879E+00  3.009277E+00  3.112305E+00  3.199219E+00  3.373047E+00  3.723633E+00
  4.440430E+00  5.842285E+00  8.588867E+00  1.384131E+01  2.314111E+01  3.738330E+01  5.494995E+01  7.124792E+01  8.328027E+01  9.078955E+01
  9.492540E+01  9.690163E+01  3.409668E+00  3.392578E+00  3.514648E+00  3.603516E+00  3.828125E+00  4.247559E+00  5.079102E+00  6.716309E+00
  9.905762E+00  1.587988E+01  2.608887E+01  4.085181E+01  5.790820E+01  7.318750E+01  8.440784E+01  9.140930E+01  9.526575E+01  9.710857E+01
  4.046875E+00  4.021484E+00  4.164551E+00  4.297852E+00  4.571289E+00  5.090820E+00  6.148926E+00  8.173340E+00  1.208496E+01  1.917041E+01
  3.056641E+01  4.562915E+01  6.167163E+01  7.560498E+01  8.581226E+01  9.218195E+01  9.569044E+01  9.736681E+01  5.157227E+00  5.133789E+00
  5.310547E+00  5.503906E+00  5.864258E+00  6.603516E+00  8.043945E+00  1.080566E+01  1.590820E+01  2.461182E+01  3.721143E+01  5.181494E+01
  6.616748E+01  7.845947E+01  8.747241E+01  9.309558E+01  9.619287E+01  9.767282E+01  7.346680E+00  7.303711E+00  7.623047E+00  7.926758E+00
  8.512695E+00  9.678711E+00  1.195801E+01  1.611230E+01  2.322656E+01  3.385156E+01  4.661523E+01  5.927344E+01  7.132764E+01  8.173804E+01
  8.937830E+01  9.414319E+01  9.677008E+01  9.802475E+01  1.348047E+01  1.340039E+01  1.405469E+01  1.467578E+01  1.595312E+01  1.829297E+01
  2.250391E+01  2.931836E+01  3.869336E+01  4.892188E+01  5.847656E+01  6.784277E+01  7.727539E+01  8.552002E+01  9.157690E+01  9.535327E+01
  9.743701E+01  9.843219E+01  4.976562E+01  4.957812E+01  5.037500E+01  5.090625E+01  5.178125E+01  5.300000E+01  5.473438E+01  5.692188E+01
  6.012500E+01  6.445312E+01  7.013281E+01  7.653125E+01  8.327344E+01  8.938672E+01  9.383594E+01  9.660547E+01  9.812891E+01  9.885059E+01
  2.650391E+00  2.634277E+00  2.687988E+00  2.768066E+00  2.909180E+00  3.211914E+00  3.795410E+00  4.950195E+00  7.274414E+00  1.177832E+01
  2.000781E+01  3.348682E+01  5.135522E+01  6.884595E+01  8.191479E+01  9.002536E+01  9.448958E+01  9.660124E+01  2.690430E+00  2.673340E+00
  2.733398E+00  2.824707E+00  2.958984E+00  3.265625E+00  3.862305E+00  5.041992E+00  7.404297E+00  1.199097E+01  2.033716E+01  3.392090E+01
  5.177502E+01  6.913403E+01  8.208252E+01  9.011780E+01  9.454035E+01  9.663243E+01  2.784668E+00  2.767090E+00  2.864258E+00  2.959473E+00
  3.115234E+00  3.441406E+00  4.082031E+00  5.331543E+00  7.830078E+00  1.266138E+01  2.136426E+01  3.525562E+01  5.303857E+01  6.999390E+01
  8.258313E+01  9.039288E+01  9.469179E+01  9.672531E+01  3.025879E+00  3.007324E+00  3.113281E+00  3.198242E+00  3.375000E+00  3.729980E+00
  4.445312E+00  5.840332E+00  8.621582E+00  1.391260E+01  2.323340E+01  3.758594E+01  5.514771E+01  7.140393E+01  8.340332E+01  9.084409E+01
  9.494016E+01  9.687772E+01  3.409668E+00  3.389160E+00  3.512207E+00  3.604492E+00  3.830566E+00  4.250977E+00  5.088867E+00  6.742676E+00
  9.933105E+00  1.596826E+01  2.620410E+01  4.106299E+01  5.809766E+01  7.333215E+01  8.452405E+01  9.146002E+01  9.527943E+01  9.708614E+01
  4.046875E+00  4.020020E+00  4.160645E+00  4.303711E+00  4.572754E+00  5.097656E+00  6.169434E+00  8.201660E+00  1.212793E+01  1.927832E+01
  3.070264E+01  4.584277E+01  6.184644E+01  7.573572E+01  8.591956E+01  9.222800E+01  9.570285E+01  9.734634E+01  5.157227E+00  5.123047E+00
  5.312500E+00  5.509766E+00  5.875000E+00  6.622070E+00  8.075195E+00  1.084082E+01  1.600000E+01  2.476123E+01  3.736865E+01  5.201807E+01
  6.632324E+01  7.857373E+01  8.756934E+01  9.313654E+01  9.620389E+01  9.765471E+01  7.346680E+00  7.304688E+00  7.620117E+00  7.938477E+00
  8.533203E+00  9.707031E+00  1.198730E+01  1.618555E+01  2.335840E+01  3.404297E+01  4.676660E+01  5.944922E+01  7.146240E+01  8.183594E+01
  8.946326E+01  9.417957E+01  9.677960E+01  9.800961E+01  1.348047E+01  1.338086E+01  1.405859E+01  1.470508E+01  1.597852E+01  1.832617E+01
  2.259961E+01  2.946680E+01  3.886133E+01  4.908398E+01  5.858398E+01  6.798438E+01  7.738477E+01  8.559814E+01  9.164868E+01  9.538452E+01
  9.744519E+01  9.842053E+01  4.976562E+01  4.950000E+01  5.037500E+01  5.096875E+01  5.178125E+01  5.301562E+01  5.473438E+01  5.695312E+01
  6.018750E+01  6.453125E+01  7.021094E+01  7.661719E+01  8.334375E+01  8.944141E+01  9.388281E+01  9.662695E+01  9.813428E+01  9.884229E+01
  2.650391E+00  2.633301E+00  2.690918E+00  2.765625E+00  2.912598E+00  3.215820E+00  3.803223E+00  4.968262E+00  7.304199E+00  1.183716E+01
  2.011182E+01  3.364746E+01  5.153943E+01  6.902502E+01  8.202112E+01  9.008475E+01  9.450237E+01  9.657767E+01  2.690430E+00  2.674316E+00
  2.734375E+00  2.821289E+00  2.958984E+00  3.270020E+00  3.872070E+00  5.060547E+00  7.434570E+00  1.205249E+01  2.044458E+01  3.408325E+01
  5.195825E+01  6.931213E+01  8.218805E+01  9.017657E+01  9.455309E+01  9.660905E+01  2.784668E+00  2.765625E+00  2.863770E+00  2.955566E+00
  3.115723E+00  3.416016E+00  4.089355E+00  5.335449E+00  7.861328E+00  1.274121E+01  2.148120E+01  3.542261E+01  5.321997E+01  7.016736E+01
  8.268518E+01  9.045016E+01  9.470398E+01  9.670251E+01  3.025879E+00  3.008301E+00  3.114258E+00  3.198242E+00  3.375488E+00  3.736328E+00
  4.454590E+00  5.862793E+00  8.663086E+00  1.400488E+01  2.336792E+01  3.776123E+01  5.532422E+01  7.157068E+01  8.350024E+01  9.089853E+01
  9.495163E+01  9.685590E+01  3.409668E+00  3.389160E+00  3.514160E+00  3.603516E+00  3.835449E+00  4.242188E+00  5.104980E+00  6.756348E+00
  9.999512E+00  1.606348E+01  2.635547E+01  4.124170E+01  5.826489E+01  7.348840E+01  8.461389E+01  9.151105E+01  9.528995E+01  9.706564E+01
  4.046875E+00  4.020508E+00  4.164062E+00  4.302734E+00  4.578613E+00  5.095703E+00  6.152832E+00  8.229492E+00  1.220264E+01  1.940625E+01
  3.087451E+01  4.602319E+01  6.199927E+01  7.587964E+01  8.600098E+01  9.227448E+01  9.571216E+01  9.732753E+01  5.157227E+00  5.130859E+00
  5.318359E+00  5.504883E+00  5.879883E+00  6.627930E+00  8.102539E+00  1.090137E+01  1.610840E+01  2.492480E+01  3.756250E+01  5.218408E+01
  6.645605E+01  7.870337E+01  8.764099E+01  9.317798E+01  9.621198E+01  9.763803E+01  7.346680E+00  7.296875E+00  7.628906E+00  7.932617E+00
  8.551758E+00  9.732422E+00  1.204590E+01  1.627441E+01  2.352344E+01  3.425586E+01  4.695605E+01  5.958398E+01  7.157324E+01  8.194946E+01
  8.952417E+01  9.421539E+01  9.678662E+01  9.799551E+01  1.348047E+01  1.339258E+01  1.408203E+01  1.471094E+01  1.600977E+01  1.841016E+01
  2.271680E+01  2.963867E+01  3.907422E+01  4.926758E+01  5.871680E+01  6.808398E+01  7.747363E+01  8.569482E+01  9.169873E+01  9.541431E+01
  9.745093E+01  9.840955E+01  4.976562E+01  4.954688E+01  5.034375E+01  5.093750E+01  5.181250E+01  5.304688E+01  5.475000E+01  5.701562E+01
  6.025000E+01  6.462500E+01  7.028125E+01  7.667969E+01  8.340625E+01  8.951172E+01  9.391992E+01  9.664746E+01  9.813867E+01  9.883398E+01
  2.650391E+00  2.632324E+00  2.685547E+00  2.769531E+00  2.915527E+00  3.219727E+00  3.806152E+00  4.986328E+00  7.319824E+00  1.187939E+01
  2.020410E+01  3.384106E+01  5.174316E+01  6.922107E+01  8.212665E+01  9.013763E+01  9.451476E+01  9.654723E+01  2.690430E+00  2.671875E+00
  2.733887E+00  2.822754E+00  2.965332E+00  3.273926E+00  3.876953E+00  5.078613E+00  7.465820E+00  1.211133E+01  2.053784E+01  3.427954E+01
  5.216150E+01  6.950647E+01  8.229266E+01  9.022891E+01  9.456535E+01  9.657887E+01  2.784668E+00  2.764648E+00  2.859863E+00  2.959961E+00
  3.122559E+00  3.423340E+00  4.093750E+00  5.354980E+00  7.894531E+00  1.279199E+01  2.158936E+01  3.562256E+01  5.342114E+01  7.035706E+01
  8.278711E+01  9.050098E+01  9.471596E+01  9.667311E+01  3.025879E+00  3.005859E+00  3.112305E+00  3.200684E+00  3.383789E+00  3.740723E+00
  4.462891E+00  5.887207E+00  8.704102E+00  1.405713E+01  2.348950E+01  3.796899E+01  5.552124E+01  7.175293E+01  8.359723E+01  9.094662E+01
  9.496312E+01  9.682777E+01  3.409668E+00  3.389160E+00  3.514160E+00  3.607422E+00  3.842773E+00  4.250977E+00  5.098633E+00  6.769531E+00
  1.003369E+01  1.614600E+01  2.649121E+01  4.145825E+01  5.845142E+01  7.366089E+01  8.470349E+01  9.155588E+01  9.530075E+01  9.703928E+01
  4.046875E+00  4.015625E+00  4.163574E+00  4.307617E+00  4.588867E+00  5.103027E+00  6.170410E+00  8.269043E+00  1.227588E+01  1.951465E+01
  3.103906E+01  4.624268E+01  6.217334E+01  7.603870E+01  8.608276E+01  9.231509E+01  9.572218E+01  9.730350E+01  5.157227E+00  5.125977E+00
  5.312500E+00  5.515625E+00  5.890625E+00  6.639648E+00  8.113281E+00  1.095215E+01  1.619434E+01  2.507275E+01  3.774854E+01  5.239307E+01
  6.661206E+01  7.884790E+01  8.771313E+01  9.321417E+01  9.622122E+01  9.761678E+01  7.346680E+00  7.291992E+00  7.627930E+00  7.950195E+00
  8.571289E+00  9.756836E+00  1.209473E+01  1.637988E+01  2.368945E+01  3.443945E+01  4.713770E+01  5.976807E+01  7.170996E+01  8.207739E+01
  8.958618E+01  9.424670E+01  9.679504E+01  9.797763E+01  1.348047E+01  1.337500E+01  1.406445E+01  1.474219E+01  1.607227E+01  1.848828E+01
  2.281250E+01  2.980664E+01  3.926758E+01  4.942578E+01  5.885547E+01  6.823535E+01  7.758789E+01  8.580127E+01  9.174756E+01  9.544067E+01
  9.745886E+01  9.839575E+01  4.976562E+01  4.951562E+01  5.029688E+01  5.098438E+01  5.187500E+01  5.307812E+01  5.476562E+01  5.712500E+01
  6.032812E+01  6.471875E+01  7.038281E+01  7.679688E+01  8.349219E+01  8.959766E+01  9.394922E+01  9.666699E+01  9.814307E+01  9.882373E+01
  2.650391E+00  2.634277E+00  2.691406E+00  2.769043E+00  2.912109E+00  3.218262E+00  3.805664E+00  4.978516E+00  7.310547E+00  1.186694E+01
  2.015381E+01  3.375000E+01  5.166382E+01  6.911035E+01  8.207214E+01  9.009622E+01  9.447151E+01  9.649300E+01  2.690430E+00  2.674805E+00
  2.736328E+00  2.821777E+00  2.958984E+00  3.271484E+00  3.873047E+00  5.070801E+00  7.456543E+00  1.208496E+01  2.048682E+01  3.418701E+01
  5.208252E+01  6.939673E+01  8.223871E+01  9.018784E+01  9.452246E+01  9.652515E+01  2.784668E+00  2.765137E+00  2.863770E+00  2.958008E+00
  3.115723E+00  3.418457E+00  4.094727E+00  5.347168E+00  7.885254E+00  1.277563E+01  2.152710E+01  3.552905E+01  5.334326E+01  7.024963E+01
  8.273444E+01  9.046100E+01  9.467409E+01  9.662079E+01  3.025879E+00  3.010254E+00  3.115234E+00  3.199707E+00  3.378418E+00  3.739258E+00
  4.458496E+00  5.877441E+00  8.688965E+00  1.402441E+01  2.341602E+01  3.787183E+01  5.544556E+01  7.164880E+01  8.354730E+01  9.090866E+01
  9.492299E+01  9.677779E+01  3.409668E+00  3.388672E+00  3.516602E+00  3.605957E+00  3.838379E+00  4.246094E+00  5.111328E+00  6.760254E+00
  1.001611E+01  1.610303E+01  2.641455E+01  4.135767E+01  5.838062E+01  7.356104E+01  8.465747E+01  9.152029E+01  9.526306E+01  9.699252E+01
  4.046875E+00  4.018066E+00  4.166992E+00  4.302734E+00  4.580078E+00  5.101562E+00  6.161133E+00  8.251465E+00  1.224707E+01  1.946436E+01
  3.094385E+01  4.614014E+01  6.210815E+01  7.594568E+01  8.604077E+01  9.228271E+01  9.568752E+01  9.726070E+01  5.157227E+00  5.130859E+00
  5.321289E+00  5.511719E+00  5.888672E+00  6.634766E+00  8.119141E+00  1.092480E+01  1.615625E+01  2.500928E+01  3.764307E+01  5.229639E+01
  6.655493E+01  7.876196E+01  8.767615E+01  9.318524E+01  9.619009E+01  9.757881E+01  7.346680E+00  7.298828E+00  7.630859E+00  7.948242E+00
  8.549805E+00  9.746094E+00  1.207520E+01  1.633594E+01  2.362695E+01  3.435254E+01  4.703125E+01  5.968457E+01  7.166211E+01  8.199976E+01
  8.955493E+01  9.422186E+01  9.676819E+01  9.794513E+01  1.348047E+01  1.339258E+01  1.407812E+01  1.473438E+01  1.603516E+01  1.843555E+01
  2.276953E+01  2.972461E+01  3.920117E+01  4.935156E+01  5.876758E+01  6.816797E+01  7.754785E+01  8.573535E+01  9.172339E+01  9.542029E+01
  9.743689E+01  9.836975E+01  4.976562E+01  4.954688E+01  5.035938E+01  5.096875E+01  5.181250E+01  5.309375E+01  5.478125E+01  5.707812E+01
  6.029688E+01  6.465625E+01  7.029688E+01  7.675781E+01  8.345312E+01  8.954297E+01  9.393359E+01  9.665137E+01  9.812793E+01  9.880811E+01
  2.650391E+00  2.633789E+00  2.685547E+00  2.769043E+00  2.909668E+00  3.213379E+00  3.797852E+00  4.955566E+00  7.287109E+00  1.180371E+01
  2.002417E+01  3.352979E+01  5.139478E+01  6.889441E+01  8.192023E+01  8.999307E+01  9.440160E+01  9.642546E+01  2.690430E+00  2.675293E+00
  2.732910E+00  2.821777E+00  2.957031E+00  3.270020E+00  3.865723E+00  5.047363E+00  7.401855E+00  1.201758E+01  2.035449E+01  3.396558E+01
  5.181396E+01  6.918213E+01  8.208795E+01  9.008557E+01  9.445318E+01  9.645819E+01  2.784668E+00  2.766602E+00  2.862305E+00  2.956543E+00
  3.116211E+00  3.444824E+00  4.086914E+00  5.337891E+00  7.843262E+00  1.268921E+01  2.138501E+01  3.530078E+01  5.307666E+01  7.004089E+01
  8.258765E+01  9.036127E+01  9.460660E+01  9.655559E+01  3.025879E+00  3.008301E+00  3.110840E+00  3.197754E+00  3.375000E+00  3.731445E+00
  4.455566E+00  5.845703E+00  8.637695E+00  1.394629E+01  2.325586E+01  3.763354E+01  5.518457E+01  7.144958E+01  8.340704E+01  9.081332E+01
  9.485857E+01  9.671548E+01  3.409668E+00  3.392090E+00  3.510254E+00  3.602051E+00  3.830566E+00  4.250488E+00  5.096680E+00  6.750977E+00
  9.953613E+00  1.600146E+01  2.622900E+01  4.111182E+01  5.813159E+01  7.337573E+01  8.452643E+01  9.143073E+01  9.520285E+01  9.693420E+01
  4.046875E+00  4.023926E+00  4.158691E+00  4.303711E+00  4.575195E+00  5.104004E+00  6.143555E+00  8.196777E+00  1.213916E+01  1.932812E+01
  3.073389E+01  4.589282E+01  6.187671E+01  7.577637E+01  8.592065E+01  9.220047E+01  9.563242E+01  9.720735E+01  5.157227E+00  5.130859E+00
  5.317383E+00  5.506836E+00  5.874023E+00  6.613281E+00  8.084961E+00  1.086035E+01  1.604199E+01  2.482422E+01  3.740479E+01  5.206299E+01
  6.634790E+01  7.861108E+01  8.756921E+01  9.311145E+01  9.614111E+01  9.753131E+01  7.346680E+00  7.305664E+00  7.616211E+00  7.934570E+00
  8.536133E+00  9.713867E+00  1.201660E+01  1.620020E+01  2.341797E+01  3.412402E+01  4.680273E+01  5.948389E+01  7.148096E+01  8.187012E+01
  8.946216E+01  9.415753E+01  9.672595E+01  9.790427E+01  1.348047E+01  1.339648E+01  1.405469E+01  1.469727E+01  1.600195E+01  1.834180E+01
  2.262695E+01  2.952734E+01  3.893945E+01  4.915234E+01  5.860156E+01  6.800684E+01  7.739941E+01  8.562744E+01  9.164697E+01  9.536450E+01
  9.740271E+01  9.833685E+01  4.976562E+01  4.957812E+01  5.028125E+01  5.092188E+01  5.179688E+01  5.303125E+01  5.475000E+01  5.696875E+01
  6.018750E+01  6.454688E+01  7.023438E+01  7.660156E+01  8.335938E+01  8.945312E+01  9.388086E+01  9.661621E+01  9.810352E+01  9.878369E+01
  2.650391E+00  2.637207E+00  2.687012E+00  2.768066E+00  2.909668E+00  3.211426E+00  3.786133E+00  4.960449E+00  7.254883E+00  1.174634E+01
  1.990405E+01  3.331470E+01  5.114795E+01  6.865417E+01  8.175983E+01  8.989597E+01  9.432968E+01  9.635704E+01  2.690430E+00  2.677246E+00
  2.731445E+00  2.819824E+00  2.959473E+00  3.264160E+00  3.854492E+00  5.038574E+00  7.397949E+00  1.195703E+01  2.023022E+01  3.374634E+01
  5.156787E+01  6.894409E+01  8.192889E+01  8.998944E+01  9.438184E+01  9.639038E+01  2.784668E+00  2.769043E+00  2.862793E+00  2.956055E+00
  3.112305E+00  3.441895E+00  4.072266E+00  5.327148E+00  7.822266E+00  1.263550E+01  2.125195E+01  3.507446E+01  5.283301E+01  6.980859E+01
  8.243304E+01  9.026797E+01  9.453723E+01  9.648956E+01  3.025879E+00  3.010742E+00  3.112305E+00  3.197266E+00  3.373535E+00  3.727051E+00
  4.437500E+00  5.850098E+00  8.596680E+00  1.385986E+01  2.310864E+01  3.739819E+01  5.494653E+01  7.122632E+01  8.325958E+01  9.072430E+01
  9.479219E+01  9.665245E+01  3.409668E+00  3.395020E+00  3.510742E+00  3.599121E+00  3.833008E+00  4.249023E+00  5.075195E+00  6.728516E+00
  9.915039E+00  1.590088E+01  2.605811E+01  4.086646E+01  5.790479E+01  7.316565E+01  8.438818E+01  9.134766E+01  9.514069E+01  9.687517E+01
  4.046875E+00  4.024414E+00  4.156738E+00  4.298828E+00  4.575684E+00  5.094238E+00  6.147461E+00  8.186523E+00  1.209863E+01  1.919678E+01
  3.053564E+01  4.564355E+01  6.166846E+01  7.558301E+01  8.579443E+01  9.212439E+01  9.557549E+01  9.715348E+01  5.157227E+00  5.136719E+00
  5.308594E+00  5.500977E+00  5.868164E+00  6.613281E+00  8.044922E+00  1.082227E+01  1.592480E+01  2.464795E+01  3.718115E+01  5.182666E+01
  6.616406E+01  7.843726E+01  8.745691E+01  9.304431E+01  9.609052E+01  9.748343E+01  7.346680E+00  7.305664E+00  7.615234E+00  7.924805E+00
  8.518555E+00  9.683594E+00  1.195703E+01  1.613770E+01  2.325586E+01  3.389746E+01  4.658594E+01  5.928174E+01  7.132520E+01  8.171826E+01
  8.936523E+01  9.409912E+01  9.668195E+01  9.786325E+01  1.348047E+01  1.340039E+01  1.404102E+01  1.467773E+01  1.595508E+01  1.830273E+01
  2.250586E+01  2.936133E+01  3.873828E+01  4.897070E+01  5.844336E+01  6.784766E+01  7.727148E+01  8.550195E+01  9.156787E+01  9.531836E+01
  9.736682E+01  9.830365E+01  4.976562E+01  4.964062E+01  5.029688E+01  5.089062E+01  5.179688E+01  5.301562E+01  5.471875E+01  5.695312E+01
  6.017188E+01  6.446875E+01  7.010156E+01  7.653125E+01  8.327344E+01  8.937500E+01  9.383203E+01  9.657910E+01  9.807764E+01  9.875879E+01
  2.650391E+00  2.633301E+00  2.686035E+00  2.765625E+00  2.902832E+00  3.201660E+00  3.792969E+00  4.932129E+00  7.214844E+00  1.168140E+01
  1.978149E+01  3.306763E+01  5.086365E+01  6.843372E+01  8.158435E+01  8.979050E+01  9.425517E+01  9.629155E+01  2.690430E+00  2.673828E+00
  2.732910E+00  2.819336E+00  2.952148E+00  3.256348E+00  3.842773E+00  5.026855E+00  7.356445E+00  1.188940E+01  2.010669E+01  3.349902E+01
  5.128479E+01  6.872620E+01  8.175500E+01  8.988486E+01  9.430811E+01  9.632546E+01  2.784668E+00  2.769531E+00  2.860840E+00  2.953125E+00
  3.110840E+00  3.428711E+00  4.060547E+00  5.311523E+00  7.777344E+00  1.254932E+01  2.112134E+01  3.482007E+01  5.255286E+01  6.959692E+01
  8.226331E+01  9.016611E+01  9.446553E+01  9.642639E+01  3.025879E+00  3.009277E+00  3.108887E+00  3.196289E+00  3.370117E+00  3.713379E+00
  4.423828E+00  5.830566E+00  8.560547E+00  1.377930E+01  2.296094E+01  3.713208E+01  5.467236E+01  7.102539E+01  8.309729E+01  9.062717E+01
  9.472356E+01  9.659206E+01  3.409668E+00  3.388672E+00  3.509277E+00  3.613281E+00  3.823242E+00  4.233887E+00  5.062500E+00  6.683105E+00
  9.849121E+00  1.579346E+01  2.588721E+01  4.059131E+01  5.764355E+01  7.297998E+01  8.423578E+01  9.125665E+01  9.507646E+01  9.681872E+01
  4.046875E+00  4.020996E+00  4.154785E+00  4.297363E+00  4.563965E+00  5.073730E+00  6.122559E+00  8.145996E+00  1.201465E+01  1.905615E+01
  3.033545E+01  4.536768E+01  6.142627E+01  7.541614E+01  8.565405E+01  9.204120E+01  9.551665E+01  9.710183E+01  5.157227E+00  5.130859E+00
  5.308594E+00  5.497070E+00  5.858398E+00  6.581055E+00  8.006836E+00  1.073730E+01  1.582129E+01  2.445703E+01  3.695410E+01  5.156738E+01
  6.594946E+01  7.829297E+01  8.733069E+01  9.297015E+01  9.603806E+01  9.743753E+01  7.346680E+00  7.306641E+00  7.609375E+00  7.917969E+00
  8.500977E+00  9.632812E+00  1.187695E+01  1.599512E+01  2.307520E+01  3.365723E+01  4.636719E+01  5.906250E+01  7.114160E+01  8.159473E+01
  8.925525E+01  9.403503E+01  9.663678E+01  9.782394E+01  1.348047E+01  1.340039E+01  1.401953E+01  1.465234E+01  1.590625E+01  1.819531E+01
  2.238086E+01  2.914453E+01  3.850000E+01  4.875781E+01  5.829102E+01  6.767090E+01  7.712207E+01  8.540137E+01  9.147559E+01  9.526636E+01
  9.732996E+01  9.827179E+01  4.976562E+01  4.956250E+01  5.028125E+01  5.092188E+01  5.171875E+01  5.296875E+01  5.464062E+01  5.687500E+01
  6.012500E+01  6.439062E+01  7.003125E+01  7.639844E+01  8.317188E+01  8.930859E+01  9.375977E+01  9.653906E+01  9.804980E+01  9.873682E+01
  4.911126E+00  4.691284E+00  5.045497E+00  5.351604E+00  5.701237E+00  6.378492E+00  8.077356E+00  1.111529E+01  1.595395E+01  2.380650E+01
  3.539415E+01  4.993877E+01  6.550080E+01  7.860105E+01  8.785976E+01  9.348422E+01  9.660827E+01  9.824431E+01  4.911126E+00  4.564806E+00
  5.020822E+00  5.195513E+00  5.606472E+00  6.354218E+00  8.016775E+00  1.081044E+01  1.561980E+01  2.332723E+01  3.474974E+01  4.917727E+01
  6.474657E+01  7.804636E+01  8.749027E+01  9.326754E+01  9.647282E+01  9.814301E+01  4.911126E+00  4.669037E+00  5.003592E+00  5.202878E+00
  5.659518E+00  6.362935E+00  7.962029E+00  1.070724E+01  1.544710E+01  2.309661E+01  3.447142E+01  4.883784E+01  6.441154E+01  7.782048E+01
  8.731577E+01  9.316894E+01  9.640986E+01  9.808295E+01  4.911126E+00  4.641312E+00  5.005617E+00  5.288946E+00  5.596852E+00  6.317140E+00
  7.934187E+00  1.065057E+01  1.532868E+01  2.293783E+01  3.430844E+01  4.860885E+01  6.419907E+01  7.765815E+01  8.722071E+01  9.309602E+01
  9.635661E+01  9.802298E+01  4.911126E+00  4.663854E+00  4.934786E+00  5.256423E+00  5.614235E+00  6.352354E+00  7.871120E+00  1.066086E+01
  1.529202E+01  2.280996E+01  3.411481E+01  4.848899E+01  6.404257E+01  7.751191E+01  8.711731E+01  9.303686E+01  9.631003E+01  9.797413E+01
  4.911126E+00  4.683973E+00  5.011501E+00  5.150056E+00  5.592426E+00  6.333061E+00  7.823112E+00  1.061471E+01  1.515778E+01  2.267636E+01
  3.394481E+01  4.819606E+01  6.378073E+01  7.731219E+01  8.700470E+01  9.295773E+01  9.625003E+01  9.791858E+01  4.911126E+00  4.566266E+00
  4.929592E+00  5.087269E+00  5.587022E+00  6.329376E+00  7.767367E+00  1.051050E+01  1.510275E+01  2.243870E+01  3.364041E+01  4.791132E+01
  6.351559E+01  7.710837E+01  8.685490E+01  9.286642E+01  9.618716E+01  9.785593E+01  4.911126E+00  4.660923E+00  4.961827E+00  5.121809E+00
  5.581671E+00  6.338468E+00  7.776351E+00  1.051049E+01  1.502227E+01  2.226996E+01  3.341154E+01  4.762072E+01  6.319809E+01  7.686685E+01
  8.668589E+01  9.276962E+01  9.611970E+01  9.778942E+01  4.911126E+00  4.656881E+00  4.905362E+00  5.089130E+00  5.515139E+00  6.133310E+00
  7.617811E+00  1.002190E+01  1.435826E+01  2.144989E+01  3.215334E+01  4.617113E+01  6.170457E+01  7.568870E+01  8.592141E+01  9.231343E+01
  9.585905E+01  9.762476E+01  4.911126E+00  4.685941E+00  4.874496E+00  5.134627E+00  5.476844E+00  6.160159E+00  7.595932E+00  9.973487E+00
  1.414026E+01  2.114223E+01  3.170496E+01  4.561285E+01  6.120107E+01  7.526781E+01  8.563738E+01  9.213556E+01  9.575055E+01  9.753790E+01
  4.911126E+00  4.663653E+00  4.878205E+00  5.083063E+00  5.451346E+00  6.131382E+00  7.461245E+00  9.658401E+00  1.394519E+01  2.081959E+01
  3.119164E+01  4.498163E+01  6.060415E+01  7.478812E+01  8.531985E+01  9.195046E+01  9.562403E+01  9.745299E+01  4.911126E+00  4.589862E+00
  4.888978E+00  5.109049E+00  5.467004E+00  6.124662E+00  7.446712E+00  9.658487E+00  1.390425E+01  2.063295E+01  3.107599E+01  4.479467E+01
  6.036866E+01  7.460360E+01  8.520242E+01  9.186054E+01  9.557047E+01  9.739420E+01  4.911126E+00  4.646114E+00  5.015538E+00  5.152684E+00
  5.465366E+00  6.061596E+00  7.487603E+00  9.713459E+00  1.395084E+01  2.078402E+01  3.118279E+01  4.495344E+01  6.060559E+01  7.475394E+01
  8.530399E+01  9.192275E+01  9.558751E+01  9.738272E+01  4.911126E+00  4.674220E+00  4.869330E+00  5.186991E+00  5.511723E+00  6.114243E+00
  7.502521E+00  9.711456E+00  1.399370E+01  2.097647E+01  3.132825E+01  4.518664E+01  6.083366E+01  7.491791E+01  8.540690E+01  9.197520E+01
  9.560334E+01  9.736745E+01  4.911126E+00  4.596411E+00  5.009527E+00  5.111671E+00  5.472897E+00  6.122790E+00  7.562094E+00  9.864387E+00
  1.406411E+01  2.102804E+01  3.148511E+01  4.535537E+01  6.098270E+01  7.507893E+01  8.550616E+01  9.202611E+01  9.561988E+01  9.734811E+01
  4.911126E+00  4.694365E+00  4.906604E+00  5.137866E+00  5.443046E+00  6.121171E+00  7.597178E+00  9.891755E+00  1.406629E+01  2.111664E+01
  3.169867E+01  4.560148E+01  6.119682E+01  7.523038E+01  8.560290E+01  9.207526E+01  9.563216E+01  9.733081E+01  4.911126E+00  4.657704E+00
  4.935141E+00  5.138683E+00  5.453169E+00  6.129489E+00  7.580762E+00  9.931802E+00  1.412943E+01  2.120680E+01  3.186500E+01  4.576855E+01
  6.135643E+01  7.536443E+01  8.570747E+01  9.212189E+01  9.564447E+01  9.731052E+01  4.911126E+00  4.627065E+00  4.942467E+00  5.061939E+00
  5.470894E+00  6.136572E+00  7.602123E+00  9.967292E+00  1.427005E+01  2.133699E+01  3.199573E+01  4.593285E+01  6.150699E+01  7.550400E+01
  8.579486E+01  9.216682E+01  9.565550E+01  9.729189E+01  4.911126E+00  4.611157E+00  4.853374E+00  5.145324E+00  5.585264E+00  6.129526E+00
  7.613069E+00  1.005105E+01  1.435409E+01  2.144028E+01  3.214795E+01  4.616111E+01  6.167568E+01  7.566705E+01  8.587383E+01  9.220903E+01
  9.566611E+01  9.726762E+01  4.911126E+00  4.655671E+00  4.994679E+00  5.139032E+00  5.439306E+00  6.143845E+00  7.632361E+00  1.001490E+01
  1.435528E+01  2.139125E+01  3.203360E+01  4.606319E+01  6.160703E+01  7.556882E+01  8.583091E+01  9.217732E+01  9.563026E+01  9.722503E+01
  4.911126E+00  4.675500E+00  4.895233E+00  5.077678E+00  5.470585E+00  6.128325E+00  7.623510E+00  9.943971E+00  1.414849E+01  2.123790E+01
  3.189923E+01  4.579319E+01  6.139106E+01  7.539582E+01  8.571139E+01  9.209692E+01  9.557442E+01  9.717015E+01  4.911126E+00  4.761242E+00
  4.876363E+00  5.078388E+00  5.510710E+00  6.138843E+00  7.563611E+00  9.977353E+00  1.412942E+01  2.113852E+01  3.163760E+01  4.560647E+01
  6.118112E+01  7.521429E+01  8.558821E+01  9.202229E+01  9.551585E+01  9.711589E+01  4.911126E+00  4.661511E+00  4.863172E+00  5.157785E+00
  5.441457E+00  6.099122E+00  7.500620E+00  9.868016E+00  1.405389E+01  2.101117E+01  3.146653E+01  4.533716E+01  6.095272E+01  7.504537E+01
  8.544705E+01  9.193889E+01  9.545685E+01  9.706417E+01
