  6.357271E-01
          18 10.0000000
 -2.000000E+01 -1.000000E+01 -2.107210E+00 -1.806180E+00 -1.505150E+00 -1.204120E+00 -9.030900E-01 -6.020600E-01 -3.010300E-01  0.000000E+00
  3.010300E-01  6.020600E-01  9.030900E-01  1.204120E+00  1.505150E+00  1.806180E+00  2.107210E+00  2.408240E+00
          10 10.0000000
  0.000000E+00  1.000000E+01  2.000000E+01  3.000000E+01  4.000000E+01  5.000000E+01  6.000000E+01  7.000000E+01  8.000000E+01  8.900000E+01
          23  4.0000000
  4.000000E+00  8.000000E+00  1.200000E+01  1.600000E+01  2.000000E+01  2.400000E+01  2.800000E+01  3.200000E+01  3.600000E+01  4.000000E+01
  4.400000E+01  4.800000E+01  5.200000E+01  5.600000E+01  6.000000E+01  6.400000E+01  6.800000E+01  7.200000E+01  7.600000E+01  8.000000E+01
  8.400000E+01  8.800000E+01  9.200000E+01
  2.622559E+00  2.612305E+00  2.675781E+00  2.775391E+00  2.937988E+00  3.271973E+00  3.909668E+00  5.251465E+00  7.880859E+00  1.302515E+01
  2.251929E+01  3.769800E+01  5.633179E+01  7.293048E+01  8.464450E+01  9.175934E+01  9.571078E+01  9.778038E+01  2.663086E+00  2.654297E+00
  2.723633E+00  2.817383E+00  2.986328E+00  3.328125E+00  3.988770E+00  5.345703E+00  8.050293E+00  1.328052E+01  2.291064E+01  3.817603E+01
  5.672998E+01  7.318292E+01  8.478687E+01  9.183606E+01  9.575072E+01  9.780106E+01  2.782227E+00  2.774414E+00  2.854492E+00  2.950684E+00
  3.130859E+00  3.513184E+00  4.207520E+00  5.673340E+00  8.555664E+00  1.409180E+01  2.412476E+01  3.961865E+01  5.791687E+01  7.393164E+01
  8.521289E+01  9.206462E+01  9.586973E+01  9.786260E+01  2.995117E+00  2.981934E+00  3.104004E+00  3.194824E+00  3.406738E+00  3.832031E+00
  4.626465E+00  6.268555E+00  9.497070E+00  1.559570E+01  2.631372E+01  4.209082E+01  5.988196E+01  7.516382E+01  8.591199E+01  9.243918E+01
  9.606480E+01  9.796350E+01  3.385254E+00  3.374023E+00  3.503906E+00  3.619629E+00  3.872070E+00  4.370605E+00  5.336426E+00  7.291504E+00
  1.107324E+01  1.807422E+01  2.972461E+01  4.566602E+01  6.258350E+01  7.684631E+01  8.686499E+01  9.295059E+01  9.633121E+01  9.810128E+01
  4.013672E+00  4.000488E+00  4.163574E+00  4.311523E+00  4.645996E+00  5.288574E+00  6.529297E+00  9.028809E+00  1.375293E+01  2.204736E+01
  3.472510E+01  5.038599E+01  6.597363E+01  7.894568E+01  8.805475E+01  9.358890E+01  9.666367E+01  9.827325E+01  5.101562E+00  5.082031E+00
  5.321289E+00  5.548828E+00  6.025391E+00  6.959961E+00  8.724609E+00  1.221289E+01  1.844385E+01  2.842676E+01  4.171387E+01  5.620850E+01
  6.999683E+01  8.143237E+01  8.946619E+01  9.434607E+01  9.705766E+01  9.847717E+01  7.252930E+00  7.233398E+00  7.670898E+00  8.062500E+00
  8.875000E+00  1.044141E+01  1.331543E+01  1.861816E+01  2.707520E+01  3.843750E+01  5.078418E+01  6.302393E+01  7.464014E+01  8.430444E+01
  9.109375E+01  9.521942E+01  9.751257E+01  9.871262E+01  1.333984E+01  1.329688E+01  1.419922E+01  1.508398E+01  1.685352E+01  2.003516E+01
  2.534766E+01  3.346680E+01  4.320508E+01  5.260742E+01  6.152930E+01  7.088965E+01  8.001562E+01  8.762744E+01  9.297754E+01  9.622998E+01
  9.803864E+01  9.898499E+01  4.951562E+01  4.943750E+01  5.056250E+01  5.125000E+01  5.234375E+01  5.384375E+01  5.554688E+01  5.812500E+01
  6.168750E+01  6.623438E+01  7.209375E+01  7.872656E+01  8.532422E+01  9.090234E+01  9.483789E+01  9.722363E+01  9.855908E+01  9.925366E+01
  2.622559E+00  2.614746E+00  2.675293E+00  2.768555E+00  2.931152E+00  3.250488E+00  3.893066E+00  5.181641E+00  7.764893E+00  1.278369E+01
  2.209033E+01  3.685229E+01  5.538049E+01  7.221667E+01  8.416791E+01  9.148169E+01  9.553986E+01  9.764843E+01  2.663086E+00  2.656738E+00
  2.723145E+00  2.813965E+00  2.975098E+00  3.304688E+00  3.968750E+00  5.286621E+00  7.927246E+00  1.302930E+01  2.247095E+01  3.732056E+01
  5.578381E+01  7.247601E+01  8.431506E+01  9.156131E+01  9.558138E+01  9.767029E+01  2.782227E+00  2.775391E+00  2.855469E+00  2.957520E+00
  3.135742E+00  3.488770E+00  4.164062E+00  5.588379E+00  8.419434E+00  1.381030E+01  2.365430E+01  3.874780E+01  5.699072E+01  7.324438E+01
  8.475403E+01  9.179706E+01  9.570493E+01  9.773539E+01  2.995117E+00  2.983887E+00  3.106445E+00  3.185547E+00  3.394043E+00  3.802734E+00
  4.585449E+00  6.184570E+00  9.324707E+00  1.526660E+01  2.577954E+01  4.120435E+01  5.898718E+01  7.450745E+01  8.547345E+01  9.218466E+01
  9.590765E+01  9.784206E+01  3.385254E+00  3.375488E+00  3.504883E+00  3.606934E+00  3.856934E+00  4.344238E+00  5.266113E+00  7.170410E+00
  1.085742E+01  1.765576E+01  2.911230E+01  4.477466E+01  6.173657E+01  7.623352E+01  8.645599E+01  9.271323E+01  9.618441E+01  9.798787E+01
  4.013672E+00  4.002930E+00  4.159180E+00  4.294922E+00  4.624512E+00  5.231934E+00  6.446289E+00  8.845703E+00  1.344482E+01  2.151514E+01
  3.403418E+01  4.951978E+01  6.519336E+01  7.838489E+01  8.768115E+01  9.337268E+01  9.652962E+01  9.816969E+01  5.101562E+00  5.089844E+00
  5.313477E+00  5.518555E+00  6.002930E+00  6.869141E+00  8.588867E+00  1.192676E+01  1.797119E+01  2.773291E+01  4.099170E+01  5.541943E+01
  6.929858E+01  8.093420E+01  8.913257E+01  9.415430E+01  9.693893E+01  9.838531E+01  7.252930E+00  7.241211E+00  7.650391E+00  8.013672E+00
  8.776367E+00  1.026660E+01  1.304297E+01  1.811328E+01  2.638867E+01  3.765039E+01  5.014941E+01  6.234277E+01  7.403516E+01  8.387476E+01
  9.080701E+01  9.505493E+01  9.741077E+01  9.863393E+01  1.333984E+01  1.330469E+01  1.416406E+01  1.501562E+01  1.662500E+01  1.966992E+01
  2.477930E+01  3.266797E+01  4.245508E+01  5.202539E+01  6.106250E+01  7.032031E+01  7.950781E+01  8.727295E+01  9.274316E+01  9.609705E+01
  9.795648E+01  9.892172E+01  4.951562E+01  4.943750E+01  5.053125E+01  5.120312E+01  5.226562E+01  5.371875E+01  5.539062E+01  5.790625E+01
  6.139062E+01  6.592188E+01  7.182031E+01  7.835156E+01  8.498438E+01  9.063672E+01  9.466797E+01  9.713184E+01  9.849707E+01  9.920874E+01
  2.622559E+00  2.617188E+00  2.674805E+00  2.764648E+00  2.925781E+00  3.239258E+00  3.881348E+00  5.178223E+00  7.710449E+00  1.269604E+01
  2.183887E+01  3.653711E+01  5.500977E+01  7.192725E+01  8.396967E+01  9.135635E+01  9.545476E+01  9.757104E+01  2.663086E+00  2.658203E+00
  2.724121E+00  2.808594E+00  2.972168E+00  3.291504E+00  3.956543E+00  5.269531E+00  7.841309E+00  1.294604E+01  2.221338E+01  3.700024E+01
  5.541504E+01  7.218915E+01  8.411896E+01  9.143689E+01  9.549716E+01  9.759364E+01  2.782227E+00  2.778320E+00  2.856445E+00  2.954102E+00
  3.131836E+00  3.474121E+00  4.166016E+00  5.581543E+00  8.330078E+00  1.372583E+01  2.337915E+01  3.842114E+01  5.662817E+01  7.296655E+01
  8.456323E+01  9.167618E+01  9.562305E+01  9.766077E+01  2.995117E+00  2.986816E+00  3.102051E+00  3.179688E+00  3.386719E+00  3.783203E+00
  4.586426E+00  6.175293E+00  9.246582E+00  1.515137E+01  2.548340E+01  4.086865E+01  5.863855E+01  7.424304E+01  8.529187E+01  9.206888E+01
  9.582947E+01  9.777097E+01  3.385254E+00  3.380371E+00  3.503418E+00  3.606445E+00  3.849609E+00  4.322754E+00  5.259277E+00  7.148438E+00
  1.073877E+01  1.751660E+01  2.877783E+01  4.443530E+01  6.140796E+01  7.598669E+01  8.628650E+01  9.260532E+01  9.611153E+01  9.792136E+01
  4.013672E+00  4.005859E+00  4.157715E+00  4.289551E+00  4.617188E+00  5.238770E+00  6.429688E+00  8.814941E+00  1.328076E+01  2.130957E+01
  3.366943E+01  4.918970E+01  6.489111E+01  7.816248E+01  8.752716E+01  9.327414E+01  9.646317E+01  9.810909E+01  5.101562E+00  5.090820E+00
  5.310547E+00  5.527344E+00  5.979492E+00  6.858398E+00  8.524414E+00  1.184277E+01  1.773926E+01  2.746484E+01  4.060889E+01  5.511963E+01
  6.903003E+01  8.073779E+01  8.899683E+01  9.406671E+01  9.687999E+01  9.833163E+01  7.252930E+00  7.247070E+00  7.638672E+00  8.004883E+00
  8.745117E+00  1.020215E+01  1.292676E+01  1.795215E+01  2.604980E+01  3.733887E+01  4.981152E+01  6.208447E+01  7.380225E+01  8.370898E+01
  9.069092E+01  9.498041E+01  9.736044E+01  9.858829E+01  1.333984E+01  1.330859E+01  1.415234E+01  1.494531E+01  1.655273E+01  1.950977E+01
  2.457031E+01  3.241992E+01  4.207812E+01  5.179492E+01  6.080664E+01  7.011035E+01  7.931738E+01  8.714355E+01  9.264893E+01  9.603613E+01
  9.791620E+01  9.888528E+01  4.951562E+01  4.946875E+01  5.053125E+01  5.117188E+01  5.225000E+01  5.368750E+01  5.534375E+01  5.787500E+01
  6.125000E+01  6.581250E+01  7.165625E+01  7.819531E+01  8.483594E+01  9.054688E+01  9.460352E+01  9.708594E+01  9.847070E+01  9.918311E+01
  2.622559E+00  2.614746E+00  2.673340E+00  2.762695E+00  2.924316E+00  3.233398E+00  3.868164E+00  5.145508E+00  7.662598E+00  1.260645E+01
  2.169360E+01  3.634644E+01  5.474963E+01  7.172449E+01  8.383282E+01  9.127031E+01  9.538553E+01  9.749557E+01  2.663086E+00  2.655762E+00
  2.723145E+00  2.808594E+00  2.972168E+00  3.287109E+00  3.942871E+00  5.249023E+00  7.822754E+00  1.284790E+01  2.206470E+01  3.681030E+01
  5.515637E+01  7.198608E+01  8.398346E+01  9.135161E+01  9.542853E+01  9.751883E+01  2.782227E+00  2.774902E+00  2.855957E+00  2.949219E+00
  3.129883E+00  3.469238E+00  4.148926E+00  5.559570E+00  8.305664E+00  1.362305E+01  2.322144E+01  3.822681E+01  5.637488E+01  7.277075E+01
  8.443152E+01  9.159348E+01  9.555632E+01  9.758803E+01  2.995117E+00  2.982422E+00  3.101562E+00  3.178711E+00  3.384277E+00  3.775879E+00
  4.566895E+00  6.129883E+00  9.185547E+00  1.503906E+01  2.530957E+01  4.066431E+01  5.839380E+01  7.405737E+01  8.516632E+01  9.198987E+01
  9.576559E+01  9.770147E+01  3.385254E+00  3.373535E+00  3.503418E+00  3.602539E+00  3.846680E+00  4.314453E+00  5.236816E+00  7.092285E+00
  1.067383E+01  1.737549E+01  2.858154E+01  4.422900E+01  6.117676E+01  7.581396E+01  8.616968E+01  9.253174E+01  9.605167E+01  9.785645E+01
  4.013672E+00  4.005371E+00  4.155273E+00  4.303711E+00  4.610352E+00  5.225586E+00  6.394043E+00  8.743164E+00  1.318701E+01  2.113525E+01
  3.344922E+01  4.898975E+01  6.468311E+01  7.800549E+01  8.742090E+01  9.320709E+01  9.640839E+01  9.804990E+01  5.101562E+00  5.085938E+00
  5.302734E+00  5.519531E+00  5.974609E+00  6.831055E+00  8.488281E+00  1.173145E+01  1.760107E+01  2.724121E+01  4.038135E+01  5.494141E+01
  6.884692E+01  8.059790E+01  8.890283E+01  9.400757E+01  9.683118E+01  9.827914E+01  7.252930E+00  7.247070E+00  7.636719E+00  7.992188E+00
  8.726562E+00  1.015625E+01  1.285547E+01  1.779297E+01  2.584082E+01  3.707812E+01  4.961133E+01  6.193848E+01  7.364600E+01  8.358984E+01
  9.061047E+01  9.492999E+01  9.731848E+01  9.854350E+01  1.333984E+01  1.329883E+01  1.413281E+01  1.491992E+01  1.653125E+01  1.939258E+01
  2.440039E+01  3.216016E+01  4.184961E+01  5.157617E+01  6.066406E+01  7.000098E+01  7.919336E+01  8.704492E+01  9.258423E+01  9.599658E+01
  9.788208E+01  9.884952E+01  4.951562E+01  4.943750E+01  5.051562E+01  5.115625E+01  5.220312E+01  5.359375E+01  5.529688E+01  5.778125E+01
  6.115625E+01  6.565625E+01  7.156250E+01  7.812500E+01  8.475391E+01  9.048047E+01  9.455078E+01  9.705664E+01  9.844727E+01  9.915723E+01
  2.622559E+00  2.614258E+00  2.672363E+00  2.766113E+00  2.920410E+00  3.247559E+00  3.856445E+00  5.152344E+00  7.635254E+00  1.254761E+01
  2.156128E+01  3.613770E+01  5.452100E+01  7.152728E+01  8.370093E+01  9.119312E+01  9.532554E+01  9.742978E+01  2.663086E+00  2.655762E+00
  2.719727E+00  2.809082E+00  2.968262E+00  3.285645E+00  3.930176E+00  5.244629E+00  7.793945E+00  1.278760E+01  2.193066E+01  3.659766E+01
  5.492920E+01  7.179102E+01  8.385266E+01  9.127518E+01  9.536903E+01  9.745365E+01  2.782227E+00  2.774902E+00  2.849609E+00  2.956543E+00
  3.126953E+00  3.466309E+00  4.151367E+00  5.551270E+00  8.273926E+00  1.354883E+01  2.307666E+01  3.800903E+01  5.615125E+01  7.257996E+01
  8.430389E+01  9.151917E+01  9.549827E+01  9.752456E+01  2.995117E+00  2.984863E+00  3.098145E+00  3.182129E+00  3.380859E+00  3.791992E+00
  4.555664E+00  6.118652E+00  9.147949E+00  1.495703E+01  2.514673E+01  4.044556E+01  5.817651E+01  7.387402E+01  8.504413E+01  9.191919E+01
  9.571027E+01  9.764094E+01  3.385254E+00  3.371582E+00  3.497070E+00  3.604004E+00  3.842773E+00  4.310547E+00  5.236328E+00  7.076172E+00
  1.063721E+01  1.726904E+01  2.839893E+01  4.400513E+01  6.097144E+01  7.564172E+01  8.605493E+01  9.246548E+01  9.599988E+01  9.779984E+01
  4.013672E+00  4.001465E+00  4.151855E+00  4.306152E+00  4.606934E+00  5.219238E+00  6.368652E+00  8.716797E+00  1.312842E+01  2.100342E+01
  3.324170E+01  4.877002E+01  6.449268E+01  7.784521E+01  8.731500E+01  9.314691E+01  9.636111E+01  9.799821E+01  5.101562E+00  5.086914E+00
  5.294922E+00  5.527344E+00  5.961914E+00  6.817383E+00  8.447266E+00  1.169531E+01  1.750391E+01  2.707178E+01  4.015771E+01  5.473926E+01
  6.867700E+01  8.045483E+01  8.880823E+01  9.395416E+01  9.678918E+01  9.823331E+01  7.252930E+00  7.243164E+00  7.626953E+00  7.996094E+00
  8.702148E+00  1.012988E+01  1.278125E+01  1.771777E+01  2.568457E+01  3.687891E+01  4.939844E+01  6.176318E+01  7.349658E+01  8.346289E+01
  9.052820E+01  9.488409E+01  9.728256E+01  9.850444E+01  1.333984E+01  1.329883E+01  1.412695E+01  1.492188E+01  1.648633E+01  1.932617E+01
  2.427734E+01  3.201562E+01  4.167578E+01  5.142578E+01  6.049219E+01  6.985449E+01  7.907031E+01  8.693799E+01  9.251636E+01  9.595935E+01
  9.785327E+01  9.881842E+01  4.951562E+01  4.946875E+01  5.040625E+01  5.115625E+01  5.217188E+01  5.360938E+01  5.523438E+01  5.778125E+01
  6.109375E+01  6.557812E+01  7.142969E+01  7.800781E+01  8.466016E+01  9.041406E+01  9.449805E+01  9.703223E+01  9.842627E+01  9.913379E+01
  2.622559E+00  2.623047E+00  2.672852E+00  2.764648E+00  2.919922E+00  3.236328E+00  3.859375E+00  5.118164E+00  7.611328E+00  1.246997E+01
  2.144873E+01  3.587720E+01  5.424756E+01  7.129871E+01  8.355634E+01  9.108862E+01  9.525345E+01  9.735658E+01  2.663086E+00  2.664551E+00
  2.719727E+00  2.808105E+00  2.968750E+00  3.273926E+00  3.918945E+00  5.223145E+00  7.740723E+00  1.270117E+01  2.181372E+01  3.633569E+01
  5.465869E+01  7.156641E+01  8.370929E+01  9.117117E+01  9.529754E+01  9.738108E+01  2.782227E+00  2.783691E+00  2.852539E+00  2.950195E+00
  3.125488E+00  3.454590E+00  4.132324E+00  5.513184E+00  8.229980E+00  1.345923E+01  2.295361E+01  3.774048E+01  5.588440E+01  7.236084E+01
  8.416479E+01  9.141797E+01  9.542873E+01  9.745399E+01  2.995117E+00  2.992188E+00  3.098145E+00  3.178223E+00  3.376465E+00  3.791504E+00
  4.536621E+00  6.088379E+00  9.107422E+00  1.484473E+01  2.500684E+01  4.016895E+01  5.791833E+01  7.366492E+01  8.491150E+01  9.182236E+01
  9.564384E+01  9.757352E+01  3.385254E+00  3.385254E+00  3.500000E+00  3.616211E+00  3.835449E+00  4.291504E+00  5.211914E+00  7.049316E+00
  1.056445E+01  1.713477E+01  2.823730E+01  4.372510E+01  6.072778E+01  7.544604E+01  8.593097E+01  9.237442E+01  9.593765E+01  9.773688E+01
  4.013672E+00  4.017578E+00  4.152344E+00  4.301270E+00  4.600098E+00  5.194336E+00  6.334961E+00  8.661621E+00  1.302783E+01  2.082178E+01
  3.305371E+01  4.849341E+01  6.426782E+01  7.766724E+01  8.720239E+01  9.306323E+01  9.630420E+01  9.794075E+01  5.101562E+00  5.104492E+00
  5.299805E+00  5.511719E+00  5.950195E+00  6.786133E+00  8.399414E+00  1.160254E+01  1.735498E+01  2.683740E+01  3.995557E+01  5.448535E+01
  6.847803E+01  8.029541E+01  8.870862E+01  9.387891E+01  9.673849E+01  9.818242E+01  7.252930E+00  7.265625E+00  7.625977E+00  7.972656E+00
  8.681641E+00  1.006934E+01  1.269336E+01  1.753418E+01  2.546875E+01  3.659668E+01  4.921973E+01  6.154053E+01  7.332178E+01  8.332446E+01
  9.044287E+01  9.481830E+01  9.723898E+01  9.846109E+01  1.333984E+01  1.333008E+01  1.410547E+01  1.488867E+01  1.643555E+01  1.922070E+01
  2.408789E+01  3.175195E+01  4.141406E+01  5.119531E+01  6.037891E+01  6.966895E+01  7.892188E+01  8.682471E+01  9.244775E+01  9.590503E+01
  9.781787E+01  9.878369E+01  4.951562E+01  4.953125E+01  5.046875E+01  5.112500E+01  5.210938E+01  5.351562E+01  5.512500E+01  5.764062E+01
  6.104688E+01  6.550000E+01  7.141406E+01  7.783594E+01  8.455469E+01  9.033984E+01  9.444922E+01  9.699219E+01  9.839893E+01  9.910962E+01
  2.622559E+00  2.616211E+00  2.667480E+00  2.758789E+00  2.915039E+00  3.234375E+00  3.847656E+00  5.108398E+00  7.574707E+00  1.236060E+01
  2.125757E+01  3.556372E+01  5.392700E+01  7.102515E+01  8.337213E+01  9.097395E+01  9.517179E+01  9.727684E+01  2.663086E+00  2.656250E+00
  2.717285E+00  2.809082E+00  2.963867E+00  3.285645E+00  3.923340E+00  5.200684E+00  7.729980E+00  1.260815E+01  2.161719E+01  3.602051E+01
  5.433813E+01  7.129504E+01  8.352698E+01  9.105762E+01  9.521656E+01  9.730209E+01  2.782227E+00  2.775391E+00  2.848145E+00  2.949219E+00
  3.124023E+00  3.448242E+00  4.117676E+00  5.500977E+00  8.196289E+00  1.334546E+01  2.273999E+01  3.741699E+01  5.557178E+01  7.209729E+01
  8.398743E+01  9.130774E+01  9.534995E+01  9.737707E+01  2.995117E+00  2.984863E+00  3.094727E+00  3.174805E+00  3.388672E+00  3.785645E+00
  4.519043E+00  6.068848E+00  9.052734E+00  1.471143E+01  2.477075E+01  3.983521E+01  5.761523E+01  7.341357E+01  8.474298E+01  9.171710E+01
  9.556864E+01  9.750014E+01  3.385254E+00  3.376953E+00  3.491699E+00  3.612305E+00  3.849121E+00  4.297363E+00  5.192871E+00  7.007324E+00
  1.049268E+01  1.696875E+01  2.797119E+01  4.338354E+01  6.044165E+01  7.521155E+01  8.577405E+01  9.227664E+01  9.586739E+01  9.766827E+01
  4.013672E+00  4.002930E+00  4.144043E+00  4.296387E+00  4.590332E+00  5.178711E+00  6.314453E+00  8.614258E+00  1.293652E+01  2.061230E+01
  3.274854E+01  4.815991E+01  6.400854E+01  7.745325E+01  8.705981E+01  9.297430E+01  9.624023E+01  9.787812E+01  5.101562E+00  5.090820E+00
  5.287109E+00  5.504883E+00  5.932617E+00  6.758789E+00  8.366211E+00  1.150098E+01  1.720557E+01  2.656055E+01  3.962549E+01  5.417383E+01
  6.824731E+01  8.010596E+01  8.858179E+01  9.380048E+01  9.668201E+01  9.812687E+01  7.252930E+00  7.242188E+00  7.603516E+00  7.960938E+00
  8.650391E+00  1.001270E+01  1.260156E+01  1.737988E+01  2.524219E+01  3.626074E+01  4.890039E+01  6.127344E+01  7.312646E+01  8.316138E+01
  9.033386E+01  9.475183E+01  9.719046E+01  9.841359E+01  1.333984E+01  1.330664E+01  1.407227E+01  1.485156E+01  1.635547E+01  1.910156E+01
  2.391406E+01  3.147656E+01  4.115820E+01  5.091016E+01  6.012891E+01  6.944531E+01  7.876270E+01  8.669141E+01  9.235889E+01  9.585144E+01
  9.777881E+01  9.874554E+01  4.951562E+01  4.950000E+01  5.035938E+01  5.106250E+01  5.214062E+01  5.350000E+01  5.507812E+01  5.760938E+01
  6.101562E+01  6.531250E+01  7.119531E+01  7.764062E+01  8.443750E+01  9.023438E+01  9.439062E+01  9.695898E+01  9.837207E+01  9.908130E+01
  2.622559E+00  2.612305E+00  2.669434E+00  2.756836E+00  2.905762E+00  3.228516E+00  3.832031E+00  5.081543E+00  7.540039E+00  1.230273E+01
  2.106494E+01  3.527319E+01  5.355359E+01  7.071960E+01  8.317700E+01  9.084698E+01  9.508736E+01  9.720155E+01  2.663086E+00  2.656250E+00
  2.719238E+00  2.805176E+00  2.954590E+00  3.279297E+00  3.905273E+00  5.185059E+00  7.664551E+00  1.252783E+01  2.142456E+01  3.572705E+01
  5.396655E+01  7.099207E+01  8.333380E+01  9.093204E+01  9.513287E+01  9.722743E+01  2.782227E+00  2.773926E+00  2.847168E+00  2.942383E+00
  3.115723E+00  3.439941E+00  4.102539E+00  5.466309E+00  8.123535E+00  1.326245E+01  2.253491E+01  3.711572E+01  5.520581E+01  7.180237E+01
  8.379968E+01  9.118542E+01  9.526851E+01  9.730447E+01  2.995117E+00  2.984863E+00  3.094238E+00  3.171875E+00  3.379395E+00  3.775879E+00
  4.490723E+00  6.029785E+00  9.000000E+00  1.461572E+01  2.454443E+01  3.952612E+01  5.726013E+01  7.313123E+01  8.456396E+01  9.160052E+01
  9.549084E+01  9.743080E+01  3.385254E+00  3.375977E+00  3.491699E+00  3.609375E+00  3.838379E+00  4.286621E+00  5.162598E+00  6.955078E+00
  1.041992E+01  1.684229E+01  2.770850E+01  4.306812E+01  6.010571E+01  7.494788E+01  8.560718E+01  9.216736E+01  9.579463E+01  9.760349E+01
  4.013672E+00  4.001465E+00  4.145020E+00  4.290527E+00  4.572754E+00  5.162598E+00  6.292480E+00  8.542480E+00  1.281445E+01  2.044434E+01
  3.245166E+01  4.785107E+01  6.369922E+01  7.721228E+01  8.690771E+01  9.287424E+01  9.617361E+01  9.781898E+01  5.101562E+00  5.085938E+00
  5.284180E+00  5.492188E+00  5.914062E+00  6.724609E+00  8.315430E+00  1.141699E+01  1.702148E+01  2.632861E+01  3.930615E+01  5.389404E+01
  6.797266E+01  7.989038E+01  8.844690E+01  9.371118E+01  9.662262E+01  9.807443E+01  7.252930E+00  7.237305E+00  7.598633E+00  7.940430E+00
  8.626953E+00  9.970703E+00  1.251465E+01  1.719141E+01  2.496680E+01  3.598535E+01  4.861133E+01  6.104199E+01  7.289014E+01  8.297485E+01
  9.021777E+01  9.467480E+01  9.713950E+01  9.836874E+01  1.333984E+01  1.329688E+01  1.406250E+01  1.479297E+01  1.627344E+01  1.897070E+01
  2.369531E+01  3.118945E+01  4.084180E+01  5.070508E+01  5.992383E+01  6.926758E+01  7.856543E+01  8.653662E+01  9.226416E+01  9.578809E+01
  9.773724E+01  9.870956E+01  4.951562E+01  4.950000E+01  5.039062E+01  5.101562E+01  5.200000E+01  5.342188E+01  5.503125E+01  5.753125E+01
  6.089062E+01  6.525000E+01  7.103906E+01  7.755469E+01  8.428125E+01  9.012891E+01  9.432617E+01  9.691504E+01  9.834375E+01  9.905566E+01
  2.622559E+00  2.612793E+00  2.667969E+00  2.747070E+00  2.896484E+00  3.205566E+00  3.783203E+00  4.979980E+00  7.331055E+00  1.189282E+01
  2.022021E+01  3.383716E+01  5.178967E+01  6.923279E+01  8.219971E+01  9.026196E+01  9.475130E+01  9.699033E+01  2.663086E+00  2.654785E+00
  2.718262E+00  2.795410E+00  2.945312E+00  3.255859E+00  3.855469E+00  5.058594E+00  7.461914E+00  1.212329E+01  2.055273E+01  3.427515E+01
  5.220801E+01  6.951807E+01  8.236530E+01  9.035254E+01  9.479987E+01  9.701811E+01  2.782227E+00  2.774902E+00  2.849609E+00  2.931641E+00
  3.093262E+00  3.434082E+00  4.066406E+00  5.348145E+00  7.889160E+00  1.280420E+01  2.159717E+01  3.561719E+01  5.346741E+01  7.036780E+01
  8.285815E+01  9.062183E+01  9.494460E+01  9.710083E+01  2.995117E+00  2.982422E+00  3.094727E+00  3.175293E+00  3.376953E+00  3.723633E+00
  4.436035E+00  5.883301E+00  8.699219E+00  1.406934E+01  2.350342E+01  3.796484E+01  5.556787E+01  7.176221E+01  8.366644E+01  9.106314E+01
  9.518196E+01  9.723643E+01  3.385254E+00  3.372559E+00  3.492676E+00  3.591309E+00  3.808105E+00  4.243164E+00  5.083496E+00  6.772461E+00
  1.003809E+01  1.615527E+01  2.650635E+01  4.145410E+01  5.849756E+01  7.366748E+01  8.476959E+01  9.166571E+01  9.550606E+01  9.742178E+01
  4.013672E+00  4.001465E+00  4.140625E+00  4.284180E+00  4.553711E+00  5.108887E+00  6.165039E+00  8.251953E+00  1.227148E+01  1.952051E+01
  3.105469E+01  4.623682E+01  6.221802E+01  7.604285E+01  8.614465E+01  9.241702E+01  9.591023E+01  9.765306E+01  5.101562E+00  5.082031E+00
  5.291016E+00  5.459961E+00  5.846680E+00  6.620117E+00  8.084961E+00  1.093555E+01  1.618652E+01  2.509082E+01  3.776172E+01  5.238672E+01
  6.665308E+01  7.884888E+01  8.776978E+01  9.330548E+01  9.638843E+01  9.792686E+01  7.252930E+00  7.232422E+00  7.575195E+00  7.866211E+00
  8.508789E+00  9.698242E+00  1.204492E+01  1.635742E+01  2.367676E+01  3.445215E+01  4.715039E+01  5.975732E+01  7.174902E+01  8.207593E+01
  8.963611E+01  9.432550E+01  9.693802E+01  9.824184E+01  1.333984E+01  1.329102E+01  1.400195E+01  1.464648E+01  1.598047E+01  1.842188E+01
  2.274805E+01  2.975195E+01  3.927344E+01  4.943359E+01  5.886328E+01  6.822266E+01  7.761914E+01  8.579688E+01  9.179004E+01  9.550354E+01
  9.757324E+01  9.860583E+01  4.951562E+01  4.945312E+01  5.037500E+01  5.085938E+01  5.185938E+01  5.314062E+01  5.476562E+01  5.714062E+01
  6.037500E+01  6.475000E+01  7.035938E+01  7.680469E+01  8.352344E+01  8.959375E+01  9.397852E+01  9.670996E+01  9.822803E+01  9.897510E+01
  2.622559E+00  2.614258E+00  2.664062E+00  2.745117E+00  2.890137E+00  3.201172E+00  3.781738E+00  4.941406E+00  7.247070E+00  1.173315E+01
  1.994653E+01  3.331714E+01  5.117078E+01  6.872034E+01  8.183191E+01  9.003372E+01  9.461338E+01  9.688374E+01  2.663086E+00  2.658691E+00
  2.711426E+00  2.795410E+00  2.940918E+00  3.254883E+00  3.848145E+00  5.034180E+00  7.373047E+00  1.195630E+01  2.027832E+01  3.374976E+01
  5.159082E+01  6.901013E+01  8.200061E+01  9.012601E+01  9.466325E+01  9.691248E+01  2.782227E+00  2.774414E+00  2.839844E+00  2.931641E+00
  3.087402E+00  3.427246E+00  4.046387E+00  5.317383E+00  7.795410E+00  1.261987E+01  2.130469E+01  3.507739E+01  5.285535E+01  6.987390E+01
  8.250348E+01  9.040131E+01  9.481171E+01  9.699803E+01  2.995117E+00  2.984863E+00  3.083984E+00  3.173340E+00  3.369629E+00  3.715820E+00
  4.412109E+00  5.844238E+00  8.598633E+00  1.385596E+01  2.316211E+01  3.739844E+01  5.496851E+01  7.129150E+01  8.332764E+01  9.085236E+01
  9.505516E+01  9.713837E+01  3.385254E+00  3.375977E+00  3.479492E+00  3.588379E+00  3.802246E+00  4.233398E+00  5.046875E+00  6.700684E+00
  9.894043E+00  1.589844E+01  2.610986E+01  4.086475E+01  5.792505E+01  7.322949E+01  8.445312E+01  9.146848E+01  9.538773E+01  9.733018E+01
  4.013672E+00  4.005859E+00  4.125000E+00  4.280762E+00  4.554688E+00  5.092285E+00  6.112793E+00  8.165527E+00  1.208545E+01  1.918848E+01
  3.058887E+01  4.564136E+01  6.168726E+01  7.564563E+01  8.585541E+01  9.223611E+01  9.580237E+01  9.756949E+01  5.101562E+00  5.085938E+00
  5.273438E+00  5.467773E+00  5.843750E+00  6.585938E+00  8.003906E+00  1.079590E+01  1.589941E+01  2.462842E+01  3.723584E+01  5.182275E+01
  6.618164E+01  7.849731E+01  8.751196E+01  9.314404E+01  9.629294E+01  9.785275E+01  7.252930E+00  7.243164E+00  7.547852E+00  7.871094E+00
  8.464844E+00  9.661133E+00  1.189355E+01  1.608887E+01  2.321973E+01  3.387500E+01  4.664648E+01  5.927686E+01  7.133887E+01  8.177417E+01
  8.941333E+01  9.418579E+01  9.685623E+01  9.817831E+01  1.333984E+01  1.329688E+01  1.392969E+01  1.460938E+01  1.586523E+01  1.825195E+01
  2.241602E+01  2.932227E+01  3.869727E+01  4.893555E+01  5.850391E+01  6.783789E+01  7.728125E+01  8.555078E+01  9.160718E+01  9.538867E+01
  9.750635E+01  9.855450E+01  4.951562E+01  4.948438E+01  5.017188E+01  5.085938E+01  5.179688E+01  5.312500E+01  5.473438E+01  5.698438E+01
  6.012500E+01  6.451562E+01  7.015625E+01  7.653906E+01  8.329688E+01  8.941406E+01  9.385742E+01  9.663184E+01  9.817920E+01  9.893848E+01
  2.622559E+00  2.612305E+00  2.664062E+00  2.744141E+00  2.895996E+00  3.181152E+00  3.769043E+00  4.889648E+00  7.176758E+00  1.155249E+01
  1.959204E+01  3.276221E+01  5.048755E+01  6.811816E+01  8.142316E+01  8.980545E+01  9.446042E+01  9.677040E+01  2.663086E+00  2.653809E+00
  2.709473E+00  2.789551E+00  2.931152E+00  3.234863E+00  3.821289E+00  4.984375E+00  7.318359E+00  1.177197E+01  1.991284E+01  3.318701E+01
  5.090918E+01  6.841309E+01  8.159583E+01  8.990018E+01  9.451163E+01  9.680014E+01  2.782227E+00  2.773438E+00  2.839844E+00  2.926270E+00
  3.077148E+00  3.404785E+00  4.019531E+00  5.263672E+00  7.729492E+00  1.243262E+01  2.091089E+01  3.449634E+01  5.217871E+01  6.929236E+01
  8.210938E+01  9.018216E+01  9.466411E+01  9.688869E+01  2.995117E+00  2.982910E+00  3.082520E+00  3.170410E+00  3.356934E+00  3.688477E+00
  4.411133E+00  5.757812E+00  8.502441E+00  1.362646E+01  2.272656E+01  3.679126E+01  5.430664E+01  7.073511E+01  8.295172E+01  9.064420E+01
  9.491422E+01  9.703392E+01  3.385254E+00  3.372559E+00  3.478027E+00  3.583984E+00  3.805176E+00  4.202148E+00  5.016113E+00  6.627441E+00
  9.783691E+00  1.561621E+01  2.561719E+01  4.023096E+01  5.729346E+01  7.270911E+01  8.410126E+01  9.127496E+01  9.525577E+01  9.723244E+01
  4.013672E+00  4.002930E+00  4.121094E+00  4.273438E+00  4.537109E+00  5.048828E+00  6.053223E+00  8.047852E+00  1.191113E+01  1.882959E+01
  3.001514E+01  4.499805E+01  6.110376E+01  7.516943E+01  8.553326E+01  9.206049E+01  9.568161E+01  9.748013E+01  5.101562E+00  5.086914E+00
  5.268555E+00  5.454102E+00  5.809570E+00  6.519531E+00  7.929688E+00  1.060547E+01  1.564062E+01  2.414795E+01  3.659180E+01  5.120947E+01
  6.566309E+01  7.807300E+01  8.722498E+01  9.298981E+01  9.618518E+01  9.777316E+01  7.252930E+00  7.246094E+00  7.533203E+00  7.847656E+00
  8.417969E+00  9.557617E+00  1.174316E+01  1.576465E+01  2.280957E+01  3.327148E+01  4.600586E+01  5.875146E+01  7.089502E+01  8.140503E+01
  8.916516E+01  9.405371E+01  9.676276E+01  9.810992E+01  1.333984E+01  1.329492E+01  1.392383E+01  1.454102E+01  1.574414E+01  1.802539E+01
  2.209375E+01  2.878125E+01  3.817383E+01  4.841211E+01  5.801758E+01  6.741504E+01  7.691504E+01  8.524414E+01  9.140210E+01  9.528149E+01
  9.742932E+01  9.849927E+01  4.951562E+01  4.943750E+01  5.018750E+01  5.079688E+01  5.167188E+01  5.296875E+01  5.459375E+01  5.671875E+01
  6.000000E+01  6.421875E+01  6.986719E+01  7.621875E+01  8.304688E+01  8.919922E+01  9.371094E+01  9.654980E+01  9.812500E+01  9.889893E+01
  2.622559E+00  2.616699E+00  2.662109E+00  2.741699E+00  2.895508E+00  3.174805E+00  3.765625E+00  4.867676E+00  7.147461E+00  1.151050E+01
  1.947705E+01  3.256885E+01  5.021667E+01  6.788049E+01  8.127222E+01  8.969598E+01  9.439126E+01  9.670251E+01  2.663086E+00  2.655762E+00
  2.710449E+00  2.791504E+00  2.929688E+00  3.227539E+00  3.833496E+00  4.962402E+00  7.274902E+00  1.170142E+01  1.979541E+01  3.299194E+01
  5.063977E+01  6.817798E+01  8.144672E+01  8.979153E+01  9.444313E+01  9.673283E+01  2.782227E+00  2.776367E+00  2.839844E+00  2.925293E+00
  3.081055E+00  3.400391E+00  4.011230E+00  5.239258E+00  7.680176E+00  1.235669E+01  2.078662E+01  3.429517E+01  5.191162E+01  6.906287E+01
  8.196411E+01  9.007611E+01  9.459749E+01  9.682315E+01  2.995117E+00  2.984375E+00  3.083984E+00  3.169434E+00  3.356445E+00  3.682617E+00
  4.402832E+00  5.744629E+00  8.459473E+00  1.355615E+01  2.258643E+01  3.658179E+01  5.404419E+01  7.051648E+01  8.281378E+01  9.054276E+01
  9.485077E+01  9.697139E+01  3.385254E+00  3.378418E+00  3.477051E+00  3.580566E+00  3.804688E+00  4.193359E+00  5.007324E+00  6.592285E+00
  9.729980E+00  1.552441E+01  2.545459E+01  4.001270E+01  5.704102E+01  7.250415E+01  8.397327E+01  9.117947E+01  9.519670E+01  9.717393E+01
  4.013672E+00  4.004395E+00  4.123047E+00  4.269531E+00  4.534180E+00  5.033691E+00  6.036621E+00  8.020508E+00  1.183887E+01  1.871094E+01
  2.982568E+01  4.477441E+01  6.086938E+01  7.498242E+01  8.541626E+01  9.197266E+01  9.562788E+01  9.742663E+01  5.101562E+00  5.092773E+00
  5.270508E+00  5.455078E+00  5.804688E+00  6.497070E+00  7.898438E+00  1.054102E+01  1.552734E+01  2.399023E+01  3.637500E+01  5.100293E+01
  6.545361E+01  7.790723E+01  8.712256E+01  9.291077E+01  9.613770E+01  9.772574E+01  7.252930E+00  7.243164E+00  7.533203E+00  7.836914E+00
  8.412109E+00  9.520508E+00  1.169141E+01  1.566992E+01  2.263281E+01  3.306250E+01  4.579199E+01  5.857910E+01  7.071387E+01  8.126416E+01
  8.907825E+01  9.398486E+01  9.672253E+01  9.806918E+01  1.333984E+01  1.331055E+01  1.392969E+01  1.452930E+01  1.572656E+01  1.795117E+01
  2.199805E+01  2.858789E+01  3.794336E+01  4.824219E+01  5.786914E+01  6.728613E+01  7.676855E+01  8.512744E+01  9.133154E+01  9.522412E+01
  9.739746E+01  9.846637E+01  4.951562E+01  4.951562E+01  5.017188E+01  5.078125E+01  5.173438E+01  5.292188E+01  5.459375E+01  5.662500E+01
  5.993750E+01  6.415625E+01  6.980469E+01  7.617188E+01  8.293750E+01  8.910938E+01  9.366211E+01  9.651074E+01  9.809912E+01  9.887549E+01
  2.622559E+00  2.613770E+00  2.664551E+00  2.744141E+00  2.901367E+00  3.182617E+00  3.768555E+00  4.888184E+00  7.164062E+00  1.155322E+01
  1.957324E+01  3.274683E+01  5.045667E+01  6.808899E+01  8.139777E+01  8.976688E+01  9.441515E+01  9.668542E+01  2.663086E+00  2.656738E+00
  2.711426E+00  2.793457E+00  2.933594E+00  3.236328E+00  3.822266E+00  4.980957E+00  7.304688E+00  1.177148E+01  1.989380E+01  3.317139E+01
  5.087793E+01  6.838477E+01  8.157050E+01  8.986172E+01  9.446681E+01  9.671593E+01  2.782227E+00  2.774414E+00  2.842285E+00  2.927246E+00
  3.081055E+00  3.406250E+00  4.018555E+00  5.263184E+00  7.717285E+00  1.243140E+01  2.089185E+01  3.448242E+01  5.214795E+01  6.926404E+01
  8.208453E+01  9.014438E+01  9.462045E+01  9.680667E+01  2.995117E+00  2.983887E+00  3.086426E+00  3.170898E+00  3.360352E+00  3.689453E+00
  4.413086E+00  5.756348E+00  8.487793E+00  1.362744E+01  2.270557E+01  3.677588E+01  5.427588E+01  7.070764E+01  8.292773E+01  9.060767E+01
  9.487251E+01  9.695560E+01  3.385254E+00  3.373047E+00  3.481934E+00  3.583496E+00  3.808594E+00  4.201660E+00  5.016602E+00  6.625000E+00
  9.766113E+00  1.561475E+01  2.559424E+01  4.021631E+01  5.726294E+01  7.268311E+01  8.407886E+01  9.123993E+01  9.521680E+01  9.715908E+01
  4.013672E+00  4.000488E+00  4.127441E+00  4.275391E+00  4.541016E+00  5.049805E+00  6.055176E+00  8.046387E+00  1.189062E+01  1.882715E+01
  2.999170E+01  4.498389E+01  6.107349E+01  7.514453E+01  8.551251E+01  9.202759E+01  9.564613E+01  9.741305E+01  5.101562E+00  5.083008E+00
  5.273438E+00  5.460938E+00  5.816406E+00  6.521484E+00  7.929688E+00  1.059863E+01  1.561621E+01  2.414600E+01  3.656152E+01  5.119727E+01
  6.563452E+01  7.805005E+01  8.720593E+01  9.295972E+01  9.615369E+01  9.771378E+01  7.252930E+00  7.238281E+00  7.541016E+00  7.844727E+00
  8.422852E+00  9.565430E+00  1.174609E+01  1.576855E+01  2.277637E+01  3.327344E+01  4.597363E+01  5.874268E+01  7.086914E+01  8.138452E+01
  8.914844E+01  9.402698E+01  9.673615E+01  9.805923E+01  1.333984E+01  1.328906E+01  1.394141E+01  1.454883E+01  1.576562E+01  1.802539E+01
  2.208594E+01  2.876172E+01  3.812695E+01  4.842383E+01  5.799414E+01  6.741016E+01  7.689355E+01  8.522607E+01  9.138794E+01  9.525903E+01
  9.740881E+01  9.845862E+01  4.951562E+01  4.945312E+01  5.023438E+01  5.079688E+01  5.170312E+01  5.298438E+01  5.457812E+01  5.673438E+01
  6.000000E+01  6.425000E+01  6.985938E+01  7.621875E+01  8.302344E+01  8.918359E+01  9.370312E+01  9.653613E+01  9.810840E+01  9.887012E+01
  2.622559E+00  2.615723E+00  2.665039E+00  2.743652E+00  2.898926E+00  3.187500E+00  3.762207E+00  4.906250E+00  7.189941E+00  1.163550E+01
  1.968384E+01  3.296021E+01  5.069861E+01  6.827686E+01  8.152942E+01  8.984564E+01  9.443559E+01  9.666069E+01  2.663086E+00  2.654297E+00
  2.709961E+00  2.792480E+00  2.934082E+00  3.239258E+00  3.829590E+00  5.000977E+00  7.328613E+00  1.184448E+01  2.000635E+01  3.338867E+01
  5.111926E+01  6.857043E+01  8.170087E+01  8.993988E+01  9.448695E+01  9.669142E+01  2.782227E+00  2.774414E+00  2.839355E+00  2.928711E+00
  3.082031E+00  3.412598E+00  4.026855E+00  5.267090E+00  7.741699E+00  1.249756E+01  2.101318E+01  3.470557E+01  5.238782E+01  6.944482E+01
  8.221143E+01  9.022052E+01  9.463995E+01  9.678278E+01  2.995117E+00  2.982910E+00  3.083008E+00  3.171387E+00  3.361328E+00  3.696289E+00
  4.419434E+00  5.781738E+00  8.504395E+00  1.371777E+01  2.285254E+01  3.701001E+01  5.451001E+01  7.088000E+01  8.304865E+01  9.068051E+01
  9.489104E+01  9.693268E+01  3.385254E+00  3.375000E+00  3.478516E+00  3.586426E+00  3.793457E+00  4.209473E+00  5.034668E+00  6.654785E+00
  9.792480E+00  1.572852E+01  2.575342E+01  4.046118E+01  5.748730E+01  7.284290E+01  8.419135E+01  9.130850E+01  9.523386E+01  9.713759E+01
  4.013672E+00  4.000977E+00  4.125000E+00  4.274902E+00  4.541016E+00  5.059570E+00  6.069336E+00  8.086426E+00  1.193262E+01  1.896338E+01
  3.017432E+01  4.523438E+01  6.128223E+01  7.529004E+01  8.561542E+01  9.209076E+01  9.566153E+01  9.739331E+01  5.101562E+00  5.086914E+00
  5.273438E+00  5.459961E+00  5.822266E+00  6.537109E+00  7.961914E+00  1.065918E+01  1.570312E+01  2.432910E+01  3.677441E+01  5.144092E+01
  6.582080E+01  7.817773E+01  8.729749E+01  9.301654E+01  9.616730E+01  9.769620E+01  7.252930E+00  7.237305E+00  7.541992E+00  7.851562E+00
  8.426758E+00  9.592773E+00  1.178125E+01  1.586230E+01  2.290039E+01  3.350684E+01  4.618848E+01  5.895703E+01  7.102979E+01  8.149414E+01
  8.922742E+01  9.407666E+01  9.674786E+01  9.804431E+01  1.333984E+01  1.330273E+01  1.393945E+01  1.456836E+01  1.579883E+01  1.808789E+01
  2.219922E+01  2.892969E+01  3.829102E+01  4.864062E+01  5.815430E+01  6.759277E+01  7.702832E+01  8.531641E+01  9.145264E+01  9.530054E+01
  9.741833E+01  9.844714E+01  4.951562E+01  4.946875E+01  5.021875E+01  5.084375E+01  5.171875E+01  5.300000E+01  5.462500E+01  5.679688E+01
  6.001562E+01  6.439062E+01  6.997656E+01  7.634375E+01  8.312500E+01  8.925391E+01  9.374609E+01  9.656738E+01  9.811523E+01  9.886133E+01
  2.622559E+00  2.614258E+00  2.659668E+00  2.744629E+00  2.884766E+00  3.192871E+00  3.776367E+00  4.931152E+00  7.232910E+00  1.167236E+01
  1.980029E+01  3.313843E+01  5.091760E+01  6.848694E+01  8.166724E+01  8.989618E+01  9.445156E+01  9.664107E+01  2.663086E+00  2.654297E+00
  2.707031E+00  2.795410E+00  2.934082E+00  3.244141E+00  3.844727E+00  5.008789E+00  7.358887E+00  1.188232E+01  2.012402E+01  3.356738E+01
  5.133875E+01  6.877856E+01  8.183728E+01  8.998969E+01  9.450278E+01  9.667195E+01  2.782227E+00  2.773926E+00  2.837891E+00  2.932129E+00
  3.083984E+00  3.418457E+00  4.041992E+00  5.291992E+00  7.777344E+00  1.255347E+01  2.114819E+01  3.489014E+01  5.260547E+01  6.964819E+01
  8.234430E+01  9.026846E+01  9.465524E+01  9.676379E+01  2.995117E+00  2.980469E+00  3.080566E+00  3.172363E+00  3.364258E+00  3.703125E+00
  4.403809E+00  5.810547E+00  8.562500E+00  1.378271E+01  2.299023E+01  3.720288E+01  5.472412E+01  7.107483E+01  8.317566E+01  9.072540E+01
  9.490541E+01  9.691450E+01  3.385254E+00  3.372559E+00  3.477539E+00  3.587891E+00  3.797363E+00  4.217773E+00  5.051758E+00  6.662109E+00
  9.862793E+00  1.579492E+01  2.591553E+01  4.066211E+01  5.769263E+01  7.302625E+01  8.431067E+01  9.134918E+01  9.524707E+01  9.712054E+01
  4.013672E+00  4.001465E+00  4.124023E+00  4.278809E+00  4.547363E+00  5.071289E+00  6.097168E+00  8.113281E+00  1.202295E+01  1.905957E+01
  3.036523E+01  4.543701E+01  6.147339E+01  7.545850E+01  8.572485E+01  9.212695E+01  9.567336E+01  9.737777E+01  5.101562E+00  5.083008E+00
  5.267578E+00  5.466797E+00  5.830078E+00  6.556641E+00  7.987305E+00  1.073340E+01  1.581543E+01  2.446289E+01  3.698633E+01  5.163037E+01
  6.599243E+01  7.832910E+01  8.739563E+01  9.304633E+01  9.617770E+01  9.768243E+01  7.252930E+00  7.241211E+00  7.537109E+00  7.859375E+00
  8.451172E+00  9.617188E+00  1.185059E+01  1.597852E+01  2.307715E+01  3.367578E+01  4.639844E+01  5.911768E+01  7.117920E+01  8.162744E+01
  8.931323E+01  9.410150E+01  9.675677E+01  9.803271E+01  1.333984E+01  1.328516E+01  1.394141E+01  1.458203E+01  1.582227E+01  1.815430E+01
  2.233594E+01  2.911914E+01  3.851758E+01  4.877344E+01  5.831445E+01  6.771484E+01  7.715430E+01  8.542969E+01  9.152393E+01  9.531787E+01
  9.742590E+01  9.843842E+01  4.951562E+01  4.948438E+01  5.017188E+01  5.084375E+01  5.173438E+01  5.304688E+01  5.467188E+01  5.689062E+01
  6.010938E+01  6.445312E+01  7.003125E+01  7.642969E+01  8.318750E+01  8.932422E+01  9.379688E+01  9.658008E+01  9.812305E+01  9.885498E+01
  2.622559E+00  2.612305E+00  2.665039E+00  2.743164E+00  2.889160E+00  3.194824E+00  3.787109E+00  4.934082E+00  7.246094E+00  1.171851E+01
  1.991821E+01  3.331567E+01  5.113562E+01  6.867712E+01  8.178558E+01  8.996555E+01  9.447211E+01  9.661894E+01  2.663086E+00  2.656250E+00
  2.711426E+00  2.795410E+00  2.938965E+00  3.250000E+00  3.854492E+00  5.024902E+00  7.372070E+00  1.194214E+01  2.024902E+01  3.374707E+01
  5.155566E+01  6.896667E+01  8.195459E+01  9.005838E+01  9.452312E+01  9.664998E+01  2.782227E+00  2.775879E+00  2.840820E+00  2.930176E+00
  3.087402E+00  3.423828E+00  4.051758E+00  5.311523E+00  7.794434E+00  1.260449E+01  2.127515E+01  3.507446E+01  5.282019E+01  6.983130E+01
  8.245831E+01  9.033533E+01  9.467513E+01  9.674241E+01  2.995117E+00  2.981445E+00  3.085938E+00  3.172852E+00  3.368652E+00  3.708984E+00
  4.412598E+00  5.834961E+00  8.595703E+00  1.384570E+01  2.313110E+01  3.739648E+01  5.493408E+01  7.124988E+01  8.328400E+01  9.078937E+01
  9.492438E+01  9.689407E+01  3.385254E+00  3.375000E+00  3.479492E+00  3.587402E+00  3.798340E+00  4.222656E+00  5.053223E+00  6.692383E+00
  9.892578E+00  1.587842E+01  2.607861E+01  4.086353E+01  5.789160E+01  7.318884E+01  8.441187E+01  9.140927E+01  9.526486E+01  9.710143E+01
  4.013672E+00  4.000488E+00  4.125000E+00  4.279785E+00  4.553223E+00  5.082520E+00  6.120117E+00  8.155762E+00  1.208643E+01  1.916504E+01
  3.055273E+01  4.564062E+01  6.165552E+01  7.560681E+01  8.581683E+01  9.218201E+01  9.568970E+01  9.736033E+01  5.101562E+00  5.085938E+00
  5.277344E+00  5.468750E+00  5.839844E+00  6.573242E+00  8.006836E+00  1.078320E+01  1.589746E+01  2.460107E+01  3.719336E+01  5.182324E+01
  6.615186E+01  7.846118E+01  8.747693E+01  9.309589E+01  9.619244E+01  9.766704E+01  7.252930E+00  7.237305E+00  7.547852E+00  7.867188E+00
  8.463867E+00  9.653320E+00  1.190723E+01  1.607129E+01  2.321680E+01  3.384277E+01  4.660059E+01  5.928174E+01  7.131299E+01  8.174146E+01
  8.938281E+01  9.414496E+01  9.676978E+01  9.801981E+01  1.333984E+01  1.328711E+01  1.392969E+01  1.461328E+01  1.585547E+01  1.821680E+01
  2.243359E+01  2.928906E+01  3.870117E+01  4.890820E+01  5.845703E+01  6.784375E+01  7.725879E+01  8.552295E+01  9.158154E+01  9.535669E+01
  9.743689E+01  9.842841E+01  4.951562E+01  4.945312E+01  5.018750E+01  5.084375E+01  5.175000E+01  5.306250E+01  5.475000E+01  5.693750E+01
  6.012500E+01  6.450000E+01  7.012500E+01  7.654688E+01  8.327344E+01  8.939844E+01  9.384570E+01  9.660938E+01  9.812939E+01  9.884912E+01
  2.622559E+00  2.616699E+00  2.666504E+00  2.746582E+00  2.892090E+00  3.201172E+00  3.789551E+00  4.953613E+00  7.260742E+00  1.177612E+01
  2.002148E+01  3.349194E+01  5.134082E+01  6.887085E+01  8.190820E+01  9.002939E+01  9.448467E+01  9.659431E+01  2.663086E+00  2.659180E+00
  2.714844E+00  2.795410E+00  2.942383E+00  3.255371E+00  3.857422E+00  5.045410E+00  7.401855E+00  1.198828E+01  2.035107E+01  3.392651E+01
  5.176025E+01  6.915918E+01  8.207635E+01  9.012180E+01  9.453558E+01  9.662556E+01  2.782227E+00  2.777832E+00  2.840820E+00  2.931152E+00
  3.087891E+00  3.430664E+00  4.055664E+00  5.328613E+00  7.825684E+00  1.265625E+01  2.137817E+01  3.525903E+01  5.302380E+01  7.001892E+01
  8.257654E+01  9.039700E+01  9.468701E+01  9.671860E+01  2.995117E+00  2.985352E+00  3.090820E+00  3.174805E+00  3.370605E+00  3.717285E+00
  4.422852E+00  5.855957E+00  8.619141E+00  1.390820E+01  2.324585E+01  3.758789E+01  5.513330E+01  7.142957E+01  8.339679E+01  9.084808E+01
  9.493553E+01  9.687126E+01  3.385254E+00  3.377441E+00  3.482422E+00  3.590820E+00  3.806152E+00  4.232910E+00  5.061035E+00  6.722656E+00
  9.940430E+00  1.595850E+01  2.621680E+01  4.106177E+01  5.808130E+01  7.335815E+01  8.451727E+01  9.146426E+01  9.527501E+01  9.708007E+01
  4.013672E+00  4.008789E+00  4.128906E+00  4.283691E+00  4.560547E+00  5.099121E+00  6.134277E+00  8.197266E+00  1.212109E+01  1.927783E+01
  3.071680E+01  4.584131E+01  6.183154E+01  7.576208E+01  8.591327E+01  9.223218E+01  9.569858E+01  9.734077E+01  5.101562E+00  5.093750E+00
  5.274414E+00  5.472656E+00  5.845703E+00  6.593750E+00  8.035156E+00  1.082520E+01  1.599512E+01  2.475391E+01  3.738379E+01  5.201318E+01
  6.630884E+01  7.860083E+01  8.756323E+01  9.314069E+01  9.620004E+01  9.764972E+01  7.252930E+00  7.254883E+00  7.548828E+00  7.870117E+00
  8.489258E+00  9.687500E+00  1.195703E+01  1.616309E+01  2.336230E+01  3.403613E+01  4.678809E+01  5.944092E+01  7.144873E+01  8.186279E+01
  8.945740E+01  9.418372E+01  9.677612E+01  9.800528E+01  1.333984E+01  1.331055E+01  1.395312E+01  1.462305E+01  1.590234E+01  1.829688E+01
  2.253320E+01  2.946875E+01  3.887891E+01  4.907617E+01  5.860742E+01  6.796582E+01  7.737109E+01  8.562354E+01  9.164331E+01  9.538879E+01
  9.744226E+01  9.841699E+01  4.951562E+01  4.946875E+01  5.021875E+01  5.085938E+01  5.182812E+01  5.309375E+01  5.478125E+01  5.703125E+01
  6.020312E+01  6.456250E+01  7.025000E+01  7.660938E+01  8.335938E+01  8.945703E+01  9.388086E+01  9.662988E+01  9.813428E+01  9.884033E+01
  2.622559E+00  2.613281E+00  2.666016E+00  2.750000E+00  2.889648E+00  3.205078E+00  3.795410E+00  4.961426E+00  7.288086E+00  1.182349E+01
  2.010742E+01  3.364380E+01  5.153503E+01  6.902173E+01  8.200989E+01  9.008191E+01  9.449650E+01  9.656920E+01  2.663086E+00  2.655762E+00
  2.713379E+00  2.797363E+00  2.937500E+00  3.258301E+00  3.850098E+00  5.052734E+00  7.431152E+00  1.203955E+01  2.043872E+01  3.407935E+01
  5.195410E+01  6.930872E+01  8.217700E+01  9.017371E+01  9.454726E+01  9.660068E+01  2.782227E+00  2.773926E+00  2.841797E+00  2.934570E+00
  3.087891E+00  3.433594E+00  4.060059E+00  5.325195E+00  7.855469E+00  1.272583E+01  2.147485E+01  3.541772E+01  5.321558E+01  7.016382E+01
  8.267407E+01  9.044733E+01  9.469833E+01  9.669438E+01  2.995117E+00  2.980957E+00  3.088867E+00  3.178223E+00  3.366699E+00  3.722656E+00
  4.429199E+00  5.854980E+00  8.641602E+00  1.397412E+01  2.336060E+01  3.775586E+01  5.532031E+01  7.156738E+01  8.348932E+01  9.089578E+01
  9.494618E+01  9.684813E+01  3.385254E+00  3.369629E+00  3.483398E+00  3.594727E+00  3.799805E+00  4.239258E+00  5.071289E+00  6.740723E+00
  9.971191E+00  1.604541E+01  2.634912E+01  4.123730E+01  5.825928E+01  7.348560E+01  8.460223E+01  9.150836E+01  9.528488E+01  9.705843E+01
  4.013672E+00  3.997559E+00  4.130859E+00  4.286133E+00  4.554688E+00  5.104004E+00  6.148438E+00  8.207031E+00  1.218359E+01  1.938574E+01
  3.086914E+01  4.602075E+01  6.199463E+01  7.587683E+01  8.598950E+01  9.227209E+01  9.570749E+01  9.732102E+01  5.101562E+00  5.084961E+00
  5.283203E+00  5.475586E+00  5.852539E+00  6.609375E+00  8.057617E+00  1.087012E+01  1.607812E+01  2.490723E+01  3.755518E+01  5.218311E+01
  6.645215E+01  7.870117E+01  8.762988E+01  9.317590E+01  9.620795E+01  9.763232E+01  7.252930E+00  7.235352E+00  7.563477E+00  7.886719E+00
  8.487305E+00  9.701172E+00  1.198535E+01  1.624316E+01  2.350488E+01  3.423242E+01  4.694922E+01  5.958594E+01  7.156982E+01  8.194873E+01
  8.951343E+01  9.421393E+01  9.678302E+01  9.799072E+01  1.333984E+01  1.328516E+01  1.396875E+01  1.464453E+01  1.592383E+01  1.837109E+01
  2.263477E+01  2.958203E+01  3.905273E+01  4.924023E+01  5.871484E+01  6.808105E+01  7.747070E+01  8.569287E+01  9.168774E+01  9.541394E+01
  9.744849E+01  9.840582E+01  4.951562E+01  4.943750E+01  5.021875E+01  5.092188E+01  5.178125E+01  5.314062E+01  5.475000E+01  5.703125E+01
  6.028125E+01  6.464062E+01  7.027344E+01  7.669531E+01  8.341406E+01  8.952734E+01  9.390820E+01  9.664844E+01  9.813770E+01  9.883252E+01
  2.622559E+00  2.619629E+00  2.663574E+00  2.749512E+00  2.890625E+00  3.207520E+00  3.802734E+00  4.977051E+00  7.322266E+00  1.186597E+01
  2.019800E+01  3.385522E+01  5.175305E+01  6.920728E+01  8.213049E+01  9.014175E+01  9.450966E+01  9.653905E+01  2.663086E+00  2.658691E+00
  2.714844E+00  2.796875E+00  2.940430E+00  3.256836E+00  3.858887E+00  5.054688E+00  7.454102E+00  1.209668E+01  2.053076E+01  3.429468E+01
  5.217224E+01  6.949280E+01  8.229651E+01  9.023312E+01  9.456034E+01  9.657076E+01  2.782227E+00  2.777344E+00  2.841309E+00  2.936523E+00
  3.090332E+00  3.436035E+00  4.071777E+00  5.343262E+00  7.895996E+00  1.277490E+01  2.158130E+01  3.563721E+01  5.343213E+01  7.034326E+01
  8.279089E+01  9.050525E+01  9.471100E+01  9.666521E+01  2.995117E+00  2.988770E+00  3.085938E+00  3.177734E+00  3.375488E+00  3.725586E+00
  4.440918E+00  5.876953E+00  8.690918E+00  1.404102E+01  2.348022E+01  3.798511E+01  5.553271E+01  7.173889E+01  8.360126E+01  9.095105E+01
  9.495834E+01  9.682022E+01  3.385254E+00  3.378906E+00  3.480957E+00  3.598633E+00  3.805664E+00  4.243164E+00  5.089355E+00  6.767578E+00
  1.002734E+01  1.612451E+01  2.648340E+01  4.147461E+01  5.846313E+01  7.364673E+01  8.470758E+01  9.156030E+01  9.529620E+01  9.703220E+01
  4.013672E+00  4.008301E+00  4.129883E+00  4.287109E+00  4.547363E+00  5.112793E+00  6.164551E+00  8.244629E+00  1.226221E+01  1.948584E+01
  3.103174E+01  4.626001E+01  6.218579E+01  7.602454E+01  8.608673E+01  9.231970E+01  9.571788E+01  9.729699E+01  5.101562E+00  5.091797E+00
  5.280273E+00  5.469727E+00  5.847656E+00  6.621094E+00  8.089844E+00  1.092676E+01  1.617578E+01  2.505273E+01  3.773975E+01  5.241309E+01
  6.662427E+01  7.883374E+01  8.771753E+01  9.321863E+01  9.621735E+01  9.761102E+01  7.252930E+00  7.247070E+00  7.549805E+00  7.874023E+00
  8.502930E+00  9.708984E+00  1.205273E+01  1.634668E+01  2.365918E+01  3.440918E+01  4.713281E+01  5.978516E+01  7.172412E+01  8.206372E+01
  8.959033E+01  9.425153E+01  9.679199E+01  9.797275E+01  1.333984E+01  1.331836E+01  1.397461E+01  1.466602E+01  1.598047E+01  1.840820E+01
  2.275977E+01  2.974023E+01  3.925391E+01  4.939258E+01  5.885156E+01  6.825098E+01  7.760156E+01  8.578857E+01  9.175293E+01  9.544543E+01
  9.745593E+01  9.839185E+01  4.951562E+01  4.954688E+01  5.028125E+01  5.090625E+01  5.184375E+01  5.312500E+01  5.475000E+01  5.709375E+01
  6.037500E+01  6.476562E+01  7.033594E+01  7.682031E+01  8.352344E+01  8.959375E+01  9.395312E+01  9.667090E+01  9.814209E+01  9.882227E+01
  2.622559E+00  2.613281E+00  2.665527E+00  2.746094E+00  2.890137E+00  3.205078E+00  3.797852E+00  4.969727E+00  7.309570E+00  1.185181E+01
  2.013916E+01  3.376685E+01  5.165503E+01  6.911963E+01  8.206250E+01  9.009741E+01  9.446953E+01  9.648582E+01  2.663086E+00  2.655273E+00
  2.713867E+00  2.795898E+00  2.941895E+00  3.256348E+00  3.857422E+00  5.045898E+00  7.454102E+00  1.206958E+01  2.047705E+01  3.420361E+01
  5.207361E+01  6.940613E+01  8.222900E+01  9.018915E+01  9.452046E+01  9.651801E+01  2.782227E+00  2.773438E+00  2.841797E+00  2.933105E+00
  3.089355E+00  3.436035E+00  4.063477E+00  5.334961E+00  7.879883E+00  1.275854E+01  2.152295E+01  3.554419E+01  5.333472E+01  7.025854E+01
  8.272473E+01  9.046222E+01  9.467224E+01  9.661386E+01  2.995117E+00  2.983398E+00  3.090332E+00  3.175293E+00  3.371582E+00  3.724609E+00
  4.436035E+00  5.865234E+00  8.671387E+00  1.400391E+01  2.340967E+01  3.788623E+01  5.543726E+01  7.165771E+01  8.353754E+01  9.091000E+01
  9.492128E+01  9.677115E+01  3.385254E+00  3.373047E+00  3.484863E+00  3.593750E+00  3.806152E+00  4.242676E+00  5.080566E+00  6.755371E+00
  1.000586E+01  1.608643E+01  2.640430E+01  4.137305E+01  5.837158E+01  7.357019E+01  8.464734E+01  9.152167E+01  9.526152E+01  9.698628E+01
  4.013672E+00  4.003906E+00  4.129395E+00  4.284180E+00  4.560059E+00  5.106934E+00  6.159180E+00  8.224121E+00  1.222998E+01  1.943994E+01
  3.093701E+01  4.615405E+01  6.210083E+01  7.595398E+01  8.603094E+01  9.228418E+01  9.568625E+01  9.725504E+01  5.101562E+00  5.087891E+00
  5.278320E+00  5.476562E+00  5.855469E+00  6.617188E+00  8.075195E+00  1.090137E+01  1.612793E+01  2.498145E+01  3.763525E+01  5.231006E+01
  6.654688E+01  7.877051E+01  8.766675E+01  9.318683E+01  9.618924E+01  9.757378E+01  7.252930E+00  7.235352E+00  7.556641E+00  7.872070E+00
  8.497070E+00  9.693359E+00  1.202539E+01  1.629590E+01  2.359961E+01  3.432910E+01  4.702734E+01  5.969531E+01  7.165527E+01  8.200830E+01
  8.954602E+01  9.422363E+01  9.676770E+01  9.794089E+01  1.333984E+01  1.329102E+01  1.397070E+01  1.465430E+01  1.594727E+01  1.841016E+01
  2.270312E+01  2.966797E+01  3.917383E+01  4.932422E+01  5.876172E+01  6.817383E+01  7.754199E+01  8.574219E+01  9.171533E+01  9.542249E+01
  9.743652E+01  9.836652E+01  4.951562E+01  4.939062E+01  5.020312E+01  5.085938E+01  5.182812E+01  5.314062E+01  5.475000E+01  5.710938E+01
  6.031250E+01  6.470312E+01  7.028125E+01  7.676562E+01  8.346875E+01  8.954688E+01  9.393164E+01  9.665723E+01  9.812988E+01  9.880518E+01
  2.622559E+00  2.614258E+00  2.665039E+00  2.745605E+00  2.888184E+00  3.197754E+00  3.787109E+00  4.958008E+00  7.254883E+00  1.180762E+01
  2.002319E+01  3.355737E+01  5.140076E+01  6.889844E+01  8.190845E+01  8.999509E+01  9.439486E+01  9.641661E+01  2.663086E+00  2.654785E+00
  2.714355E+00  2.794922E+00  2.937012E+00  3.250488E+00  3.841309E+00  5.050293E+00  7.396973E+00  1.202173E+01  2.035815E+01  3.399121E+01
  5.181995E+01  6.918640E+01  8.207635E+01  9.008765E+01  9.444646E+01  9.644945E+01  2.782227E+00  2.775879E+00  2.842285E+00  2.935059E+00
  3.089355E+00  3.428223E+00  4.053711E+00  5.337402E+00  7.820801E+00  1.268994E+01  2.139453E+01  3.532690E+01  5.308301E+01  7.004517E+01
  8.257605E+01  9.036337E+01  9.460005E+01  9.654710E+01  2.995117E+00  2.985840E+00  3.088867E+00  3.174805E+00  3.368652E+00  3.712891E+00
  4.416016E+00  5.864258E+00  8.617188E+00  1.394629E+01  2.326587E+01  3.766016E+01  5.519116E+01  7.145349E+01  8.339539E+01  9.081549E+01
  9.485219E+01  9.670740E+01  3.385254E+00  3.375977E+00  3.483398E+00  3.587891E+00  3.803223E+00  4.230957E+00  5.059082E+00  6.732422E+00
  9.936523E+00  1.600244E+01  2.624023E+01  4.113525E+01  5.813696E+01  7.337939E+01  8.451453E+01  9.143292E+01  9.519675E+01  9.692668E+01
  4.013672E+00  4.005859E+00  4.127930E+00  4.281738E+00  4.556641E+00  5.091797E+00  6.133789E+00  8.196289E+00  1.212207E+01  1.932520E+01
  3.074805E+01  4.591602E+01  6.188330E+01  7.577991E+01  8.590936E+01  9.220276E+01  9.562668E+01  9.720055E+01  5.101562E+00  5.090820E+00
  5.279297E+00  5.477539E+00  5.848633E+00  6.590820E+00  8.033203E+00  1.084668E+01  1.600488E+01  2.481689E+01  3.742090E+01  5.208447E+01
  6.635474E+01  7.861548E+01  8.755798E+01  9.311377E+01  9.613583E+01  9.752538E+01  7.252930E+00  7.252930E+00  7.555664E+00  7.871094E+00
  8.485352E+00  9.688477E+00  1.196387E+01  1.619922E+01  2.337598E+01  3.412012E+01  4.682422E+01  5.950391E+01  7.148926E+01  8.187427E+01
  8.945142E+01  9.416003E+01  9.672137E+01  9.789941E+01  1.333984E+01  1.330859E+01  1.396289E+01  1.462305E+01  1.591016E+01  1.830859E+01
  2.255469E+01  2.951367E+01  3.890039E+01  4.914844E+01  5.862891E+01  6.801660E+01  7.740527E+01  8.563184E+01  9.163745E+01  9.536938E+01
  9.739856E+01  9.833307E+01  4.951562E+01  4.946875E+01  5.023438E+01  5.085938E+01  5.181250E+01  5.307812E+01  5.473438E+01  5.706250E+01
  6.017188E+01  6.457812E+01  7.025781E+01  7.664062E+01  8.337500E+01  8.946875E+01  9.388086E+01  9.661914E+01  9.810156E+01  9.878174E+01
  2.622559E+00  2.614746E+00  2.662109E+00  2.743652E+00  2.890625E+00  3.197754E+00  3.783691E+00  4.935547E+00  7.243164E+00  1.172144E+01
  1.993018E+01  3.329248E+01  5.114941E+01  6.868225E+01  8.174579E+01  8.989230E+01  9.432578E+01  9.634995E+01  2.663086E+00  2.656738E+00
  2.711426E+00  2.794922E+00  2.939453E+00  3.250488E+00  3.852051E+00  5.026855E+00  7.370117E+00  1.194360E+01  2.026270E+01  3.372559E+01
  5.156921E+01  6.897217E+01  8.191498E+01  8.998578E+01  9.437805E+01  9.638333E+01  2.782227E+00  2.774902E+00  2.840820E+00  2.930176E+00
  3.087402E+00  3.423828E+00  4.052246E+00  5.311523E+00  7.790039E+00  1.260669E+01  2.129028E+01  3.505298E+01  5.283411E+01  6.983643E+01
  8.241919E+01  9.026428E+01  9.453348E+01  9.648272E+01  2.995117E+00  2.984375E+00  3.085938E+00  3.172852E+00  3.369141E+00  3.708984E+00
  4.417969E+00  5.835449E+00  8.593262E+00  1.384326E+01  2.314771E+01  3.737549E+01  5.494873E+01  7.125500E+01  8.324554E+01  9.072095E+01
  9.478865E+01  9.664589E+01  3.385254E+00  3.376953E+00  3.481445E+00  3.588379E+00  3.802246E+00  4.226562E+00  5.052246E+00  6.693359E+00
  9.890137E+00  1.588623E+01  2.609473E+01  4.084204E+01  5.790649E+01  7.319409E+01  8.437433E+01  9.134430E+01  9.513750E+01  9.686908E+01
  4.013672E+00  4.002930E+00  4.125977E+00  4.281738E+00  4.553711E+00  5.085938E+00  6.123535E+00  8.159180E+00  1.208203E+01  1.917822E+01
  3.057812E+01  4.561987E+01  6.167017E+01  7.561194E+01  8.578058E+01  9.212173E+01  9.557259E+01  9.714793E+01  5.101562E+00  5.087891E+00
  5.275391E+00  5.468750E+00  5.841797E+00  6.575195E+00  8.009766E+00  1.078711E+01  1.589844E+01  2.461963E+01  3.722461E+01  5.180176E+01
  6.616650E+01  7.846680E+01  8.744324E+01  9.304169E+01  9.608804E+01  9.747853E+01  7.252930E+00  7.245117E+00  7.544922E+00  7.868164E+00
  8.472656E+00  9.653320E+00  1.190918E+01  1.608105E+01  2.322363E+01  3.387012E+01  4.663672E+01  5.925684E+01  7.132764E+01  8.174707E+01
  8.935205E+01  9.409778E+01  9.668011E+01  9.785919E+01  1.333984E+01  1.329492E+01  1.393750E+01  1.459961E+01  1.586328E+01  1.823242E+01
  2.244531E+01  2.930664E+01  3.870898E+01  4.893359E+01  5.849609E+01  6.781738E+01  7.727441E+01  8.552930E+01  9.155518E+01  9.531641E+01
  9.736572E+01  9.830048E+01  4.951562E+01  4.946875E+01  5.021875E+01  5.081250E+01  5.181250E+01  5.307812E+01  5.476562E+01  5.695312E+01
  6.012500E+01  6.450000E+01  7.014844E+01  7.650000E+01  8.327344E+01  8.939453E+01  9.383203E+01  9.658203E+01  9.807715E+01  9.875781E+01
  2.622559E+00  2.616699E+00  2.664551E+00  2.745117E+00  2.902832E+00  3.190430E+00  3.771973E+00  4.923340E+00  7.227539E+00  1.165967E+01
  1.976367E+01  3.310620E+01  5.087915E+01  6.843726E+01  8.159155E+01  8.978934E+01  9.425111E+01  9.628146E+01  2.663086E+00  2.658203E+00
  2.710938E+00  2.796387E+00  2.935059E+00  3.246094E+00  3.836426E+00  5.000488E+00  7.354492E+00  1.185425E+01  2.009277E+01  3.353589E+01
  5.130017E+01  6.872925E+01  8.176202E+01  8.988382E+01  9.430394E+01  9.631543E+01  2.782227E+00  2.777832E+00  2.841309E+00  2.931641E+00
  3.082031E+00  3.417969E+00  4.037109E+00  5.283203E+00  7.770996E+00  1.252515E+01  2.111182E+01  3.485791E+01  5.256726E+01  6.960022E+01
  8.227063E+01  9.016510E+01  9.446149E+01  9.641661E+01  2.995117E+00  2.986328E+00  3.082520E+00  3.173340E+00  3.364258E+00  3.706055E+00
  4.399414E+00  5.802734E+00  8.556152E+00  1.375195E+01  2.295093E+01  3.717017E+01  5.468701E+01  7.102881E+01  8.310455E+01  9.062625E+01
  9.471976E+01  9.658274E+01  3.385254E+00  3.378418E+00  3.483398E+00  3.590332E+00  3.797852E+00  4.219238E+00  5.045898E+00  6.651855E+00
  9.854492E+00  1.576611E+01  2.587354E+01  4.062988E+01  5.765747E+01  7.298303E+01  8.424310E+01  9.125586E+01  9.507289E+01  9.680993E+01
  4.013672E+00  4.004395E+00  4.127441E+00  4.279785E+00  4.547363E+00  5.074219E+00  6.089355E+00  8.099609E+00  1.201221E+01  1.902539E+01
  3.032080E+01  4.540625E+01  6.144165E+01  7.541907E+01  8.566180E+01  9.204071E+01  9.551350E+01  9.709383E+01  5.101562E+00  5.091797E+00
  5.273438E+00  5.466797E+00  5.831055E+00  6.560547E+00  7.974609E+00  1.071289E+01  1.581641E+01  2.441455E+01  3.693994E+01  5.160449E+01
  6.596436E+01  7.829419E+01  8.733850E+01  9.296991E+01  9.603528E+01  9.743040E+01  7.252930E+00  7.245117E+00  7.543945E+00  7.861328E+00
  8.448242E+00  9.625000E+00  1.183691E+01  1.595312E+01  2.306445E+01  3.361914E+01  4.635547E+01  5.909863E+01  7.115625E+01  8.159790E+01
  8.926306E+01  9.403528E+01  9.663464E+01  9.781790E+01  1.333984E+01  1.331445E+01  1.396289E+01  1.458594E+01  1.583984E+01  1.815625E+01
  2.230078E+01  2.908594E+01  3.850586E+01  4.871680E+01  5.827930E+01  6.770703E+01  7.713672E+01  8.540527E+01  9.148340E+01  9.526685E+01
  9.732825E+01  9.826697E+01  4.951562E+01  4.953125E+01  5.023438E+01  5.082812E+01  5.179688E+01  5.306250E+01  5.465625E+01  5.687500E+01
  6.012500E+01  6.442188E+01  7.001562E+01  7.642188E+01  8.319531E+01  8.930078E+01  9.376758E+01  9.654297E+01  9.804883E+01  9.873389E+01
  4.777256E+00  4.650773E+00  5.015316E+00  5.204074E+00  5.713638E+00  6.626468E+00  8.067839E+00  1.109462E+01  1.598002E+01  2.379073E+01
  3.537862E+01  5.000887E+01  6.550920E+01  7.861255E+01  8.786703E+01  9.348537E+01  9.661156E+01  9.824598E+01  4.777256E+00  4.660960E+00
  5.002511E+00  5.168687E+00  5.713935E+00  6.529512E+00  7.963748E+00  1.080584E+01  1.563959E+01  2.327783E+01  3.481171E+01  4.916689E+01
  6.473797E+01  7.804884E+01  8.748499E+01  9.326658E+01  9.647448E+01  9.814270E+01  4.777256E+00  4.672668E+00  5.110337E+00  5.141814E+00
  5.718628E+00  6.432934E+00  7.967009E+00  1.078105E+01  1.540059E+01  2.309890E+01  3.447269E+01  4.886771E+01  6.441948E+01  7.782011E+01
  8.732946E+01  9.316785E+01  9.640905E+01  9.808131E+01  4.777256E+00  4.639329E+00  5.035429E+00  5.109514E+00  5.731122E+00  6.375232E+00
  7.920832E+00  1.067218E+01  1.531225E+01  2.293156E+01  3.431024E+01  4.869045E+01  6.421225E+01  7.766004E+01  8.721982E+01  9.310043E+01
  9.635430E+01  9.802245E+01  4.777256E+00  4.686864E+00  4.918776E+00  5.244597E+00  5.693040E+00  6.434276E+00  7.867069E+00  1.072362E+01
  1.525377E+01  2.279158E+01  3.406839E+01  4.848851E+01  6.400486E+01  7.751001E+01  8.711190E+01  9.303839E+01  9.630743E+01  9.797154E+01
  4.777256E+00  4.822919E+00  5.023490E+00  5.196942E+00  5.658171E+00  6.358339E+00  7.795734E+00  1.057784E+01  1.512485E+01  2.266562E+01
  3.397398E+01  4.820390E+01  6.378215E+01  7.732719E+01  8.700230E+01  9.295428E+01  9.625036E+01  9.791398E+01  4.777256E+00  4.667443E+00
  4.908254E+00  5.137079E+00  5.702000E+00  6.396528E+00  7.801133E+00  1.053343E+01  1.512198E+01  2.241685E+01  3.366624E+01  4.790196E+01
  6.353568E+01  7.710210E+01  8.685873E+01  9.286722E+01  9.618580E+01  9.785014E+01  4.777256E+00  4.664529E+00  4.934145E+00  5.146624E+00
  5.578763E+00  6.362016E+00  7.714598E+00  1.047168E+01  1.495765E+01  2.227130E+01  3.338956E+01  4.763246E+01  6.320211E+01  7.687306E+01
  8.670434E+01  9.276714E+01  9.611997E+01  9.778896E+01  4.777256E+00  4.573458E+00  5.075850E+00  5.063148E+00  5.557534E+00  6.196400E+00
  7.625211E+00  1.006225E+01  1.436698E+01  2.145227E+01  3.215525E+01  4.614780E+01  6.170810E+01  7.567557E+01  8.592764E+01  9.230894E+01
  9.585826E+01  9.761932E+01  4.777256E+00  4.699324E+00  4.876413E+00  5.117602E+00  5.534104E+00  6.266968E+00  7.556230E+00  9.975494E+00
  1.413231E+01  2.116427E+01  3.172502E+01  4.560360E+01  6.120439E+01  7.526979E+01  8.564321E+01  9.212843E+01  9.574849E+01  9.753605E+01
  4.777256E+00  4.578247E+00  4.889453E+00  5.063350E+00  5.464653E+00  6.150007E+00  7.456503E+00  9.675151E+00  1.397919E+01  2.075387E+01
  3.120536E+01  4.497044E+01  6.063017E+01  7.479452E+01  8.532755E+01  9.195112E+01  9.562281E+01  9.744510E+01  4.777256E+00  4.763189E+00
  4.902752E+00  5.117380E+00  5.584710E+00  6.122917E+00  7.484820E+00  9.606979E+00  1.387088E+01  2.063778E+01  3.108545E+01  4.479605E+01
  6.040418E+01  7.459481E+01  8.520728E+01  9.186354E+01  9.556709E+01  9.739086E+01  4.777256E+00  4.570529E+00  4.936756E+00  5.090927E+00
  5.489589E+00  6.199564E+00  7.459385E+00  9.672172E+00  1.396233E+01  2.077951E+01  3.116250E+01  4.495193E+01  6.060131E+01  7.476926E+01
  8.530488E+01  9.192085E+01  9.558618E+01  9.737715E+01  4.777256E+00  4.705908E+00  4.905816E+00  5.122737E+00  5.499304E+00  6.198604E+00
  7.498074E+00  9.748918E+00  1.398031E+01  2.093991E+01  3.133183E+01  4.520011E+01  6.081902E+01  7.491734E+01  8.540145E+01  9.198376E+01
  9.560189E+01  9.735732E+01  4.777256E+00  4.606927E+00  4.851315E+00  5.089591E+00  5.481711E+00  6.213359E+00  7.532541E+00  9.880571E+00
  1.409849E+01  2.103642E+01  3.148230E+01  4.539741E+01  6.098907E+01  7.509078E+01  8.551013E+01  9.202122E+01  9.561574E+01  9.734126E+01
  4.777256E+00  4.614696E+00  4.873937E+00  5.105150E+00  5.467045E+00  6.214715E+00  7.614024E+00  9.954808E+00  1.413107E+01  2.114731E+01
  3.167995E+01  4.560678E+01  6.116907E+01  7.523813E+01  8.560857E+01  9.207526E+01  9.563110E+01  9.732439E+01  4.777256E+00  4.638494E+00
  4.907431E+00  5.120099E+00  5.556103E+00  6.228400E+00  7.613554E+00  9.985454E+00  1.417474E+01  2.120977E+01  3.191280E+01  4.575649E+01
  6.134311E+01  7.538386E+01  8.570405E+01  9.212514E+01  9.564088E+01  9.730474E+01  4.777256E+00  4.600529E+00  4.882944E+00  5.108325E+00
  5.490030E+00  6.218868E+00  7.594649E+00  9.969123E+00  1.425283E+01  2.129960E+01  3.200875E+01  4.594382E+01  6.149697E+01  7.550272E+01
  8.578301E+01  9.216576E+01  9.565104E+01  9.728540E+01  4.777256E+00  4.721824E+00  4.917489E+00  5.137138E+00  5.478335E+00  6.209256E+00
  7.638447E+00  1.000734E+01  1.436319E+01  2.142747E+01  3.211690E+01  4.617328E+01  6.168737E+01  7.565279E+01  8.587550E+01  9.221267E+01
  9.566171E+01  9.726121E+01  4.777256E+00  4.580123E+00  4.867930E+00  5.091552E+00  5.544898E+00  6.219001E+00  7.621932E+00  1.001361E+01
  1.434925E+01  2.138316E+01  3.203405E+01  4.607039E+01  6.159650E+01  7.558054E+01  8.582247E+01  9.217819E+01  9.562874E+01  9.721902E+01
  4.777256E+00  4.705123E+00  4.908879E+00  5.093814E+00  5.491512E+00  6.199725E+00  7.569011E+00  1.003617E+01  1.413677E+01  2.127340E+01
  3.192224E+01  4.582824E+01  6.138748E+01  7.540418E+01  8.570184E+01  9.209887E+01  9.556927E+01  9.716360E+01  4.777256E+00  4.642320E+00
  4.889393E+00  5.085726E+00  5.524814E+00  6.217967E+00  7.638350E+00  9.989570E+00  1.410653E+01  2.113050E+01  3.171888E+01  4.556827E+01
  6.118341E+01  7.523446E+01  8.557829E+01  9.201910E+01  9.551373E+01  9.711093E+01  4.777256E+00  4.747153E+00  4.901323E+00  5.079928E+00
  5.559480E+00  6.254654E+00  7.519292E+00  9.808062E+00  1.409816E+01  2.098829E+01  3.144447E+01  4.535622E+01  6.097495E+01  7.504649E+01
  8.545018E+01  9.193713E+01  9.545317E+01  9.705567E+01
