  6.308140E-01
          18 10.0000000
 -2.000000E+01 -1.000000E+01 -2.107210E+00 -1.806180E+00 -1.505150E+00 -1.204120E+00 -9.030900E-01 -6.020600E-01 -3.010300E-01  0.000000E+00
  3.010300E-01  6.020600E-01  9.030900E-01  1.204120E+00  1.505150E+00  1.806180E+00  2.107210E+00  2.408240E+00
          10 10.0000000
  0.000000E+00  1.000000E+01  2.000000E+01  3.000000E+01  4.000000E+01  5.000000E+01  6.000000E+01  7.000000E+01  8.000000E+01  8.900000E+01
          23  4.0000000
  4.000000E+00  8.000000E+00  1.200000E+01  1.600000E+01  2.000000E+01  2.400000E+01  2.800000E+01  3.200000E+01  3.600000E+01  4.000000E+01
  4.400000E+01  4.800000E+01  5.200000E+01  5.600000E+01  6.000000E+01  6.400000E+01  6.800000E+01  7.200000E+01  7.600000E+01  8.000000E+01
  8.400000E+01  8.800000E+01  9.200000E+01
  2.701549E+00  2.688211E+00  2.774054E+00  2.853879E+00  3.008575E+00  3.330110E+00  3.992776E+00  5.327465E+00  7.931977E+00  1.308659E+01
  2.254928E+01  3.766917E+01  5.629102E+01  7.289750E+01  8.463065E+01  9.175360E+01  9.570467E+01  9.777809E+01  2.742938E+00  2.726605E+00
  2.815853E+00  2.899836E+00  3.059371E+00  3.381902E+00  4.064483E+00  5.430132E+00  8.088193E+00  1.334612E+01  2.294067E+01  3.814466E+01
  5.668839E+01  7.315040E+01  8.477403E+01  9.183063E+01  9.574466E+01  9.779883E+01  2.870083E+00  2.853189E+00  2.949621E+00  3.037930E+00
  3.209926E+00  3.564177E+00  4.293026E+00  5.754155E+00  8.595210E+00  1.416040E+01  2.415692E+01  3.958621E+01  5.787796E+01  7.390218E+01
  8.520058E+01  9.205954E+01  9.586383E+01  9.786045E+01  3.111375E+00  3.092568E+00  3.201027E+00  3.298532E+00  3.489705E+00  3.893404E+00
  4.716987E+00  6.366851E+00  9.538518E+00  1.566469E+01  2.634273E+01  4.205569E+01  5.984414E+01  7.513432E+01  8.589960E+01  9.243446E+01
  9.605914E+01  9.796150E+01  3.502241E+00  3.481752E+00  3.611175E+00  3.729039E+00  3.966278E+00  4.440732E+00  5.431463E+00  7.388659E+00
  1.113313E+01  1.814542E+01  2.975480E+01  4.562998E+01  6.254775E+01  7.681731E+01  8.685446E+01  9.294698E+01  9.632587E+01  9.809948E+01
  4.142275E+00  4.117242E+00  4.285568E+00  4.439492E+00  4.752264E+00  5.371441E+00  6.644076E+00  9.143792E+00  1.381323E+01  2.212696E+01
  3.475182E+01  5.034438E+01  6.593760E+01  7.891725E+01  8.804584E+01  9.358613E+01  9.665867E+01  9.827164E+01  5.259013E+00  5.227860E+00
  5.477119E+00  5.705722E+00  6.155221E+00  7.059218E+00  8.873927E+00  1.234030E+01  1.851150E+01  2.850192E+01  4.173556E+01  5.616657E+01
  6.996344E+01  8.140674E+01  8.945802E+01  9.434386E+01  9.705313E+01  9.847583E+01  7.507230E+00  7.466797E+00  7.887805E+00  8.292890E+00
  9.059861E+00  1.057302E+01  1.351904E+01  1.878822E+01  2.716716E+01  3.852601E+01  5.081291E+01  6.298415E+01  7.461527E+01  8.428290E+01
  9.108900E+01  9.521885E+01  9.750893E+01  9.871158E+01  1.375599E+01  1.367059E+01  1.462487E+01  1.548251E+01  1.715065E+01  2.023250E+01
  2.562131E+01  3.366368E+01  4.329081E+01  5.269587E+01  6.155703E+01  7.085229E+01  7.999214E+01  8.760644E+01  9.297526E+01  9.623086E+01
  9.803593E+01  9.898427E+01  5.006688E+01  4.988800E+01  5.085404E+01  5.154046E+01  5.248305E+01  5.380338E+01  5.573534E+01  5.826264E+01
  6.171618E+01  6.641008E+01  7.211430E+01  7.868730E+01  8.532307E+01  9.087189E+01  9.483674E+01  9.722566E+01  9.855397E+01  9.925307E+01
  2.701549E+00  2.685569E+00  2.772117E+00  2.851544E+00  3.002780E+00  3.321439E+00  3.969971E+00  5.263970E+00  7.833133E+00  1.284277E+01
  2.210857E+01  3.686155E+01  5.537755E+01  7.219624E+01  8.416673E+01  9.148207E+01  9.553782E+01  9.765121E+01  2.742938E+00  2.724615E+00
  2.813873E+00  2.896493E+00  3.055631E+00  3.373923E+00  4.041112E+00  5.365202E+00  7.986974E+00  1.309276E+01  2.248751E+01  3.732974E+01
  5.578112E+01  7.245488E+01  8.431425E+01  9.156155E+01  9.557941E+01  9.767307E+01  2.870083E+00  2.851481E+00  2.948161E+00  3.033787E+00
  3.204475E+00  3.554257E+00  4.264866E+00  5.681232E+00  8.481096E+00  1.388059E+01  2.366821E+01  3.875708E+01  5.698813E+01  7.322561E+01
  8.475356E+01  9.179785E+01  9.570309E+01  9.773811E+01  3.111375E+00  3.089583E+00  3.198484E+00  3.294485E+00  3.483939E+00  3.877598E+00
  4.680154E+00  6.274672E+00  9.393538E+00  1.533515E+01  2.579637E+01  4.121300E+01  5.898510E+01  7.448885E+01  8.547311E+01  9.218526E+01
  9.590578E+01  9.784470E+01  3.502241E+00  3.480748E+00  3.607835E+00  3.723858E+00  3.956257E+00  4.420423E+00  5.378833E+00  7.265529E+00
  1.092733E+01  1.772681E+01  2.913216E+01  4.478175E+01  6.173810E+01  7.621513E+01  8.645624E+01  9.271454E+01  9.618277E+01  9.799030E+01
  4.142275E+00  4.114318E+00  4.280145E+00  4.431619E+00  4.736008E+00  5.336192E+00  6.564179E+00  8.961002E+00  1.351680E+01  2.157829E+01
  3.404942E+01  4.952540E+01  6.519342E+01  7.836834E+01  8.768237E+01  9.337428E+01  9.652819E+01  9.817196E+01  5.259013E+00  5.227999E+00
  5.467142E+00  5.687884E+00  6.125041E+00  6.993295E+00  8.734234E+00  1.204933E+01  1.805387E+01  2.779637E+01  4.100182E+01  5.542110E+01
  6.929945E+01  8.091901E+01  8.913515E+01  9.415628E+01  9.693753E+01  9.838732E+01  7.507230E+00  7.462278E+00  7.864407E+00  8.253060E+00
  8.990982E+00  1.042396E+01  1.323981E+01  1.828223E+01  2.648157E+01  3.771193E+01  5.016362E+01  6.234514E+01  7.403741E+01  8.386190E+01
  9.081171E+01  9.505852E+01  9.740987E+01  9.863579E+01  1.375599E+01  1.366924E+01  1.457075E+01  1.537783E+01  1.696984E+01  1.989898E+01
  2.506682E+01  3.288412E+01  4.254803E+01  5.206606E+01  6.108012E+01  7.032582E+01  7.951498E+01  8.726325E+01  9.274870E+01  9.610114E+01
  9.795577E+01  9.892326E+01  5.006688E+01  4.990781E+01  5.082579E+01  5.147543E+01  5.244391E+01  5.369651E+01  5.558435E+01  5.799691E+01
  6.142707E+01  6.602906E+01  7.181169E+01  7.831911E+01  8.498246E+01  9.064040E+01  9.466921E+01  9.712923E+01  9.849696E+01  9.920811E+01
  2.701549E+00  2.693619E+00  2.771807E+00  2.851434E+00  3.001849E+00  3.318320E+00  3.956358E+00  5.233628E+00  7.798238E+00  1.274932E+01
  2.187874E+01  3.656601E+01  5.499195E+01  7.190228E+01  8.396331E+01  9.135635E+01  9.545308E+01  9.757234E+01  2.742938E+00  2.733595E+00
  2.814150E+00  2.896296E+00  3.054491E+00  3.371703E+00  4.028112E+00  5.334408E+00  7.950142E+00  1.299648E+01  2.225267E+01  3.703143E+01
  5.539742E+01  7.216400E+01  8.411258E+01  9.143690E+01  9.549544E+01  9.759492E+01  2.870083E+00  2.859283E+00  2.947268E+00  3.033483E+00
  3.203838E+00  3.551315E+00  4.249445E+00  5.646942E+00  8.435958E+00  1.377290E+01  2.341901E+01  3.845234E+01  5.661183E+01  7.294312E+01
  8.455738E+01  9.167670E+01  9.562145E+01  9.766212E+01  3.111375E+00  3.099893E+00  3.197257E+00  3.292691E+00  3.481169E+00  3.874660E+00
  4.659157E+00  6.232584E+00  9.337665E+00  1.520760E+01  2.552355E+01  4.090126E+01  5.862038E+01  7.421954E+01  8.528570E+01  9.206948E+01
  9.582793E+01  9.777223E+01  3.502241E+00  3.491577E+00  3.606282E+00  3.722352E+00  3.953804E+00  4.415426E+00  5.354891E+00  7.211045E+00
  1.085101E+01  1.756791E+01  2.882439E+01  4.446818E+01  6.139379E+01  7.596451E+01  8.628103E+01  9.260625E+01  9.611005E+01  9.792270E+01
  4.142275E+00  4.126245E+00  4.278766E+00  4.429033E+00  4.730914E+00  5.325536E+00  6.527906E+00  8.885462E+00  1.340232E+01  2.136962E+01
  3.371347E+01  4.922338E+01  6.487577E+01  7.814014E+01  8.752238E+01  9.327557E+01  9.646186E+01  9.811039E+01  5.259013E+00  5.239120E+00
  5.464653E+00  5.683338E+00  6.112872E+00  6.971422E+00  8.674012E+00  1.192893E+01  1.788163E+01  2.752090E+01  4.064768E+01  5.515314E+01
  6.901556E+01  8.071677E+01  8.899239E+01  9.406847E+01  9.687884E+01  9.833287E+01  7.507230E+00  7.483233E+00  7.856256E+00  8.241351E+00
  8.964396E+00  1.036864E+01  1.312210E+01  1.807708E+01  2.621410E+01  3.739930E+01  4.985032E+01  6.211974E+01  7.378957E+01  8.368841E+01
  9.068822E+01  9.498296E+01  9.735989E+01  9.858954E+01  1.375599E+01  1.370929E+01  1.454796E+01  1.533330E+01  1.690473E+01  1.977929E+01
  2.482527E+01  3.254693E+01  4.225833E+01  5.183307E+01  6.084692E+01  7.014848E+01  7.930602E+01  8.712378E+01  9.264825E+01  9.604017E+01
  9.791595E+01  9.888651E+01  5.006688E+01  4.999461E+01  5.080766E+01  5.146997E+01  5.243063E+01  5.367153E+01  5.549589E+01  5.786612E+01
  6.134420E+01  6.592850E+01  7.165993E+01  7.819331E+01  8.482607E+01  9.054221E+01  9.459154E+01  9.709036E+01  9.846975E+01  9.918321E+01
  2.701549E+00  2.694583E+00  2.771645E+00  2.849568E+00  3.001373E+00  3.315591E+00  3.946893E+00  5.225130E+00  7.744019E+00  1.267388E+01
  2.174055E+01  3.634405E+01  5.476047E+01  7.172437E+01  8.381889E+01  9.126315E+01  9.538790E+01  9.750536E+01  2.742938E+00  2.734998E+00
  2.813370E+00  2.894269E+00  3.052811E+00  3.368852E+00  4.017681E+00  5.325008E+00  7.896823E+00  1.291776E+01  2.211004E+01  3.680729E+01
  5.516880E+01  7.198768E+01  8.396928E+01  9.134441E+01  9.543082E+01  9.752854E+01  2.870083E+00  2.863935E+00  2.946285E+00  3.031610E+00
  3.202552E+00  3.547695E+00  4.238607E+00  5.635606E+00  8.376566E+00  1.368705E+01  2.326611E+01  3.822439E+01  5.638842E+01  7.277289E+01
  8.441796E+01  9.158665E+01  9.555859E+01  9.759752E+01  3.111375E+00  3.103496E+00  3.196497E+00  3.291627E+00  3.478487E+00  3.869835E+00
  4.645770E+00  6.214679E+00  9.269717E+00  1.510556E+01  2.535235E+01  4.066545E+01  5.840660E+01  7.405835E+01  8.515287E+01  9.198348E+01
  9.576792E+01  9.771059E+01  3.502241E+00  3.494835E+00  3.603997E+00  3.720259E+00  3.948843E+00  4.410005E+00  5.334554E+00  7.188982E+00
  1.076876E+01  1.744160E+01  2.863064E+01  4.423180E+01  6.119361E+01  7.581650E+01  8.615643E+01  9.252560E+01  9.605397E+01  9.786507E+01
  4.142275E+00  4.132428E+00  4.277032E+00  4.425382E+00  4.724666E+00  5.315427E+00  6.500517E+00  8.851221E+00  1.329176E+01  2.120544E+01
  3.349310E+01  4.899317E+01  6.469762E+01  7.800766E+01  8.740835E+01  9.320169E+01  9.641068E+01  9.805779E+01  5.259013E+00  5.249343E+00
  5.460076E+00  5.677968E+00  6.102748E+00  6.949356E+00  8.629865E+00  1.186407E+01  1.771763E+01  2.730865E+01  4.041363E+01  5.494702E+01
  6.886253E+01  8.060251E+01  8.889085E+01  9.400252E+01  9.683336E+01  9.828619E+01  7.507230E+00  7.492830E+00  7.849929E+00  8.229086E+00
  8.946302E+00  1.033001E+01  1.303852E+01  1.795461E+01  2.598514E+01  3.714904E+01  4.964015E+01  6.194905E+01  7.366546E+01  8.359455E+01
  9.060043E+01  9.492615E+01  9.732087E+01  9.854983E+01  1.375599E+01  1.372692E+01  1.453501E+01  1.529967E+01  1.685665E+01  1.969377E+01
  2.466130E+01  3.235979E+01  4.199208E+01  5.163162E+01  6.068658E+01  7.001608E+01  7.920805E+01  8.705009E+01  9.257683E+01  9.599319E+01
  9.788435E+01  9.885477E+01  5.006688E+01  5.004852E+01  5.076567E+01  5.146040E+01  5.240127E+01  5.363277E+01  5.538467E+01  5.786514E+01
  6.124725E+01  6.578085E+01  7.158548E+01  7.810863E+01  8.474753E+01  9.049017E+01  9.454007E+01  9.705445E+01  9.844659E+01  9.915993E+01
  2.701549E+00  2.688283E+00  2.770154E+00  2.848404E+00  3.000988E+00  3.314482E+00  3.942434E+00  5.216567E+00  7.724123E+00  1.260603E+01
  2.162632E+01  3.615358E+01  5.454189E+01  7.150658E+01  8.370642E+01  9.119080E+01  9.532574E+01  9.743628E+01  2.742938E+00  2.729108E+00
  2.811488E+00  2.891899E+00  3.052966E+00  3.367645E+00  4.013618E+00  5.316151E+00  7.873241E+00  1.284895E+01  2.199247E+01  3.661432E+01
  5.495135E+01  7.177180E+01  8.385806E+01  9.127292E+01  9.536916E+01  9.746008E+01  2.870083E+00  2.851695E+00  2.945788E+00  3.030007E+00
  3.202634E+00  3.547254E+00  4.234000E+00  5.625879E+00  8.350287E+00  1.360983E+01  2.314177E+01  3.802649E+01  5.617466E+01  7.256169E+01
  8.430940E+01  9.151710E+01  9.549847E+01  9.753086E+01  3.111375E+00  3.093740E+00  3.195454E+00  3.288748E+00  3.477952E+00  3.868678E+00
  4.640239E+00  6.202393E+00  9.238282E+00  1.501760E+01  2.521432E+01  4.046413E+01  5.819925E+01  7.385435E+01  8.505019E+01  9.191728E+01
  9.571041E+01  9.764690E+01  3.502241E+00  3.485092E+00  3.603583E+00  3.717824E+00  3.948271E+00  4.406596E+00  5.325015E+00  7.170899E+00
  1.072430E+01  1.733309E+01  2.847476E+01  4.402552E+01  6.099763E+01  7.562324E+01  8.606120E+01  9.246422E+01  9.599995E+01  9.780547E+01
  4.142275E+00  4.117098E+00  4.275003E+00  4.420876E+00  4.723057E+00  5.310669E+00  6.484752E+00  8.820436E+00  1.322636E+01  2.106857E+01
  3.331951E+01  4.879060E+01  6.451682E+01  7.782795E+01  8.732188E+01  9.314597E+01  9.636116E+01  9.800330E+01  5.259013E+00  5.232458E+00
  5.456895E+00  5.671443E+00  6.098028E+00  6.936424E+00  8.600271E+00  1.180906E+01  1.761820E+01  2.713198E+01  4.023147E+01  5.475951E+01
  6.870123E+01  8.043813E+01  8.881465E+01  9.395332E+01  9.678902E+01  9.823782E+01  7.507230E+00  7.466515E+00  7.842807E+00  8.219110E+00
  8.932862E+00  1.030465E+01  1.298023E+01  1.785160E+01  2.582876E+01  3.694437E+01  4.947549E+01  6.178553E+01  7.352354E+01  8.344730E+01
  9.053534E+01  9.488416E+01  9.728249E+01  9.850843E+01  1.375599E+01  1.368559E+01  1.452251E+01  1.527250E+01  1.682273E+01  1.961841E+01
  2.454104E+01  3.219545E+01  4.182126E+01  5.147021E+01  6.057545E+01  6.987712E+01  7.909155E+01  8.692559E+01  9.252441E+01  9.595981E+01
  9.785319E+01  9.882154E+01  5.006688E+01  4.990977E+01  5.076183E+01  5.143713E+01  5.236127E+01  5.360433E+01  5.536027E+01  5.780415E+01
  6.122152E+01  6.567848E+01  7.149179E+01  7.799455E+01  8.465096E+01  9.040046E+01  9.450310E+01  9.703049E+01  9.842358E+01  9.913676E+01
  2.701549E+00  2.691314E+00  2.770501E+00  2.848369E+00  2.996669E+00  3.309598E+00  3.938280E+00  5.202374E+00  7.690247E+00  1.253333E+01
  2.147754E+01  3.590923E+01  5.426631E+01  7.128896E+01  8.356187E+01  9.108578E+01  9.525890E+01  9.736556E+01  2.742938E+00  2.732275E+00
  2.812840E+00  2.890837E+00  3.049454E+00  3.361769E+00  4.008342E+00  5.297386E+00  7.839546E+00  1.277195E+01  2.184239E+01  3.636860E+01
  5.467700E+01  7.155625E+01  8.371507E+01  9.116871E+01  9.530300E+01  9.738998E+01  2.870083E+00  2.858110E+00  2.946011E+00  3.029144E+00
  3.197154E+00  3.540595E+00  4.226322E+00  5.607610E+00  8.311742E+00  1.352613E+01  2.298179E+01  3.777275E+01  5.590430E+01  7.235195E+01
  8.417009E+01  9.141548E+01  9.543411E+01  9.746267E+01  3.111375E+00  3.099203E+00  3.195773E+00  3.288148E+00  3.473655E+00  3.862486E+00
  4.631679E+00  6.179570E+00  9.191630E+00  1.491918E+01  2.503710E+01  4.020343E+01  5.793830E+01  7.365454E+01  8.491772E+01  9.181989E+01
  9.564909E+01  9.758184E+01  3.502241E+00  3.489448E+00  3.603232E+00  3.716813E+00  3.943010E+00  4.397291E+00  5.312268E+00  7.141008E+00
  1.066407E+01  1.721103E+01  2.826929E+01  4.376030E+01  6.075008E+01  7.543697E+01  8.593791E+01  9.237242E+01  9.594278E+01  9.774464E+01
  4.142275E+00  4.125659E+00  4.275487E+00  4.419628E+00  4.714996E+00  5.296829E+00  6.465739E+00  8.770389E+00  1.313776E+01  2.090945E+01
  3.308348E+01  4.852932E+01  6.428845E+01  7.765795E+01  8.720978E+01  9.306124E+01  9.630910E+01  9.794780E+01  5.259013E+00  5.240301E+00
  5.457442E+00  5.668657E+00  6.084860E+00  6.913606E+00  8.566154E+00  1.173412E+01  1.748028E+01  2.692516E+01  3.997791E+01  5.452040E+01
  6.849702E+01  8.028799E+01  8.871574E+01  9.387724E+01  9.674297E+01  9.818864E+01  7.507230E+00  7.479846E+00  7.842137E+00  8.211580E+00
  8.904632E+00  1.025694E+01  1.291016E+01  1.771428E+01  2.562220E+01  3.669778E+01  4.923652E+01  6.157833E+01  7.334567E+01  8.331805E+01
  9.045066E+01  9.481775E+01  9.724340E+01  9.846647E+01  1.375599E+01  1.370746E+01  1.451449E+01  1.525392E+01  1.675501E+01  1.951385E+01
  2.439287E+01  3.197281E+01  4.157903E+01  5.128430E+01  6.039987E+01  6.970348E+01  7.894345E+01  8.681917E+01  9.245478E+01  9.590428E+01
  9.782171E+01  9.878797E+01  5.006688E+01  4.999950E+01  5.074533E+01  5.142290E+01  5.235540E+01  5.357284E+01  5.531519E+01  5.778574E+01
  6.114285E+01  6.561337E+01  7.136689E+01  7.785487E+01  8.453366E+01  9.032276E+01  9.445453E+01  9.699151E+01  9.840096E+01  9.911215E+01
  2.701549E+00  2.689811E+00  2.771920E+00  2.845741E+00  2.995105E+00  3.304265E+00  3.927134E+00  5.183770E+00  7.652938E+00  1.245313E+01
  2.130818E+01  3.562327E+01  5.393147E+01  7.101663E+01  8.337631E+01  9.097378E+01  9.517856E+01  9.729084E+01  2.742938E+00  2.729611E+00
  2.813540E+00  2.888985E+00  3.047302E+00  3.356366E+00  3.996419E+00  5.277434E+00  7.799070E+00  1.268798E+01  2.166796E+01  3.608000E+01
  5.434327E+01  7.128667E+01  8.353123E+01  9.105779E+01  9.522333E+01  9.731593E+01  2.870083E+00  2.856480E+00  2.947010E+00  3.027514E+00
  3.193556E+00  3.534423E+00  4.215412E+00  5.582613E+00  8.266246E+00  1.343373E+01  2.279455E+01  3.747644E+01  5.557676E+01  7.208944E+01
  8.399156E+01  9.130775E+01  9.535665E+01  9.739063E+01  3.111375E+00  3.095092E+00  3.196392E+00  3.286180E+00  3.470588E+00  3.853956E+00
  4.615075E+00  6.149825E+00  9.133175E+00  1.480887E+01  2.482547E+01  3.989640E+01  5.762086E+01  7.340474E+01  8.474724E+01  9.171744E+01
  9.557515E+01  9.751311E+01  3.502241E+00  3.486813E+00  3.603607E+00  3.713822E+00  3.937283E+00  4.386569E+00  5.291798E+00  7.099963E+00
  1.058728E+01  1.706813E+01  2.802717E+01  4.344555E+01  6.044975E+01  7.520335E+01  8.577866E+01  9.227696E+01  9.587367E+01  9.768046E+01
  4.142275E+00  4.117989E+00  4.275417E+00  4.414427E+00  4.708538E+00  5.281953E+00  6.433355E+00  8.712026E+00  1.302872E+01  2.071583E+01
  3.280188E+01  4.821934E+01  6.401257E+01  7.744552E+01  8.706429E+01  9.297462E+01  9.624590E+01  9.788927E+01  5.259013E+00  5.234257E+00
  5.456081E+00  5.659753E+00  6.071756E+00  6.887766E+00  8.511260E+00  1.163494E+01  1.731204E+01  2.666969E+01  3.967620E+01  5.423480E+01
  6.825235E+01  8.009961E+01  8.858669E+01  9.380079E+01  9.668698E+01  9.813685E+01  7.507230E+00  7.471044E+00  7.839660E+00  8.192511E+00
  8.879028E+00  1.020605E+01  1.281044E+01  1.753861E+01  2.536158E+01  3.638804E+01  4.895454E+01  6.133449E+01  7.313580E+01  8.315615E+01
  9.034016E+01  9.475285E+01  9.719531E+01  9.842230E+01  1.375599E+01  1.368471E+01  1.450305E+01  1.521330E+01  1.669056E+01  1.939025E+01
  2.419079E+01  3.169759E+01  4.128474E+01  5.102941E+01  6.018908E+01  6.950688E+01  7.877298E+01  8.668499E+01  9.236460E+01  9.585291E+01
  9.778310E+01  9.875272E+01  5.006688E+01  4.993568E+01  5.073819E+01  5.138131E+01  5.231388E+01  5.345918E+01  5.522055E+01  5.764452E+01
  6.106469E+01  6.550314E+01  7.119005E+01  7.770973E+01  8.442418E+01  9.022378E+01  9.439386E+01  9.695817E+01  9.837625E+01  9.908735E+01
  2.701549E+00  2.688177E+00  2.770818E+00  2.845727E+00  2.995301E+00  3.301666E+00  3.915832E+00  5.160579E+00  7.614318E+00  1.234410E+01
  2.112841E+01  3.533287E+01  5.359051E+01  7.071916E+01  8.316679E+01  9.085483E+01  9.509518E+01  9.721416E+01  2.742938E+00  2.728068E+00
  2.812631E+00  2.889317E+00  3.046888E+00  3.353796E+00  3.983796E+00  5.252192E+00  7.761187E+00  1.257625E+01  2.148528E+01  3.578643E+01
  5.400301E+01  7.099176E+01  8.332365E+01  9.093992E+01  9.514074E+01  9.723994E+01  2.870083E+00  2.854443E+00  2.945401E+00  3.028023E+00
  3.193989E+00  3.530404E+00  4.203917E+00  5.556185E+00  8.221431E+00  1.331095E+01  2.259689E+01  3.717598E+01  5.524276E+01  7.180248E+01
  8.378937E+01  9.119315E+01  9.527623E+01  9.731670E+01  3.111375E+00  3.096388E+00  3.195777E+00  3.285295E+00  3.470027E+00  3.849871E+00
  4.600104E+00  6.115829E+00  9.080063E+00  1.466596E+01  2.460803E+01  3.958517E+01  5.729813E+01  7.313057E+01  8.455348E+01  9.160806E+01
  9.549833E+01  9.744250E+01  3.502241E+00  3.484893E+00  3.601680E+00  3.713426E+00  3.934953E+00  4.379767E+00  5.270340E+00  7.055592E+00
  1.051327E+01  1.689709E+01  2.777736E+01  4.312512E+01  6.014658E+01  7.494656E+01  8.559710E+01  9.217487E+01  9.580180E+01  9.761446E+01
  4.142275E+00  4.119957E+00  4.272798E+00  4.413849E+00  4.703116E+00  5.269738E+00  6.401536E+00  8.646295E+00  1.292332E+01  2.049557E+01
  3.251876E+01  4.790433E+01  6.373608E+01  7.721056E+01  8.689758E+01  9.288157E+01  9.618028E+01  9.782903E+01  5.259013E+00  5.235142E+00
  5.451536E+00  5.656510E+00  6.065696E+00  6.866044E+00  8.457724E+00  1.153243E+01  1.714901E+01  2.638285E+01  3.937358E+01  5.394553E+01
  6.800770E+01  7.989024E+01  8.843724E+01  9.371814E+01  9.662850E+01  9.808335E+01  7.507230E+00  7.470344E+00  7.831102E+00  8.183084E+00
  8.856075E+00  1.016092E+01  1.269937E+01  1.736687E+01  2.510740E+01  3.604672E+01  4.867972E+01  6.108973E+01  7.292741E+01  8.297546E+01
  9.021075E+01  9.468195E+01  9.714502E+01  9.837657E+01  1.375599E+01  1.369147E+01  1.447631E+01  1.518090E+01  1.663315E+01  1.927245E+01
  2.398895E+01  3.140601E+01  4.098407E+01  5.074235E+01  6.000032E+01  6.930598E+01  7.860443E+01  8.653721E+01  9.225826E+01  9.579497E+01
  9.774212E+01  9.871585E+01  5.006688E+01  4.991167E+01  5.073509E+01  5.136668E+01  5.231689E+01  5.339338E+01  5.519598E+01  5.761304E+01
  6.102226E+01  6.535830E+01  7.106872E+01  7.756759E+01  8.431960E+01  9.012151E+01  9.430969E+01  9.691752E+01  9.834698E+01  9.905985E+01
  2.701549E+00  2.692017E+00  2.767689E+00  2.841325E+00  2.984348E+00  3.278533E+00  3.874666E+00  5.048095E+00  7.397299E+00  1.194217E+01
  2.028520E+01  3.386939E+01  5.179153E+01  6.925073E+01  8.220344E+01  9.026718E+01  9.476186E+01  9.700975E+01  2.742938E+00  2.733943E+00
  2.809952E+00  2.882908E+00  3.035419E+00  3.331391E+00  3.942094E+00  5.139222E+00  7.534874E+00  1.216107E+01  2.061969E+01  3.430700E+01
  5.220985E+01  6.953622E+01  8.236886E+01  9.035758E+01  9.481045E+01  9.703738E+01  2.870083E+00  2.860767E+00  2.941455E+00  3.020568E+00
  3.179989E+00  3.503278E+00  4.152794E+00  5.429892E+00  7.973858E+00  1.284706E+01  2.166965E+01  3.565195E+01  5.346882E+01  7.038518E+01
  8.286208E+01  9.062659E+01  9.495497E+01  9.711958E+01  3.111375E+00  3.100676E+00  3.191961E+00  3.278995E+00  3.454545E+00  3.814319E+00
  4.536653E+00  5.964200E+00  8.777563E+00  1.411693E+01  2.356876E+01  3.799968E+01  5.556944E+01  7.177934E+01  8.367011E+01  9.106768E+01
  9.519185E+01  9.725441E+01  3.502241E+00  3.491900E+00  3.595447E+00  3.703299E+00  3.912311E+00  4.337956E+00  5.185658E+00  6.854883E+00
  1.012425E+01  1.620416E+01  2.657552E+01  4.148934E+01  5.849757E+01  7.368518E+01  8.477329E+01  9.167014E+01  9.551553E+01  9.743864E+01
  4.142275E+00  4.129762E+00  4.262728E+00  4.395025E+00  4.665123E+00  5.202214E+00  6.269267E+00  8.362997E+00  1.236805E+01  1.958147E+01
  3.112256E+01  4.627330E+01  6.221427E+01  7.606021E+01  8.614750E+01  9.242073E+01  9.591900E+01  9.766842E+01  5.259013E+00  5.243666E+00
  5.436631E+00  5.623986E+00  5.999616E+00  6.747290E+00  8.225495E+00  1.106135E+01  1.630838E+01  2.514413E+01  3.782862E+01  5.242170E+01
  6.664751E+01  7.886786E+01  8.777224E+01  9.330862E+01  9.639637E+01  9.794051E+01  7.507230E+00  7.486408E+00  7.797806E+00  8.114785E+00
  8.724343E+00  9.923479E+00  1.224441E+01  1.652080E+01  2.381024E+01  3.450960E+01  4.721819E+01  5.979775E+01  7.174294E+01  8.209332E+01
  8.963942E+01  9.432878E+01  9.694529E+01  9.825365E+01  1.375599E+01  1.371631E+01  1.439325E+01  1.503344E+01  1.632791E+01  1.871815E+01
  2.303555E+01  3.000215E+01  3.940545E+01  4.948125E+01  5.893221E+01  6.826470E+01  7.761543E+01  8.581357E+01  9.179197E+01  9.550641E+01
  9.757910E+01  9.861556E+01  5.006688E+01  4.999603E+01  5.063366E+01  5.123734E+01  5.204521E+01  5.319992E+01  5.489626E+01  5.720717E+01
  6.041232E+01  6.476211E+01  7.045048E+01  7.678678E+01  8.360630E+01  8.960448E+01  9.397823E+01  9.671011E+01  9.823152E+01  9.898647E+01
  2.701549E+00  2.691330E+00  2.766384E+00  2.839944E+00  2.982240E+00  3.272249E+00  3.861815E+00  5.015267E+00  7.313910E+00  1.182075E+01
  2.000220E+01  3.337743E+01  5.118631E+01  6.871044E+01  8.184085E+01  9.004726E+01  9.462466E+01  9.690097E+01  2.742938E+00  2.730785E+00
  2.807971E+00  2.880510E+00  3.032504E+00  3.325637E+00  3.927921E+00  5.103527E+00  7.449308E+00  1.203427E+01  2.033045E+01  3.380851E+01
  5.160636E+01  6.899930E+01  8.200980E+01  9.013931E+01  9.467443E+01  9.692957E+01  2.870083E+00  2.859666E+00  2.939736E+00  3.018893E+00
  3.176777E+00  3.494665E+00  4.136787E+00  5.392154E+00  7.875867E+00  1.270637E+01  2.135771E+01  3.513832E+01  5.287100E+01  6.986343E+01
  8.251239E+01  9.041467E+01  9.482269E+01  9.701473E+01  3.111375E+00  3.098834E+00  3.189003E+00  3.276317E+00  3.449953E+00  3.804668E+00
  4.518000E+00  5.914632E+00  8.662560E+00  1.394701E+01  2.321756E+01  3.746085E+01  5.498464E+01  7.128043E+01  8.333653E+01  9.086560E+01
  9.506570E+01  9.715431E+01  3.502241E+00  3.491688E+00  3.594032E+00  3.700243E+00  3.905321E+00  4.326014E+00  5.159808E+00  6.791505E+00
  9.979731E+00  1.599210E+01  2.616973E+01  4.092698E+01  5.793734E+01  7.321869E+01  8.446141E+01  9.148113E+01  9.539768E+01  9.734510E+01
  4.142275E+00  4.126884E+00  4.258820E+00  4.389919E+00  4.655630E+00  5.184025E+00  6.230806E+00  8.267385E+00  1.217154E+01  1.929370E+01
  3.064531E+01  4.570522E+01  6.169697E+01  7.563377E+01  8.586249E+01  9.224818E+01  9.581155E+01  9.758310E+01  5.259013E+00  5.240040E+00
  5.429871E+00  5.614526E+00  5.981013E+00  6.711637E+00  8.153681E+00  1.090948E+01  1.601188E+01  2.474562E+01  3.729057E+01  5.188387E+01
  6.618665E+01  7.848598E+01  8.751820E+01  9.315498E+01  9.630103E+01  9.786484E+01  7.507230E+00  7.482159E+00  7.785042E+00  8.090627E+00
  8.681837E+00  9.847724E+00  1.210264E+01  1.625213E+01  2.334919E+01  3.400743E+01  4.669874E+01  5.933691E+01  7.134559E+01  8.176439E+01
  8.942023E+01  9.419677E+01  9.686368E+01  9.818870E+01  1.375599E+01  1.370568E+01  1.436504E+01  1.497988E+01  1.623092E+01  1.854395E+01
  2.273766E+01  2.952455E+01  3.882299E+01  4.906552E+01  5.855482E+01  6.789660E+01  7.728250E+01  8.554056E+01  9.161260E+01  9.539824E+01
  9.751340E+01  9.856310E+01  5.006688E+01  4.997676E+01  5.060658E+01  5.116815E+01  5.201698E+01  5.319468E+01  5.485943E+01  5.700655E+01
  6.021716E+01  6.460983E+01  7.020567E+01  7.656909E+01  8.337805E+01  8.940749E+01  9.385503E+01  9.663326E+01  9.818160E+01  9.894910E+01
  2.701549E+00  2.696611E+00  2.767002E+00  2.839519E+00  2.978981E+00  3.260789E+00  3.843529E+00  4.980278E+00  7.243869E+00  1.163351E+01
  1.963497E+01  3.285072E+01  5.052684E+01  6.815644E+01  8.143275E+01  8.981222E+01  9.447534E+01  9.679031E+01  2.742938E+00  2.737266E+00
  2.808296E+00  2.880328E+00  3.028299E+00  3.315308E+00  3.910009E+00  5.067960E+00  7.377337E+00  1.184072E+01  1.995562E+01  3.327700E+01
  5.094897E+01  6.845164E+01  8.160508E+01  8.990693E+01  9.452647E+01  9.681987E+01  2.870083E+00  2.863336E+00  2.940722E+00  3.018666E+00
  3.170851E+00  3.481815E+00  4.114918E+00  5.350032E+00  7.797346E+00  1.250132E+01  2.095848E+01  3.458848E+01  5.221818E+01  6.933028E+01
  8.211878E+01  9.018860E+01  9.467872E+01  9.690794E+01  3.111375E+00  3.104299E+00  3.189389E+00  3.275419E+00  3.444275E+00  3.789518E+00
  4.493687E+00  5.865787E+00  8.566719E+00  1.371037E+01  2.277650E+01  3.688493E+01  5.434715E+01  7.077205E+01  8.296024E+01  9.065032E+01
  9.492823E+01  9.705233E+01  3.502241E+00  3.496775E+00  3.594545E+00  3.699494E+00  3.898335E+00  4.307559E+00  5.126198E+00  6.726926E+00
  9.854415E+00  1.570039E+01  2.566760E+01  4.032535E+01  5.732902E+01  7.274468E+01  8.410940E+01  9.128062E+01  9.526915E+01  9.724969E+01
  4.142275E+00  4.133156E+00  4.257014E+00  4.386594E+00  4.646097E+00  5.154076E+00  6.183079E+00  8.172955E+00  1.199879E+01  1.892247E+01
  3.006508E+01  4.509482E+01  6.113511E+01  7.520326E+01  8.554046E+01  9.206592E+01  9.569406E+01  9.749582E+01  5.259013E+00  5.249220E+00
  5.427517E+00  5.607076E+00  5.961544E+00  6.668338E+00  8.069265E+00  1.075833E+01  1.574362E+01  2.425411E+01  3.663744E+01  5.130453E+01
  6.568885E+01  7.810521E+01  8.723062E+01  9.299382E+01  9.619640E+01  9.778715E+01  7.507230E+00  7.493586E+00  7.779689E+00  8.074573E+00
  8.640772E+00  9.757036E+00  1.194876E+01  1.597130E+01  2.293394E+01  3.338750E+01  4.605173E+01  5.884196E+01  7.092458E+01  8.143715E+01
  8.917085E+01  9.405890E+01  9.677324E+01  9.812192E+01  1.375599E+01  1.372903E+01  1.434269E+01  1.493894E+01  1.612564E+01  1.833317E+01
  2.240834E+01  2.905382E+01  3.828637E+01  4.851066E+01  5.805799E+01  6.749715E+01  7.694352E+01  8.527343E+01  9.140712E+01  9.528688E+01
  9.743885E+01  9.850887E+01  5.006688E+01  5.005481E+01  5.060789E+01  5.117753E+01  5.193718E+01  5.309034E+01  5.477551E+01  5.685749E+01
  6.008718E+01  6.435509E+01  6.985051E+01  7.627503E+01  8.312740E+01  8.920361E+01  9.370253E+01  9.655492E+01  9.812928E+01  9.890974E+01
  2.701549E+00  2.696013E+00  2.764893E+00  2.837132E+00  2.976120E+00  3.256105E+00  3.836451E+00  4.960487E+00  7.226648E+00  1.159482E+01
  1.953656E+01  3.260338E+01  5.025719E+01  6.790231E+01  8.127470E+01  8.970524E+01  9.440582E+01  9.672669E+01  2.742938E+00  2.735164E+00
  2.806118E+00  2.878815E+00  3.025670E+00  3.311640E+00  3.902277E+00  5.047785E+00  7.357675E+00  1.180232E+01  1.985507E+01  3.302669E+01
  5.067954E+01  6.819958E+01  8.144855E+01  8.980081E+01  9.445757E+01  9.675684E+01  2.870083E+00  2.860952E+00  2.938235E+00  3.017376E+00
  3.168042E+00  3.476074E+00  4.105363E+00  5.328154E+00  7.775164E+00  1.245726E+01  2.085112E+01  3.433104E+01  5.195132E+01  6.908391E+01
  8.196640E+01  9.008529E+01  9.461168E+01  9.684657E+01  3.111375E+00  3.103283E+00  3.186429E+00  3.274645E+00  3.441022E+00  3.784080E+00
  4.483302E+00  5.840413E+00  8.540530E+00  1.365739E+01  2.265381E+01  3.661679E+01  5.408453E+01  7.053630E+01  8.281504E+01  9.055135E+01
  9.486427E+01  9.699371E+01  3.502241E+00  3.494656E+00  3.591108E+00  3.697227E+00  3.893928E+00  4.300034E+00  5.110886E+00  6.694802E+00
  9.819054E+00  1.562863E+01  2.552490E+01  4.004768E+01  5.707764E+01  7.252272E+01  8.397366E+01  9.118775E+01  9.520942E+01  9.719484E+01
  4.142275E+00  4.131264E+00  4.253654E+00  4.383986E+00  4.637485E+00  5.143394E+00  6.163697E+00  8.132066E+00  1.194348E+01  1.882669E+01
  2.989502E+01  4.481176E+01  6.090047E+01  7.499897E+01  8.541676E+01  9.198045E+01  9.563947E+01  9.744569E+01  5.259013E+00  5.246281E+00
  5.422846E+00  5.603256E+00  5.951011E+00  6.651716E+00  8.038406E+00  1.068633E+01  1.566152E+01  2.412020E+01  3.644277E+01  5.103207E+01
  6.547990E+01  7.792055E+01  8.712122E+01  9.291728E+01  9.614816E+01  9.774253E+01  7.507230E+00  7.489922E+00  7.770779E+00  8.064191E+00
  8.621313E+00  9.728512E+00  1.188947E+01  1.586068E+01  2.279452E+01  3.320858E+01  4.586190E+01  5.860357E+01  7.074304E+01  8.127586E+01
  8.907571E+01  9.399197E+01  9.673191E+01  9.808370E+01  1.375599E+01  1.372515E+01  1.432541E+01  1.491991E+01  1.608149E+01  1.826616E+01
  2.229209E+01  2.886291E+01  3.811674E+01  4.836052E+01  5.792714E+01  6.730116E+01  7.679283E+01  8.513976E+01  9.132837E+01  9.523170E+01
  9.740550E+01  9.847805E+01  5.006688E+01  4.999767E+01  5.056878E+01  5.113109E+01  5.188746E+01  5.306444E+01  5.473718E+01  5.678193E+01
  6.003439E+01  6.426397E+01  6.978008E+01  7.613363E+01  8.302055E+01  8.910198E+01  9.364494E+01  9.651649E+01  9.810471E+01  9.888764E+01
  2.701549E+00  2.689659E+00  2.766039E+00  2.836344E+00  2.974340E+00  3.260469E+00  3.839498E+00  4.982766E+00  7.236493E+00  1.162847E+01
  1.965137E+01  3.282730E+01  5.050718E+01  6.812498E+01  8.142405E+01  8.977499E+01  9.442812E+01  9.670726E+01  2.742938E+00  2.729019E+00
  2.807699E+00  2.877849E+00  3.025028E+00  3.314659E+00  3.905480E+00  5.070733E+00  7.369471E+00  1.183591E+01  1.997243E+01  3.325276E+01
  5.092917E+01  6.842033E+01  8.159662E+01  8.986996E+01  9.447964E+01  9.673759E+01  2.870083E+00  2.856898E+00  2.939176E+00  3.015647E+00
  3.166419E+00  3.482213E+00  4.109241E+00  5.352442E+00  7.789145E+00  1.249610E+01  2.097504E+01  3.456424E+01  5.219872E+01  6.929956E+01
  8.211079E+01  9.015234E+01  9.463302E+01  9.682781E+01  3.111375E+00  3.095996E+00  3.188797E+00  3.272644E+00  3.438603E+00  3.789388E+00
  4.488689E+00  5.868299E+00  8.557599E+00  1.370285E+01  2.279352E+01  3.686014E+01  5.432814E+01  7.074231E+01  8.295326E+01  9.061520E+01
  9.488447E+01  9.697575E+01  3.502241E+00  3.487707E+00  3.592338E+00  3.695111E+00  3.892231E+00  4.307086E+00  5.119023E+00  6.728923E+00
  9.844183E+00  1.569255E+01  2.568495E+01  4.029963E+01  5.731101E+01  7.271649E+01  8.410330E+01  9.124715E+01  9.522810E+01  9.717804E+01
  4.142275E+00  4.125332E+00  4.256174E+00  4.381956E+00  4.637938E+00  5.155066E+00  6.176094E+00  8.174170E+00  1.198468E+01  1.891256E+01
  3.008180E+01  4.506807E+01  6.111808E+01  7.517697E+01  8.553601E+01  9.203447E+01  9.565634E+01  9.743037E+01  5.259013E+00  5.240041E+00
  5.424285E+00  5.602058E+00  5.952381E+00  6.668901E+00  8.058767E+00  1.075990E+01  1.572666E+01  2.423972E+01  3.665579E+01  5.127962E+01
  6.567388E+01  7.808119E+01  8.722765E+01  9.296519E+01  9.616287E+01  9.772907E+01  7.507230E+00  7.480767E+00  7.778119E+00  8.066010E+00
  8.629580E+00  9.757833E+00  1.193255E+01  1.597213E+01  2.291016E+01  3.336699E+01  4.607324E+01  5.882014E+01  7.091174E+01  8.141555E+01
  8.916955E+01  9.403345E+01  9.674448E+01  9.807248E+01  1.375599E+01  1.370500E+01  1.434123E+01  1.492762E+01  1.609961E+01  1.833221E+01
  2.238277E+01  2.905450E+01  3.825122E+01  4.849129E+01  5.808382E+01  6.747969E+01  7.693267E+01  8.525687E+01  9.140745E+01  9.526604E+01
  9.741602E+01  9.846937E+01  5.006688E+01  4.993814E+01  5.058628E+01  5.113208E+01  5.186979E+01  5.308551E+01  5.476011E+01  5.686112E+01
  6.004345E+01  6.436403E+01  6.989492E+01  7.626604E+01  8.313264E+01  8.919424E+01  9.370824E+01  9.654486E+01  9.811191E+01  9.888065E+01
  2.701549E+00  2.697292E+00  2.765125E+00  2.839701E+00  2.978216E+00  3.263795E+00  3.847394E+00  4.992626E+00  7.271318E+00  1.169565E+01
  1.974823E+01  3.299826E+01  5.073354E+01  6.831155E+01  8.153983E+01  8.985423E+01  9.444978E+01  9.668978E+01  2.742938E+00  2.736759E+00
  2.806054E+00  2.880795E+00  3.028328E+00  3.316976E+00  3.913079E+00  5.080975E+00  7.404911E+00  1.190431E+01  2.007076E+01  3.342590E+01
  5.115494E+01  6.860517E+01  8.171129E+01  8.994855E+01  9.450112E+01  9.672022E+01  2.870083E+00  2.865154E+00  2.938049E+00  3.019142E+00
  3.170900E+00  3.483778E+00  4.119137E+00  5.364860E+00  7.827714E+00  1.256831E+01  2.108151E+01  3.474364E+01  5.242306E+01  6.947938E+01
  8.222184E+01  9.022884E+01  9.465385E+01  9.681092E+01  3.111375E+00  3.106133E+00  3.186945E+00  3.275818E+00  3.444234E+00  3.792223E+00
  4.497640E+00  5.882811E+00  8.603006E+00  1.378804E+01  2.291200E+01  3.704709E+01  5.454673E+01  7.091339E+01  8.305844E+01  9.068851E+01
  9.490423E+01  9.695961E+01  3.502241E+00  3.498433E+00  3.591991E+00  3.699964E+00  3.898582E+00  4.311878E+00  5.133641E+00  6.749651E+00
  9.899145E+00  1.579396E+01  2.582374E+01  4.049593E+01  5.751994E+01  7.287555E+01  8.420070E+01  9.131594E+01  9.524640E+01  9.716291E+01
  4.142275E+00  4.136110E+00  4.255535E+00  4.387749E+00  4.646070E+00  5.161686E+00  6.193824E+00  8.203505E+00  1.205895E+01  1.904443E+01
  3.024387E+01  4.526678E+01  6.131171E+01  7.532056E+01  8.562350E+01  9.209781E+01  9.567290E+01  9.741656E+01  5.259013E+00  5.251599E+00
  5.424859E+00  5.609827E+00  5.963492E+00  6.678261E+00  8.089641E+00  1.080854E+01  1.583655E+01  2.441505E+01  3.684053E+01  5.146736E+01
  6.584582E+01  7.820753E+01  8.730373E+01  9.302190E+01  9.617748E+01  9.771690E+01  7.507230E+00  7.498868E+00  7.775438E+00  8.079373E+00
  8.650522E+00  9.783762E+00  1.199059E+01  1.606235E+01  2.307502E+01  3.358694E+01  4.625294E+01  5.897867E+01  7.105841E+01  8.152369E+01
  8.923420E+01  9.408290E+01  9.675700E+01  9.806231E+01  1.375599E+01  1.373552E+01  1.434553E+01  1.495339E+01  1.615338E+01  1.839679E+01
  2.250191E+01  2.920739E+01  3.847072E+01  4.869484E+01  5.820969E+01  6.760496E+01  7.704865E+01  8.534373E+01  9.145936E+01  9.530698E+01
  9.742634E+01  9.846152E+01  5.006688E+01  5.004712E+01  5.057771E+01  5.115818E+01  5.196091E+01  5.312352E+01  5.480324E+01  5.693402E+01
  6.010451E+01  6.446305E+01  6.996776E+01  7.634552E+01  8.322446E+01  8.926289E+01  9.374470E+01  9.656899E+01  9.811983E+01  9.887468E+01
  2.701549E+00  2.693212E+00  2.766014E+00  2.838597E+00  2.982851E+00  3.267637E+00  3.853129E+00  5.008605E+00  7.280776E+00  1.175704E+01
  1.986263E+01  3.319269E+01  5.095476E+01  6.852129E+01  8.167804E+01  8.990955E+01  9.447293E+01  9.666779E+01  2.742938E+00  2.734444E+00
  2.807323E+00  2.879351E+00  3.032803E+00  3.321439E+00  3.920260E+00  5.097270E+00  7.415511E+00  1.196789E+01  2.018791E+01  3.362234E+01
  5.137619E+01  6.881212E+01  8.184840E+01  9.000315E+01  9.452405E+01  9.669840E+01  2.870083E+00  2.860535E+00  2.938722E+00  3.017249E+00
  3.175892E+00  3.489728E+00  4.126736E+00  5.383004E+00  7.840876E+00  1.263543E+01  2.120607E+01  3.494551E+01  5.264277E+01  6.968137E+01
  8.235501E+01  9.028165E+01  9.467622E+01  9.678961E+01  3.111375E+00  3.101315E+00  3.188243E+00  3.274447E+00  3.449611E+00  3.798044E+00
  4.507468E+00  5.903535E+00  8.620625E+00  1.386447E+01  2.305058E+01  3.725819E+01  5.476300E+01  7.110744E+01  8.318603E+01  9.073825E+01
  9.492564E+01  9.693918E+01  3.502241E+00  3.493277E+00  3.593310E+00  3.698077E+00  3.905444E+00  4.318797E+00  5.145154E+00  6.776240E+00
  9.926236E+00  1.588865E+01  2.598261E+01  4.071586E+01  5.772764E+01  7.305836E+01  8.432014E+01  9.136150E+01  9.526656E+01  9.714370E+01
  4.142275E+00  4.127807E+00  4.257224E+00  4.386145E+00  4.654625E+00  5.172486E+00  6.211929E+00  8.241866E+00  1.209838E+01  1.916366E+01
  3.042908E+01  4.549042E+01  6.150558E+01  7.548877E+01  8.573319E+01  9.213841E+01  9.569154E+01  9.739893E+01  5.259013E+00  5.242567E+00
  5.427009E+00  5.609746E+00  5.976846E+00  6.694137E+00  8.119851E+00  1.086981E+01  1.590722E+01  2.457121E+01  3.704960E+01  5.168113E+01
  6.601971E+01  7.835930E+01  8.740228E+01  9.305685E+01  9.619431E+01  9.770116E+01  7.507230E+00  7.484749E+00  7.781566E+00  8.082979E+00
  8.670106E+00  9.812483E+00  1.204166E+01  1.616925E+01  2.318909E+01  3.378348E+01  4.646256E+01  5.916291E+01  7.120851E+01  8.165728E+01
  8.931973E+01  9.411189E+01  9.677215E+01  9.804902E+01  1.375599E+01  1.371360E+01  1.435708E+01  1.495664E+01  1.620415E+01  1.846642E+01
  2.262195E+01  2.938719E+01  3.861798E+01  4.886528E+01  5.836396E+01  6.775579E+01  7.717634E+01  8.545574E+01  9.152964E+01  9.532940E+01
  9.743938E+01  9.845123E+01  5.006688E+01  4.995580E+01  5.059474E+01  5.114192E+01  5.199647E+01  5.314144E+01  5.480726E+01  5.700726E+01
  6.014242E+01  6.457589E+01  7.006332E+01  7.646488E+01  8.330456E+01  8.934145E+01  9.379990E+01  9.657999E+01  9.812902E+01  9.886826E+01
  2.701549E+00  2.688398E+00  2.767224E+00  2.841770E+00  2.980452E+00  3.272389E+00  3.856728E+00  5.011218E+00  7.303788E+00  1.181654E+01
  1.997592E+01  3.337177E+01  5.116486E+01  6.868398E+01  8.179480E+01  8.996833E+01  9.448848E+01  9.664764E+01  2.742938E+00  2.727766E+00
  2.808546E+00  2.883423E+00  3.031029E+00  3.325695E+00  3.923103E+00  5.099686E+00  7.439013E+00  1.202966E+01  2.030459E+01  3.380330E+01
  5.158544E+01  6.897297E+01  8.196407E+01  9.006129E+01  9.453939E+01  9.667844E+01  2.870083E+00  2.853882E+00  2.940834E+00  3.021027E+00
  3.175061E+00  3.494738E+00  4.131138E+00  5.388204E+00  7.865427E+00  1.270165E+01  2.133047E+01  3.513332E+01  5.284959E+01  6.983762E+01
  8.246723E+01  9.033804E+01  9.469102E+01  9.677016E+01  3.111375E+00  3.094439E+00  3.190504E+00  3.278117E+00  3.448191E+00  3.804746E+00
  4.512603E+00  5.910789E+00  8.651598E+00  1.394092E+01  2.318867E+01  3.745605E+01  5.496400E+01  7.125570E+01  8.329289E+01  9.079177E+01
  9.493954E+01  9.692060E+01  3.502241E+00  3.484761E+00  3.595292E+00  3.702465E+00  3.903647E+00  4.326049E+00  5.152846E+00  6.788018E+00
  9.967009E+00  1.598558E+01  2.613857E+01  4.092363E+01  5.791820E+01  7.319532E+01  8.441968E+01  9.141113E+01  9.527928E+01  9.712629E+01
  4.142275E+00  4.118171E+00  4.260486E+00  4.392615E+00  4.653983E+00  5.183766E+00  6.222597E+00  8.261851E+00  1.215673E+01  1.928525E+01
  3.061216E+01  4.570352E+01  6.167886E+01  7.561214E+01  8.582339E+01  9.218317E+01  9.570282E+01  9.738299E+01  5.259013E+00  5.231812E+00
  5.431522E+00  5.618469E+00  5.977483E+00  6.709875E+00  8.143237E+00  1.090188E+01  1.599420E+01  2.473504E+01  3.725496E+01  5.188571E+01
  6.617063E+01  7.846665E+01  8.748228E+01  9.309634E+01  9.620406E+01  9.768716E+01  7.507230E+00  7.470737E+00  7.787987E+00  8.095407E+00
  8.676676E+00  9.844825E+00  1.208900E+01  1.624159E+01  2.332573E+01  3.399606E+01  4.666169E+01  5.934405E+01  7.133251E+01  8.174750E+01
  8.938825E+01  9.414574E+01  9.678039E+01  9.803729E+01  1.375599E+01  1.368231E+01  1.437131E+01  1.498594E+01  1.621870E+01  1.854006E+01
  2.271565E+01  2.950907E+01  3.879689E+01  4.905672E+01  5.850679E+01  6.790807E+01  7.727174E+01  8.552631E+01  9.158550E+01  9.535728E+01
  9.744605E+01  9.844230E+01  5.006688E+01  4.989891E+01  5.062182E+01  5.123652E+01  5.196081E+01  5.317057E+01  5.483269E+01  5.700083E+01
  6.019910E+01  6.462061E+01  7.017271E+01  7.658704E+01  8.337039E+01  8.939801E+01  9.383856E+01  9.660424E+01  9.813358E+01  9.885835E+01
  2.701549E+00  2.696115E+00  2.766750E+00  2.841443E+00  2.979633E+00  3.274194E+00  3.863455E+00  5.023905E+00  7.340984E+00  1.186115E+01
  2.005589E+01  3.353498E+01  5.136753E+01  6.887889E+01  8.191676E+01  9.003606E+01  9.450170E+01  9.662274E+01  2.742938E+00  2.735944E+00
  2.807743E+00  2.882724E+00  3.031088E+00  3.328221E+00  3.930492E+00  5.112970E+00  7.476744E+00  1.207777E+01  2.038638E+01  3.396733E+01
  5.178770E+01  6.916785E+01  8.208474E+01  9.012801E+01  9.455243E+01  9.665376E+01  2.870083E+00  2.861701E+00  2.939660E+00  3.021287E+00
  3.175034E+00  3.497913E+00  4.139729E+00  5.402638E+00  7.907134E+00  1.275391E+01  2.142061E+01  3.530232E+01  5.305062E+01  7.002626E+01
  8.258508E+01  9.040324E+01  9.470357E+01  9.674612E+01  3.111375E+00  3.101514E+00  3.189280E+00  3.278567E+00  3.448079E+00  3.807742E+00
  4.520431E+00  5.927534E+00  8.699701E+00  1.400391E+01  2.329044E+01  3.763297E+01  5.516065E+01  7.143711E+01  8.340528E+01  9.085408E+01
  9.495131E+01  9.689761E+01  3.502241E+00  3.494443E+00  3.593763E+00  3.702684E+00  3.903779E+00  4.330029E+00  5.164753E+00  6.810177E+00
  1.002752E+01  1.606203E+01  2.625947E+01  4.110710E+01  5.810693E+01  7.336552E+01  8.452505E+01  9.146957E+01  9.528992E+01  9.710474E+01
  4.142275E+00  4.129346E+00  4.260256E+00  4.392960E+00  4.655174E+00  5.189493E+00  6.238124E+00  8.294513E+00  1.223407E+01  1.938822E+01
  3.075494E+01  4.588883E+01  6.185406E+01  7.576894E+01  8.591992E+01  9.223687E+01  9.571222E+01  9.736330E+01  5.259013E+00  5.246062E+00
  5.431705E+00  5.619971E+00  5.981219E+00  6.722640E+00  8.172112E+00  1.095727E+01  1.610722E+01  2.487488E+01  3.741778E+01  5.205815E+01
  6.632690E+01  7.860854E+01  8.756862E+01  9.314427E+01  9.621207E+01  9.766974E+01  7.507230E+00  7.492174E+00  7.787507E+00  8.100599E+00
  8.688457E+00  9.871703E+00  1.214194E+01  1.633019E+01  2.350050E+01  3.417488E+01  4.682348E+01  5.948829E+01  7.146734E+01  8.187183E+01
  8.946349E+01  9.418752E+01  9.678702E+01  9.802258E+01  1.375599E+01  1.372181E+01  1.437351E+01  1.499817E+01  1.624652E+01  1.860508E+01
  2.282663E+01  2.966684E+01  3.902060E+01  4.920538E+01  5.863326E+01  6.801655E+01  7.738638E+01  8.563252E+01  9.164841E+01  9.539172E+01
  9.745147E+01  9.843102E+01  5.006688E+01  5.001863E+01  5.060544E+01  5.122906E+01  5.200182E+01  5.318976E+01  5.484974E+01  5.703048E+01
  6.028589E+01  6.466084E+01  7.025875E+01  7.664455E+01  8.344659E+01  8.948160E+01  9.388386E+01  9.662907E+01  9.813849E+01  9.884924E+01
  2.701549E+00  2.695467E+00  2.767649E+00  2.841998E+00  2.983420E+00  3.277482E+00  3.863435E+00  5.039031E+00  7.349899E+00  1.190936E+01
  2.016414E+01  3.370431E+01  5.156711E+01  6.905910E+01  8.202115E+01  9.009830E+01  9.451568E+01  9.660152E+01  2.742938E+00  2.734536E+00
  2.808722E+00  2.883695E+00  3.033912E+00  3.330548E+00  3.930107E+00  5.129564E+00  7.485924E+00  1.212772E+01  2.049761E+01  3.413913E+01
  5.198616E+01  6.934631E+01  8.218805E+01  9.018985E+01  9.456625E+01  9.663271E+01  2.870083E+00  2.861927E+00  2.940255E+00  3.021304E+00
  3.177940E+00  3.500214E+00  4.141135E+00  5.419126E+00  7.920978E+00  1.280960E+01  2.153937E+01  3.547866E+01  5.324736E+01  7.020015E+01
  8.268530E+01  9.046343E+01  9.471697E+01  9.672559E+01  3.111375E+00  3.101477E+00  3.191113E+00  3.279206E+00  3.452244E+00  3.811671E+00
  4.522737E+00  5.949369E+00  8.717960E+00  1.406939E+01  2.342418E+01  3.781893E+01  5.535194E+01  7.160277E+01  8.350023E+01  9.091149E+01
  9.496402E+01  9.687795E+01  3.502241E+00  3.493349E+00  3.595601E+00  3.704053E+00  3.909220E+00  4.335222E+00  5.168483E+00  6.836199E+00
  1.005393E+01  1.614355E+01  2.641110E+01  4.130110E+01  5.828893E+01  7.352029E+01  8.461304E+01  9.152335E+01  9.530170E+01  9.708631E+01
  4.142275E+00  4.129141E+00  4.261313E+00  4.394987E+00  4.661699E+00  5.196847E+00  6.247163E+00  8.332968E+00  1.227547E+01  1.949456E+01
  3.093203E+01  4.608520E+01  6.202091E+01  7.591025E+01  8.599929E+01  9.228619E+01  9.572287E+01  9.734645E+01  5.259013E+00  5.243120E+00
  5.433504E+00  5.622937E+00  5.993230E+00  6.736113E+00  8.189422E+00  1.101305E+01  1.617518E+01  2.502024E+01  3.761754E+01  5.224515E+01
  6.647367E+01  7.873482E+01  8.763837E+01  9.318869E+01  9.622144E+01  9.765478E+01  7.507230E+00  7.489985E+00  7.792893E+00  8.111333E+00
  8.709257E+00  9.897178E+00  1.218099E+01  1.643381E+01  2.361678E+01  3.435538E+01  4.701695E+01  5.964902E+01  7.158922E+01  8.197924E+01
  8.952235E+01  9.422606E+01  9.679529E+01  9.800998E+01  1.375599E+01  1.371897E+01  1.438240E+01  1.501874E+01  1.629288E+01  1.866502E+01
  2.291012E+01  2.984315E+01  3.916236E+01  4.936510E+01  5.877765E+01  6.814937E+01  7.748579E+01  8.572101E+01  9.169585E+01  9.542326E+01
  9.745866E+01  9.842148E+01  5.006688E+01  5.001176E+01  5.059828E+01  5.127142E+01  5.203992E+01  5.319970E+01  5.483224E+01  5.712343E+01
  6.032295E+01  6.473733E+01  7.036214E+01  7.672197E+01  8.350961E+01  8.953754E+01  9.391987E+01  9.665199E+01  9.814427E+01  9.884212E+01
  2.701549E+00  2.694604E+00  2.768291E+00  2.841850E+00  2.983125E+00  3.281420E+00  3.868832E+00  5.049298E+00  7.386645E+00  1.194822E+01
  2.026728E+01  3.384441E+01  5.176384E+01  6.921863E+01  8.214338E+01  9.015234E+01  9.452681E+01  9.657221E+01  2.742938E+00  2.734941E+00
  2.808894E+00  2.882810E+00  3.034375E+00  3.335116E+00  3.935897E+00  5.140414E+00  7.523137E+00  1.216718E+01  2.060168E+01  3.428186E+01
  5.218225E+01  6.950452E+01  8.230912E+01  9.024365E+01  9.457730E+01  9.660365E+01  2.870083E+00  2.860573E+00  2.941162E+00  3.020481E+00
  3.178951E+00  3.506675E+00  4.146596E+00  5.430873E+00  7.961722E+00  1.285365E+01  2.165145E+01  3.562630E+01  5.344180E+01  7.035404E+01
  8.280362E+01  9.051532E+01  9.472764E+01  9.669730E+01  3.111375E+00  3.101835E+00  3.191563E+00  3.279097E+00  3.454278E+00  3.817559E+00
  4.530249E+00  5.965077E+00  8.765470E+00  1.412348E+01  2.355013E+01  3.797379E+01  5.554319E+01  7.174966E+01  8.361378E+01  9.096090E+01
  9.497413E+01  9.685091E+01  3.502241E+00  3.492913E+00  3.595221E+00  3.703504E+00  3.910438E+00  4.341687E+00  5.177993E+00  6.855850E+00
  1.011086E+01  1.621102E+01  2.655642E+01  4.146406E+01  5.847205E+01  7.365704E+01  8.471993E+01  9.156947E+01  9.531110E+01  9.706100E+01
  4.142275E+00  4.127350E+00  4.263190E+00  4.395154E+00  4.664109E+00  5.207101E+00  6.260695E+00  8.363857E+00  1.235285E+01  1.958965E+01
  3.110284E+01  4.624907E+01  6.219067E+01  7.603464E+01  8.609804E+01  9.232811E+01  9.573144E+01  9.732337E+01  5.259013E+00  5.244195E+00
  5.436194E+00  5.623803E+00  5.996977E+00  6.752813E+00  8.215878E+00  1.106184E+01  1.629004E+01  2.515376E+01  3.781103E+01  5.239841E+01
  6.662655E+01  7.884489E+01  8.772775E+01  9.322598E+01  9.622916E+01  9.763445E+01  7.507230E+00  7.484911E+00  7.795983E+00  8.112928E+00
  8.721946E+00  9.930228E+00  1.223012E+01  1.652142E+01  2.378852E+01  3.452451E+01  4.720404E+01  5.977886E+01  7.172425E+01  8.207381E+01
  8.960140E+01  9.425832E+01  9.680228E+01  9.799294E+01  1.375599E+01  1.371617E+01  1.439200E+01  1.502995E+01  1.632224E+01  1.872986E+01
  2.301341E+01  3.000452E+01  3.938060E+01  4.950255E+01  5.892429E+01  6.825101E+01  7.760055E+01  8.579954E+01  9.176215E+01  9.545019E+01
  9.746490E+01  9.840834E+01  5.006688E+01  4.998267E+01  5.064133E+01  5.122431E+01  5.204934E+01  5.320390E+01  5.490798E+01  5.722331E+01
  6.039923E+01  6.478968E+01  7.044427E+01  7.678701E+01  8.359566E+01  8.959393E+01  9.396294E+01  9.667079E+01  9.814825E+01  9.883360E+01
  2.701549E+00  2.697399E+00  2.767678E+00  2.840557E+00  2.984256E+00  3.278186E+00  3.867646E+00  5.044134E+00  7.376981E+00  1.194808E+01
  2.021702E+01  3.377219E+01  5.168941E+01  6.913549E+01  8.207885E+01  9.010768E+01  9.448730E+01  9.651992E+01  2.742938E+00  2.737146E+00
  2.809231E+00  2.881343E+00  3.035030E+00  3.330979E+00  3.934962E+00  5.134856E+00  7.513949E+00  1.216737E+01  2.055047E+01  3.420847E+01
  5.210793E+01  6.942198E+01  8.224500E+01  9.019909E+01  9.453815E+01  9.655183E+01  2.870083E+00  2.862402E+00  2.941320E+00  3.019757E+00
  3.179129E+00  3.503252E+00  4.145586E+00  5.425340E+00  7.950140E+00  1.285211E+01  2.159625E+01  3.555155E+01  5.336878E+01  7.027357E+01
  8.274107E+01  9.047222E+01  9.468953E+01  9.664681E+01  3.111375E+00  3.105122E+00  3.191714E+00  3.277707E+00  3.453974E+00  3.812800E+00
  4.529250E+00  5.957173E+00  8.752006E+00  1.411805E+01  2.348870E+01  3.789536E+01  5.547219E+01  7.167248E+01  8.355375E+01  9.091956E+01
  9.493771E+01  9.680267E+01  3.502241E+00  3.495434E+00  3.594959E+00  3.701302E+00  3.910996E+00  4.336469E+00  5.176134E+00  6.847136E+00
  1.009388E+01  1.620125E+01  2.648644E+01  4.138140E+01  5.840503E+01  7.358484E+01  8.466319E+01  9.153053E+01  9.527705E+01  9.701587E+01
  4.142275E+00  4.132247E+00  4.264731E+00  4.394247E+00  4.662757E+00  5.200415E+00  6.256760E+00  8.350272E+00  1.232740E+01  1.956922E+01
  3.102060E+01  4.616543E+01  6.213026E+01  7.596846E+01  8.604578E+01  9.229233E+01  9.570029E+01  9.728206E+01  5.259013E+00  5.249916E+00
  5.435081E+00  5.620543E+00  5.996852E+00  6.741701E+00  8.207200E+00  1.104035E+01  1.625052E+01  2.512074E+01  3.771641E+01  5.231885E+01
  6.657436E+01  7.878561E+01  8.768060E+01  9.319384E+01  9.620153E+01  9.759775E+01  7.507230E+00  7.491134E+00  7.796195E+00  8.109700E+00
  8.717496E+00  9.913306E+00  1.221305E+01  1.648180E+01  2.372780E+01  3.447831E+01  4.711269E+01  5.971038E+01  7.168174E+01  8.202203E+01
  8.955959E+01  9.423051E+01  9.677855E+01  9.796152E+01  1.375599E+01  1.372559E+01  1.438765E+01  1.501687E+01  1.631597E+01  1.869806E+01
  2.297323E+01  2.993880E+01  3.930633E+01  4.947348E+01  5.884837E+01  6.819552E+01  7.756729E+01  8.575610E+01  9.172723E+01  9.542726E+01
  9.744560E+01  9.838319E+01  5.006688E+01  5.000571E+01  5.064407E+01  5.119205E+01  5.204465E+01  5.320497E+01  5.487823E+01  5.719943E+01
  6.041455E+01  6.477558E+01  7.038113E+01  7.675412E+01  8.357399E+01  8.956857E+01  9.394219E+01  9.665497E+01  9.813246E+01  9.881788E+01
  2.701549E+00  2.693066E+00  2.768576E+00  2.840907E+00  2.984648E+00  3.274304E+00  3.861717E+00  5.033207E+00  7.349659E+00  1.188363E+01
  2.008792E+01  3.357949E+01  5.141152E+01  6.893168E+01  8.193054E+01  9.001304E+01  9.441682E+01  9.645174E+01  2.742938E+00  2.734394E+00
  2.810445E+00  2.882331E+00  3.035172E+00  3.328411E+00  3.928482E+00  5.123328E+00  7.486588E+00  1.210059E+01  2.041936E+01  3.401350E+01
  5.183115E+01  6.922012E+01  8.209837E+01  9.010525E+01  9.446825E+01  9.648424E+01  2.870083E+00  2.862222E+00  2.941925E+00  3.020599E+00
  3.179188E+00  3.497899E+00  4.138656E+00  5.412478E+00  7.917971E+00  1.277949E+01  2.145618E+01  3.535006E+01  5.309343E+01  7.007736E+01
  8.259812E+01  9.038091E+01  9.462148E+01  9.658100E+01  3.111375E+00  3.102663E+00  3.192625E+00  3.278030E+00  3.452563E+00  3.808271E+00
  4.519130E+00  5.939505E+00  8.712639E+00  1.403370E+01  2.333031E+01  3.768432E+01  5.520147E+01  7.148618E+01  8.341743E+01  9.083257E+01
  9.487272E+01  9.673985E+01  3.502241E+00  3.492331E+00  3.596624E+00  3.701694E+00  3.909314E+00  4.330606E+00  5.164248E+00  6.823739E+00
  1.004295E+01  1.609756E+01  2.630645E+01  4.116156E+01  5.814465E+01  7.341196E+01  8.453601E+01  9.144932E+01  9.521618E+01  9.695704E+01
  4.142275E+00  4.129937E+00  4.262774E+00  4.392740E+00  4.661622E+00  5.191046E+00  6.239616E+00  8.312984E+00  1.225616E+01  1.943408E+01
  3.081107E+01  4.594568E+01  6.188728E+01  7.581183E+01  8.592956E+01  9.221830E+01  9.564456E+01  9.722832E+01  5.259013E+00  5.244904E+00
  5.436246E+00  5.619271E+00  5.990983E+00  6.726112E+00  8.174144E+00  1.098313E+01  1.614095E+01  2.493630E+01  3.748260E+01  5.211400E+01
  6.635363E+01  7.864864E+01  8.757690E+01  9.312807E+01  9.615193E+01  9.754990E+01  7.507230E+00  7.488504E+00  7.794625E+00  8.102654E+00
  8.701459E+00  9.876171E+00  1.215157E+01  1.637101E+01  2.355207E+01  3.425217E+01  4.688650E+01  5.953838E+01  7.148761E+01  8.190669E+01
  8.947053E+01  9.417401E+01  9.673582E+01  9.792051E+01  1.375599E+01  1.372524E+01  1.438495E+01  1.500214E+01  1.627677E+01  1.862170E+01
  2.284810E+01  2.973569E+01  3.908879E+01  4.928035E+01  5.868116E+01  6.806272E+01  7.740288E+01  8.566368E+01  9.165487E+01  9.538173E+01
  9.741096E+01  9.834984E+01  5.006688E+01  5.000312E+01  5.064693E+01  5.119683E+01  5.203653E+01  5.318107E+01  5.484602E+01  5.708100E+01
  6.034262E+01  6.469053E+01  7.029394E+01  7.668425E+01  8.346259E+01  8.949945E+01  9.389053E+01  9.662010E+01  9.810869E+01  9.879371E+01
  2.701549E+00  2.687575E+00  2.766955E+00  2.842059E+00  2.977292E+00  3.271188E+00  3.857205E+00  5.012603E+00  7.298280E+00  1.180113E+01
  1.996095E+01  3.335220E+01  5.117297E+01  6.867704E+01  8.176637E+01  8.990617E+01  9.434657E+01  9.638783E+01  2.742938E+00  2.728914E+00
  2.808444E+00  2.882739E+00  3.027952E+00  3.324129E+00  3.923823E+00  5.101794E+00  7.433980E+00  1.201397E+01  2.028892E+01  3.378376E+01
  5.159373E+01  6.896603E+01  8.193575E+01  8.999963E+01  9.439863E+01  9.642091E+01  2.870083E+00  2.854301E+00  2.939582E+00  3.020541E+00
  3.171472E+00  3.493410E+00  4.132531E+00  5.389982E+00  7.860496E+00  1.268604E+01  2.131552E+01  3.511344E+01  5.285778E+01  6.983076E+01
  8.243938E+01  9.027773E+01  9.455365E+01  9.651934E+01  3.111375E+00  3.094889E+00  3.189385E+00  3.279185E+00  3.444335E+00  3.802952E+00
  4.512211E+00  5.912685E+00  8.646065E+00  1.392611E+01  2.317401E+01  3.743678E+01  5.497248E+01  7.124872E+01  8.326573E+01  9.073383E+01
  9.480790E+01  9.668093E+01  3.502241E+00  3.485846E+00  3.594042E+00  3.702501E+00  3.899987E+00  4.324187E+00  5.154129E+00  6.789553E+00
  9.961386E+00  1.597054E+01  2.612533E+01  4.090355E+01  5.792684E+01  7.318852E+01  8.439363E+01  9.135648E+01  9.515541E+01  9.690191E+01
  4.142275E+00  4.121025E+00  4.259498E+00  4.391972E+00  4.648505E+00  5.181319E+00  6.223520E+00  8.264843E+00  1.215308E+01  1.927141E+01
  3.059875E+01  4.568272E+01  6.168789E+01  7.560569E+01  8.579897E+01  9.213289E+01  9.558903E+01  9.717792E+01  5.259013E+00  5.233037E+00
  5.431028E+00  5.616793E+00  5.971187E+00  6.708890E+00  8.146743E+00  1.090916E+01  1.599350E+01  2.472201E+01  3.724187E+01  5.186324E+01
  6.617857E+01  7.846084E+01  8.745979E+01  9.305126E+01  9.610253E+01  9.750511E+01  7.507230E+00  7.471873E+00  7.787860E+00  8.094164E+00
  8.669473E+00  9.845515E+00  1.209557E+01  1.625437E+01  2.332811E+01  3.398529E+01  4.664834E+01  5.931898E+01  7.134012E+01  8.174265E+01
  8.936851E+01  9.410709E+01  9.669321E+01  9.788215E+01  1.375599E+01  1.369192E+01  1.436769E+01  1.498984E+01  1.620982E+01  1.854087E+01
  2.272587E+01  2.953379E+01  3.879982E+01  4.904411E+01  5.848816E+01  6.788270E+01  7.727982E+01  8.552310E+01  9.156931E+01  9.532613E+01
  9.737636E+01  9.831873E+01  5.006688E+01  4.994196E+01  5.062093E+01  5.120989E+01  5.192500E+01  5.315449E+01  5.482206E+01  5.701698E+01
  6.018163E+01  6.459991E+01  7.015282E+01  7.656772E+01  8.337997E+01  8.939720E+01  9.382410E+01  9.658109E+01  9.808377E+01  9.877189E+01
  2.701549E+00  2.692187E+00  2.767143E+00  2.838696E+00  2.978077E+00  3.268125E+00  3.851535E+00  4.996595E+00  7.283762E+00  1.172357E+01
  1.983069E+01  3.314804E+01  5.089372E+01  6.845363E+01  8.160667E+01  8.980697E+01  9.427232E+01  9.632206E+01  2.742938E+00  2.731865E+00
  2.807914E+00  2.879061E+00  3.029035E+00  3.320972E+00  3.918472E+00  5.084224E+00  7.418710E+00  1.193371E+01  2.015523E+01  3.357779E+01
  5.131506E+01  6.874486E+01  8.177762E+01  8.990147E+01  9.432505E+01  9.635570E+01  2.870083E+00  2.858938E+00  2.940180E+00  3.017918E+00
  3.172423E+00  3.489017E+00  4.125138E+00  5.369664E+00  7.844159E+00  1.260009E+01  2.117278E+01  3.490036E+01  5.258225E+01  6.961506E+01
  8.228573E+01  9.018239E+01  9.448202E+01  9.645591E+01  3.111375E+00  3.099770E+00  3.189269E+00  3.275072E+00  3.444235E+00  3.798044E+00
  4.505750E+00  5.889815E+00  8.623936E+00  1.382768E+01  2.301537E+01  3.721210E+01  5.470343E+01  7.104320E+01  8.311924E+01  9.064306E+01
  9.473943E+01  9.662031E+01  3.502241E+00  3.491886E+00  3.593967E+00  3.698433E+00  3.901140E+00  4.318758E+00  5.143195E+00  6.759548E+00
  9.928341E+00  1.584744E+01  2.594493E+01  4.066769E+01  5.767009E+01  7.299697E+01  8.425703E+01  9.127206E+01  9.509128E+01  9.684519E+01
  4.142275E+00  4.127428E+00  4.259403E+00  4.386744E+00  4.648104E+00  5.171096E+00  6.209002E+00  8.221289E+00  1.210114E+01  1.911836E+01
  3.038937E+01  4.544207E+01  6.145097E+01  7.543147E+01  8.567467E+01  9.205614E+01  9.553023E+01  9.712608E+01  5.259013E+00  5.241247E+00
  5.428826E+00  5.609178E+00  5.967318E+00  6.693427E+00  8.115556E+00  1.084474E+01  1.590709E+01  2.451887E+01  3.700838E+01  5.163492E+01
  6.596958E+01  7.830670E+01  8.734951E+01  9.298351E+01  9.605003E+01  9.745898E+01  7.507230E+00  7.482720E+00  7.784836E+00  8.081240E+00
  8.660644E+00  9.812396E+00  1.203565E+01  1.613402E+01  2.318900E+01  3.372713E+01  4.642648E+01  5.912101E+01  7.116367E+01  8.161188E+01
  8.927441E+01  9.404916E+01  9.664789E+01  9.784268E+01  1.375599E+01  1.370604E+01  1.435796E+01  1.495860E+01  1.618022E+01  1.846107E+01
  2.260829E+01  2.933359E+01  3.861964E+01  4.881131E+01  5.833518E+01  6.772130E+01  7.713689E+01  8.541845E+01  9.149402E+01  9.527937E+01
  9.733937E+01  9.828692E+01  5.006688E+01  4.997373E+01  5.061023E+01  5.113657E+01  5.195814E+01  5.313977E+01  5.479076E+01  5.697171E+01
  6.014000E+01  6.451582E+01  7.003854E+01  7.643878E+01  8.327191E+01  8.931468E+01  9.377300E+01  9.654996E+01  9.805546E+01  9.874786E+01
  5.042353E+00  4.864910E+00  5.178250E+00  5.405964E+00  5.744739E+00  6.537064E+00  8.283217E+00  1.123555E+01  1.596990E+01  2.386952E+01
  3.539808E+01  4.994571E+01  6.546546E+01  7.857871E+01  8.785347E+01  9.348034E+01  9.660480E+01  9.824423E+01  5.042353E+00  4.870862E+00
  5.191014E+00  5.377040E+00  5.780805E+00  6.531158E+00  8.164756E+00  1.090957E+01  1.567677E+01  2.335141E+01  3.479076E+01  4.916972E+01
  6.472215E+01  7.803232E+01  8.748090E+01  9.326690E+01  9.647253E+01  9.814407E+01  5.042353E+00  5.042295E+00  5.210262E+00  5.416315E+00
  5.767727E+00  6.539193E+00  8.096764E+00  1.075625E+01  1.551280E+01  2.315042E+01  3.449963E+01  4.888713E+01  6.439318E+01  7.779506E+01
  8.732130E+01  9.316860E+01  9.640624E+01  9.808227E+01  5.042353E+00  5.082711E+00  5.176835E+00  5.389026E+00  5.764570E+00  6.532911E+00
  7.990865E+00  1.075126E+01  1.536616E+01  2.296906E+01  3.432281E+01  4.868151E+01  6.422075E+01  7.766364E+01  8.721047E+01  9.309533E+01
  9.635519E+01  9.803005E+01  5.042353E+00  4.864751E+00  5.178430E+00  5.361782E+00  5.788224E+00  6.531199E+00  8.005434E+00  1.073715E+01
  1.535297E+01  2.281437E+01  3.415411E+01  4.846653E+01  6.402851E+01  7.748367E+01  8.712225E+01  9.303609E+01  9.630646E+01  9.797556E+01
  5.042353E+00  4.985159E+00  5.216654E+00  5.363401E+00  5.759546E+00  6.512056E+00  7.970919E+00  1.069927E+01  1.524722E+01  2.271997E+01
  3.396014E+01  4.821497E+01  6.378532E+01  7.731363E+01  8.700155E+01  9.295239E+01  9.625220E+01  9.792068E+01  5.042353E+00  4.973991E+00
  5.190524E+00  5.349402E+00  5.752067E+00  6.469693E+00  7.903252E+00  1.063537E+01  1.515416E+01  2.251394E+01  3.372103E+01  4.794851E+01
  6.351504E+01  7.709384E+01  8.685918E+01  9.286670E+01  9.619093E+01  9.786124E+01  5.042353E+00  4.905990E+00  5.209326E+00  5.390471E+00
  5.770180E+00  6.445396E+00  7.877600E+00  1.057449E+01  1.508972E+01  2.229855E+01  3.347054E+01  4.764135E+01  6.325742E+01  7.686411E+01
  8.668739E+01  9.277314E+01  9.612663E+01  9.779870E+01  5.042353E+00  4.969555E+00  5.176314E+00  5.337552E+00  5.618719E+00  6.354740E+00
  7.708132E+00  1.015075E+01  1.442684E+01  2.144234E+01  3.221070E+01  4.614144E+01  6.170786E+01  7.570044E+01  8.592886E+01  9.230987E+01
  9.586528E+01  9.763472E+01  5.042353E+00  5.021348E+00  5.138990E+00  5.332143E+00  5.652586E+00  6.357090E+00  7.683032E+00  9.991231E+00
  1.415669E+01  2.121252E+01  3.178669E+01  4.561904E+01  6.120081E+01  7.526555E+01  8.564719E+01  9.213800E+01  9.575747E+01  9.754877E+01
  5.042353E+00  5.095510E+00  5.170646E+00  5.396634E+00  5.620485E+00  6.299439E+00  7.593813E+00  9.875002E+00  1.403485E+01  2.086363E+01
  3.121763E+01  4.505177E+01  6.065615E+01  7.482561E+01  8.532198E+01  9.195292E+01  9.563427E+01  9.746014E+01  5.042353E+00  5.078906E+00
  5.134892E+00  5.363532E+00  5.586731E+00  6.307876E+00  7.564431E+00  9.751626E+00  1.398917E+01  2.073455E+01  3.111740E+01  4.481324E+01
  6.040960E+01  7.462193E+01  8.520169E+01  9.187157E+01  9.557771E+01  9.740895E+01  5.042353E+00  4.985570E+00  5.168276E+00  5.337098E+00
  5.537750E+00  6.296523E+00  7.571914E+00  9.884033E+00  1.398334E+01  2.085939E+01  3.125219E+01  4.501680E+01  6.064774E+01  7.480175E+01
  8.532011E+01  9.192565E+01  9.559572E+01  9.739336E+01  5.042353E+00  5.061455E+00  5.143003E+00  5.339197E+00  5.617026E+00  6.329596E+00
  7.619891E+00  9.938739E+00  1.408036E+01  2.097668E+01  3.137272E+01  4.521651E+01  6.083851E+01  7.494762E+01  8.540649E+01  9.198633E+01
  9.561304E+01  9.737996E+01  5.042353E+00  5.050127E+00  5.142889E+00  5.330406E+00  5.623127E+00  6.341916E+00  7.638853E+00  9.998299E+00
  1.407174E+01  2.114129E+01  3.154452E+01  4.543099E+01  6.102819E+01  7.510793E+01  8.551787E+01  9.202979E+01  9.563184E+01  9.736320E+01
  5.042353E+00  4.848904E+00  5.164644E+00  5.407204E+00  5.574229E+00  6.366924E+00  7.645431E+00  9.986420E+00  1.411236E+01  2.123173E+01
  3.174607E+01  4.563921E+01  6.118081E+01  7.524319E+01  8.561158E+01  9.207644E+01  9.564353E+01  9.734747E+01  5.042353E+00  5.081691E+00
  5.141347E+00  5.379733E+00  5.585765E+00  6.348138E+00  7.682660E+00  1.003120E+01  1.426463E+01  2.128932E+01  3.190289E+01  4.578246E+01
  6.136333E+01  7.540471E+01  8.570609E+01  9.212840E+01  9.565501E+01  9.732682E+01  5.042353E+00  5.070434E+00  5.135725E+00  5.411595E+00
  5.615660E+00  6.372543E+00  7.620807E+00  1.009133E+01  1.430612E+01  2.141049E+01  3.206824E+01  4.597597E+01  6.151271E+01  7.554421E+01
  8.578820E+01  9.217716E+01  9.566562E+01  9.730984E+01  5.042353E+00  5.030810E+00  5.197751E+00  5.338316E+00  5.608191E+00  6.399252E+00
  7.691107E+00  1.015991E+01  1.438518E+01  2.147560E+01  3.218953E+01  4.612822E+01  6.168650E+01  7.567715E+01  8.588379E+01  9.221848E+01
  9.567478E+01  9.728718E+01  5.042353E+00  4.908509E+00  5.195784E+00  5.330992E+00  5.614269E+00  6.379888E+00  7.658513E+00  1.014596E+01
  1.439748E+01  2.149503E+01  3.211605E+01  4.604698E+01  6.161951E+01  7.561161E+01  8.583060E+01  9.218307E+01  9.564179E+01  9.724574E+01
  5.042353E+00  5.066113E+00  5.204878E+00  5.335342E+00  5.628512E+00  6.344071E+00  7.649568E+00  1.008625E+01  1.433347E+01  2.136183E+01
  3.195648E+01  4.585459E+01  6.140096E+01  7.544788E+01  8.571867E+01  9.211168E+01  9.558495E+01  9.719087E+01  5.042353E+00  4.952076E+00
  5.190266E+00  5.370533E+00  5.513599E+00  6.336916E+00  7.649511E+00  9.992356E+00  1.410822E+01  2.119515E+01  3.171584E+01  4.559774E+01
  6.120162E+01  7.524059E+01  8.558520E+01  9.202587E+01  9.553008E+01  9.714034E+01  5.042353E+00  4.997590E+00  5.166805E+00  5.328128E+00
  5.574768E+00  6.340864E+00  7.634068E+00  9.949870E+00  1.410873E+01  2.106353E+01  3.147794E+01  4.538549E+01  6.096258E+01  7.505785E+01
  8.546139E+01  9.194862E+01  9.546857E+01  9.708722E+01
