  6.329725E-01
          18 10.0000000
 -2.000000E+01 -1.000000E+01 -2.107210E+00 -1.806180E+00 -1.505150E+00 -1.204120E+00 -9.030900E-01 -6.020600E-01 -3.010300E-01  0.000000E+00
  3.010300E-01  6.020600E-01  9.030900E-01  1.204120E+00  1.505150E+00  1.806180E+00  2.107210E+00  2.408240E+00
          10 10.0000000
  0.000000E+00  1.000000E+01  2.000000E+01  3.000000E+01  4.000000E+01  5.000000E+01  6.000000E+01  7.000000E+01  8.000000E+01  8.900000E+01
          20  2.0000000
  1.000000E+00  3.000000E+00  5.000000E+00  7.000000E+00  9.000000E+00  1.100000E+01  1.300000E+01  1.500000E+01  1.700000E+01  1.900000E+01
  2.100000E+01  2.300000E+01  2.500000E+01  2.700000E+01  2.900000E+01  3.100000E+01  3.300000E+01  3.500000E+01  3.700000E+01  3.900000E+01
  2.636793E+00  2.640112E+00  2.699422E+00  2.751757E+00  2.864756E+00  3.100383E+00  3.587620E+00  4.564490E+00  6.394659E+00  1.038230E+01
  1.807942E+01  3.179185E+01  5.022182E+01  6.813051E+01  8.148998E+01  8.993480E+01  9.473690E+01  9.730529E+01  2.675083E+00  2.679260E+00
  2.738571E+00  2.794840E+00  2.913630E+00  3.152317E+00  3.643840E+00  4.655737E+00  6.534346E+00  1.062405E+01  1.847786E+01  3.230584E+01
  5.067906E+01  6.843143E+01  8.166496E+01  9.003065E+01  9.478716E+01  9.733073E+01  2.799234E+00  2.804082E+00  2.871230E+00  2.930265E+00
  3.056901E+00  3.318283E+00  3.842039E+00  4.939713E+00  6.994608E+00  1.138350E+01  1.971356E+01  3.390584E+01  5.205262E+01  6.932559E+01
  8.218517E+01  9.031334E+01  9.493478E+01  9.740637E+01  3.035086E+00  3.037907E+00  3.114472E+00  3.183634E+00  3.329370E+00  3.627323E+00
  4.239403E+00  5.542507E+00  7.866284E+00  1.286725E+01  2.198294E+01  3.661894E+01  5.431853E+01  7.079578E+01  8.303761E+01  9.077717E+01
  9.517770E+01  9.753091E+01  3.418604E+00  3.421068E+00  3.516539E+00  3.601190E+00  3.784740E+00  4.159324E+00  4.920578E+00  6.465687E+00
  9.407445E+00  1.528226E+01  2.556649E+01  4.055279E+01  5.744224E+01  7.280865E+01  8.420778E+01  9.141254E+01  9.551006E+01  9.770085E+01
  4.055436E+00  4.061627E+00  4.179351E+00  4.304334E+00  4.554302E+00  5.069998E+00  6.109398E+00  8.151676E+00  1.206179E+01  1.939820E+01
  3.091712E+01  4.583182E+01  6.137856E+01  7.532748E+01  8.566986E+01  9.220863E+01  9.592612E+01  9.791401E+01  5.149407E+00  5.153200E+00
  5.350246E+00  5.541364E+00  5.941374E+00  6.735388E+00  8.317327E+00  1.135994E+01  1.686422E+01  2.608094E+01  3.845318E+01  5.237709E+01
  6.606269E+01  7.832079E+01  8.740890E+01  9.315398E+01  9.642068E+01  9.816734E+01  7.357994E+00  7.365680E+00  7.742691E+00  8.096726E+00
  8.818604E+00  1.025000E+01  1.304445E+01  1.802110E+01  2.590354E+01  3.671046E+01  4.825858E+01  5.999717E+01  7.148238E+01  8.178015E+01
  8.941661E+01  9.424568E+01  9.699223E+01  9.845966E+01  1.351312E+01  1.353154E+01  1.444146E+01  1.532190E+01  1.704709E+01  2.024422E+01
  2.572460E+01  3.369269E+01  4.272697E+01  5.150889E+01  5.986726E+01  6.879289E+01  7.770625E+01  8.575935E+01  9.172440E+01  9.550080E+01
  9.764912E+01  9.879633E+01  4.984261E+01  4.990419E+01  5.083874E+01  5.145103E+01  5.245189E+01  5.373908E+01  5.538728E+01  5.764382E+01
  6.085973E+01  6.525623E+01  7.050666E+01  7.665154E+01  8.326188E+01  8.931767E+01  9.378196E+01  9.662585E+01  9.823985E+01  9.909947E+01
  2.636793E+00  2.640248E+00  2.694489E+00  2.736617E+00  2.803565E+00  2.968057E+00  3.297007E+00  3.977486E+00  5.405640E+00  8.170172E+00
  1.398676E+01  2.484392E+01  4.160936E+01  6.053878E+01  7.617396E+01  8.670374E+01  9.293918E+01  9.635231E+01  2.675083E+00  2.678606E+00
  2.732511E+00  2.778703E+00  2.851369E+00  3.017043E+00  3.355961E+00  4.052010E+00  5.521096E+00  8.360343E+00  1.430018E+01  2.533590E+01
  4.213268E+01  6.091627E+01  7.640192E+01  8.683070E+01  9.300645E+01  9.638718E+01  2.799234E+00  2.802939E+00  2.863585E+00  2.914697E+00
  2.992098E+00  3.170229E+00  3.541820E+00  4.296824E+00  5.902745E+00  8.978206E+00  1.534683E+01  2.683144E+01  4.367958E+01  6.203583E+01
  7.707767E+01  8.720763E+01  9.320697E+01  9.649072E+01  3.035086E+00  3.039008E+00  3.103560E+00  3.166157E+00  3.252466E+00  3.464405E+00
  3.892163E+00  4.768617E+00  6.637139E+00  1.016271E+01  1.728891E+01  2.947347E+01  4.626617E+01  6.386454E+01  7.818633E+01  8.782793E+01
  9.353515E+01  9.666035E+01  3.418604E+00  3.424987E+00  3.500141E+00  3.573671E+00  3.690708E+00  3.958994E+00  4.489404E+00  5.594748E+00
  7.859638E+00  1.220124E+01  2.044662E+01  3.347081E+01  4.990465E+01  6.637874E+01  7.970550E+01  8.867414E+01  9.398544E+01  9.689278E+01
  4.055436E+00  4.059097E+00  4.156407E+00  4.261208E+00  4.428847E+00  4.799247E+00  5.538970E+00  7.050113E+00  1.008567E+01  1.563468E+01
  2.533254E+01  3.899812E+01  5.453234E+01  6.952139E+01  8.160530E+01  8.973280E+01  9.454817E+01  9.718341E+01  5.149407E+00  5.155302E+00
  5.304394E+00  5.462653E+00  5.739980E+00  6.313949E+00  7.477548E+00  9.745905E+00  1.410929E+01  2.151837E+01  3.275023E+01  4.620242E+01
  6.009235E+01  7.325602E+01  8.385883E+01  9.099191E+01  9.521539E+01  9.752830E+01  7.357994E+00  7.370943E+00  7.644052E+00  7.934421E+00
  8.454005E+00  9.500463E+00  1.155398E+01  1.539447E+01  2.201396E+01  3.164179E+01  4.323010E+01  5.491432E+01  6.652673E+01  7.756329E+01
  8.646376E+01  9.244517E+01  9.598703E+01  9.792659E+01  1.351312E+01  1.352155E+01  1.416090E+01  1.485420E+01  1.609912E+01  1.849543E+01
  2.276185E+01  2.959278E+01  3.861973E+01  4.766309E+01  5.628362E+01  6.495701E+01  7.388288E+01  8.248077E+01  8.943474E+01  9.410289E+01
  9.686774E+01  9.838129E+01  4.984261E+01  4.991789E+01  5.035838E+01  5.109297E+01  5.187171E+01  5.309962E+01  5.450618E+01  5.653057E+01
  5.945410E+01  6.313346E+01  6.791644E+01  7.380878E+01  8.036137E+01  8.683794E+01  9.203989E+01  9.556705E+01  9.764039E+01  9.878060E+01
  2.636793E+00  2.642891E+00  2.678170E+00  2.711163E+00  2.781634E+00  2.931898E+00  3.211449E+00  3.784456E+00  4.971975E+00  7.412428E+00
  1.244500E+01  2.230014E+01  3.832110E+01  5.738676E+01  7.383381E+01  8.523632E+01  9.210698E+01  9.591317E+01  2.675083E+00  2.682066E+00
  2.715873E+00  2.749145E+00  2.828047E+00  2.982282E+00  3.269379E+00  3.857310E+00  5.069360E+00  7.587731E+00  1.275730E+01  2.275074E+01
  3.885078E+01  5.779029E+01  7.408454E+01  8.537729E+01  9.218132E+01  9.595113E+01  2.799234E+00  2.806114E+00  2.848243E+00  2.881946E+00
  2.965020E+00  3.135383E+00  3.444519E+00  4.087983E+00  5.420812E+00  8.157081E+00  1.372468E+01  2.426324E+01  4.045502E+01  5.899336E+01
  7.482919E+01  8.579465E+01  9.240518E+01  9.606715E+01  3.035086E+00  3.041535E+00  3.087564E+00  3.129306E+00  3.220594E+00  3.418202E+00
  3.772261E+00  4.531721E+00  6.072468E+00  9.260147E+00  1.557537E+01  2.684972E+01  4.314796E+01  6.097283E+01  7.604482E+01  8.648129E+01
  9.277301E+01  9.625760E+01  3.418604E+00  3.426226E+00  3.483609E+00  3.537258E+00  3.654302E+00  3.900500E+00  4.359565E+00  5.318831E+00
  7.266284E+00  1.118267E+01  1.861508E+01  3.085056E+01  4.696341E+01  6.368516E+01  7.771185E+01  8.742389E+01  9.327608E+01  9.651814E+01
  4.055436E+00  4.065568E+00  4.137966E+00  4.216057E+00  4.383066E+00  4.727613E+00  5.373376E+00  6.707483E+00  9.358129E+00  1.447610E+01
  2.342729E+01  3.651958E+01  5.185280E+01  6.708732E+01  7.979814E+01  8.860303E+01  9.390610E+01  9.684432E+01  5.149407E+00  5.160819E+00
  5.287700E+00  5.410184E+00  5.682853E+00  6.219310E+00  7.246993E+00  9.313575E+00  1.324102E+01  2.020633E+01  3.082911E+01  4.393067E+01
  5.775272E+01  7.113218E+01  8.228159E+01  9.000283E+01  9.465545E+01  9.723241E+01  7.357994E+00  7.380358E+00  7.625812E+00  7.877752E+00
  8.368155E+00  9.365875E+00  1.124852E+01  1.481776E+01  2.096034E+01  3.022216E+01  4.148895E+01  5.305902E+01  6.459711E+01  7.580688E+01
  8.515260E+01  9.162279E+01  9.552099E+01  9.768056E+01  1.351312E+01  1.355670E+01  1.414056E+01  1.474684E+01  1.592085E+01  1.820579E+01
  2.218394E+01  2.866485E+01  3.735525E+01  4.654469E+01  5.501010E+01  6.354844E+01  7.241485E+01  8.114533E+01  8.842930E+01  9.347099E+01
  9.650858E+01  9.819148E+01  4.984261E+01  4.999937E+01  5.049889E+01  5.103337E+01  5.174768E+01  5.274750E+01  5.431207E+01  5.625914E+01
  5.885287E+01  6.247353E+01  6.698299E+01  7.270848E+01  7.921731E+01  8.579755E+01  9.125065E+01  9.506937E+01  9.736973E+01  9.863349E+01
  2.636793E+00  2.642492E+00  2.671308E+00  2.701805E+00  2.763210E+00  2.893173E+00  3.160939E+00  3.694640E+00  4.759898E+00  7.078599E+00
  1.171696E+01  2.096162E+01  3.646955E+01  5.561761E+01  7.248417E+01  8.436431E+01  9.161679E+01  9.564793E+01  2.675083E+00  2.680406E+00
  2.708307E+00  2.742294E+00  2.809998E+00  2.940466E+00  3.217322E+00  3.766044E+00  4.865066E+00  7.221034E+00  1.200192E+01  2.142731E+01
  3.702054E+01  5.601789E+01  7.274175E+01  8.451175E+01  9.169480E+01  9.568764E+01  2.799234E+00  2.807024E+00  2.839996E+00  2.871079E+00
  2.947539E+00  3.088647E+00  3.390503E+00  3.981648E+00  5.183011E+00  7.783475E+00  1.295146E+01  2.287928E+01  3.864247E+01  5.725619E+01
  7.352217E+01  8.495441E+01  9.193227E+01  9.581133E+01  3.035086E+00  3.040761E+00  3.080009E+00  3.118390E+00  3.201061E+00  3.370619E+00
  3.709267E+00  4.418609E+00  5.822420E+00  8.856172E+00  1.472563E+01  2.547964E+01  4.138921E+01  5.933794E+01  7.480079E+01  8.568266E+01
  9.232284E+01  9.601386E+01  3.418604E+00  3.427552E+00  3.474937E+00  3.525319E+00  3.628804E+00  3.846885E+00  4.276165E+00  5.168360E+00
  6.967645E+00  1.072854E+01  1.772239E+01  2.947031E+01  4.527943E+01  6.215609E+01  7.655915E+01  8.667983E+01  9.285765E+01  9.629145E+01
  4.055436E+00  4.064395E+00  4.126813E+00  4.200220E+00  4.357917E+00  4.660887E+00  5.278076E+00  6.542467E+00  9.007244E+00  1.395923E+01
  2.246709E+01  3.514992E+01  5.034998E+01  6.569956E+01  7.875502E+01  8.792815E+01  9.352754E+01  9.663894E+01  5.149407E+00  5.158078E+00
  5.269495E+00  5.388829E+00  5.645315E+00  6.137279E+00  7.131890E+00  9.102008E+00  1.281261E+01  1.958943E+01  2.983862E+01  4.270401E+01
  5.641708E+01  6.991611E+01  8.137091E+01  8.941492E+01  9.432520E+01  9.705324E+01  7.357994E+00  7.374979E+00  7.608893E+00  7.847487E+00
  8.324350E+00  9.249032E+00  1.110315E+01  1.452990E+01  2.044485E+01  2.957537E+01  4.060310E+01  5.201738E+01  6.347443E+01  7.481097E+01
  8.439754E+01  9.113407E+01  9.524702E+01  9.753134E+01  1.351312E+01  1.353758E+01  1.410715E+01  1.469293E+01  1.584305E+01  1.799534E+01
  2.191330E+01  2.827238E+01  3.680225E+01  4.602713E+01  5.438686E+01  6.276623E+01  7.159637E+01  8.039187E+01  8.784776E+01  9.309489E+01
  9.629808E+01  9.807690E+01  4.984261E+01  4.989978E+01  5.043874E+01  5.092656E+01  5.158741E+01  5.259834E+01  5.420818E+01  5.611122E+01
  5.859593E+01  6.213018E+01  6.662645E+01  7.222793E+01  7.858216E+01  8.516317E+01  9.081459E+01  9.479806E+01  9.720757E+01  9.854876E+01
  2.636793E+00  2.642241E+00  2.680033E+00  2.701676E+00  2.768627E+00  2.872620E+00  3.126287E+00  3.618475E+00  4.639967E+00  6.762321E+00
  1.124536E+01  2.010767E+01  3.533565E+01  5.441686E+01  7.155893E+01  8.376042E+01  9.126493E+01  9.545804E+01  2.675083E+00  2.679294E+00
  2.718339E+00  2.741115E+00  2.812388E+00  2.922455E+00  3.184190E+00  3.687308E+00  4.745076E+00  6.920356E+00  1.153333E+01  2.056878E+01
  3.587709E+01  5.483699E+01  7.182752E+01  8.391199E+01  9.134595E+01  9.549867E+01  2.799234E+00  2.807505E+00  2.849874E+00  2.871861E+00
  2.952687E+00  3.070873E+00  3.347944E+00  3.909166E+00  5.053591E+00  7.447568E+00  1.245502E+01  2.201109E+01  3.752601E+01  5.612432E+01
  7.263583E+01  8.437354E+01  9.159443E+01  9.562717E+01  3.035086E+00  3.040007E+00  3.088788E+00  3.118447E+00  3.204306E+00  3.345328E+00
  3.673463E+00  4.322041E+00  5.671912E+00  8.486001E+00  1.420300E+01  2.458735E+01  4.031553E+01  5.822761E+01  7.395697E+01  8.512983E+01
  9.200034E+01  9.583883E+01  3.418604E+00  3.427586E+00  3.480552E+00  3.522076E+00  3.630004E+00  3.818552E+00  4.231380E+00  5.069032E+00
  6.799873E+00  1.030030E+01  1.712605E+01  2.858197E+01  4.428118E+01  6.114513E+01  7.577380E+01  8.616393E+01  9.255733E+01  9.612870E+01
  4.055436E+00  4.064610E+00  4.138526E+00  4.200461E+00  4.349787E+00  4.627764E+00  5.217538E+00  6.409520E+00  8.788774E+00  1.346810E+01
  2.184063E+01  3.427262E+01  4.938811E+01  6.477871E+01  7.805072E+01  8.746133E+01  9.325588E+01  9.649127E+01  5.149407E+00  5.159345E+00
  5.281575E+00  5.386685E+00  5.641878E+00  6.094476E+00  7.056425E+00  8.935614E+00  1.255126E+01  1.905817E+01  2.921873E+01  4.190913E+01
  5.560633E+01  6.911707E+01  8.075639E+01  8.900839E+01  9.408832E+01  9.692413E+01  7.357994E+00  7.369264E+00  7.607307E+00  7.840733E+00
  8.303801E+00  9.191420E+00  1.098489E+01  1.431863E+01  2.012660E+01  2.899212E+01  4.004320E+01  5.135790E+01  6.283371E+01  7.414052E+01
  8.389150E+01  9.079822E+01  9.504999E+01  9.742410E+01  1.351312E+01  1.353490E+01  1.411854E+01  1.468572E+01  1.579561E+01  1.789365E+01
  2.172241E+01  2.790981E+01  3.642187E+01  4.555867E+01  5.402188E+01  6.230496E+01  7.108263E+01  7.987236E+01  8.746738E+01  9.283555E+01
  9.614632E+01  9.799325E+01  4.984261E+01  4.997506E+01  5.037610E+01  5.094024E+01  5.155405E+01  5.258472E+01  5.411524E+01  5.600779E+01
  5.847001E+01  6.183850E+01  6.635976E+01  7.182119E+01  7.817520E+01  8.475752E+01  9.049625E+01  9.457462E+01  9.708607E+01  9.848176E+01
  2.636793E+00  2.641552E+00  2.671465E+00  2.699428E+00  2.756742E+00  2.871860E+00  3.112548E+00  3.669721E+00  4.597651E+00  6.618601E+00
  1.090354E+01  1.955062E+01  3.461639E+01  5.368486E+01  7.095663E+01  8.337989E+01  9.103946E+01  9.533752E+01  2.675083E+00  2.679827E+00
  2.708297E+00  2.737251E+00  2.801934E+00  2.922205E+00  3.166747E+00  3.708714E+00  4.677710E+00  6.779761E+00  1.117521E+01  2.001935E+01
  3.515900E+01  5.411414E+01  7.123144E+01  8.353671E+01  9.112202E+01  9.537873E+01  2.799234E+00  2.806023E+00  2.840008E+00  2.868572E+00
  2.937861E+00  3.068455E+00  3.331198E+00  3.919500E+00  4.993584E+00  7.271272E+00  1.208494E+01  2.143994E+01  3.681427E+01  5.541896E+01
  7.205309E+01  8.400736E+01  9.137584E+01  9.551172E+01  3.035086E+00  3.040637E+00  3.077483E+00  3.115177E+00  3.191499E+00  3.338655E+00
  3.649367E+00  4.341595E+00  5.609855E+00  8.301968E+00  1.380737E+01  2.402335E+01  3.963190E+01  5.756633E+01  7.340341E+01  8.477949E+01
  9.179260E+01  9.572825E+01  3.418604E+00  3.425853E+00  3.474473E+00  3.518659E+00  3.616234E+00  3.811302E+00  4.203660E+00  5.125671E+00
  6.700064E+00  1.013295E+01  1.672141E+01  2.801764E+01  4.362326E+01  6.050955E+01  7.525624E+01  8.584042E+01  9.236419E+01  9.602520E+01
  4.055436E+00  4.061256E+00  4.125470E+00  4.195610E+00  4.335065E+00  4.615849E+00  5.192358E+00  6.478657E+00  8.684824E+00  1.325529E+01
  2.139946E+01  3.372128E+01  4.879238E+01  6.422281E+01  7.757773E+01  8.716843E+01  9.308004E+01  9.639796E+01  5.149407E+00  5.155647E+00
  5.266404E+00  5.379607E+00  5.619505E+00  6.077308E+00  7.019810E+00  8.945045E+00  1.243132E+01  1.882643E+01  2.875847E+01  4.138464E+01
  5.507575E+01  6.863657E+01  8.034461E+01  8.875216E+01  9.393470E+01  9.684276E+01  7.357994E+00  7.369818E+00  7.604504E+00  7.835429E+00
  8.284819E+00  9.179221E+00  1.092684E+01  1.445549E+01  1.997491E+01  2.869985E+01  3.964397E+01  5.094645E+01  6.240018E+01  7.375230E+01
  8.354631E+01  9.058581E+01  9.492207E+01  9.735678E+01  1.351312E+01  1.353950E+01  1.409069E+01  1.466833E+01  1.577152E+01  1.783801E+01
  2.162440E+01  2.802336E+01  3.628660E+01  4.530648E+01  5.369983E+01  6.199351E+01  7.075602E+01  7.958401E+01  8.720171E+01  9.267426E+01
  9.604688E+01  9.794239E+01  4.984261E+01  4.992659E+01  5.042043E+01  5.089945E+01  5.162138E+01  5.255229E+01  5.408527E+01  5.583060E+01
  5.847818E+01  6.169798E+01  6.609100E+01  7.157153E+01  7.792900E+01  8.457999E+01  9.029808E+01  9.445614E+01  9.701291E+01  9.844488E+01
  2.636793E+00  2.645939E+00  2.670873E+00  2.696244E+00  2.746143E+00  2.866192E+00  3.106320E+00  3.566939E+00  4.524432E+00  6.532358E+00
  1.070235E+01  1.923524E+01  3.413675E+01  5.316314E+01  7.055901E+01  8.311404E+01  9.088702E+01  9.525628E+01  2.675083E+00  2.685200E+00
  2.708100E+00  2.734499E+00  2.790269E+00  2.913650E+00  3.158261E+00  3.630482E+00  4.617275E+00  6.671485E+00  1.097773E+01  1.969233E+01
  3.468192E+01  5.360250E+01  7.083484E+01  8.327173E+01  9.097150E+01  9.529861E+01  2.799234E+00  2.811080E+00  2.838520E+00  2.865626E+00
  2.930431E+00  3.057565E+00  3.324145E+00  3.838049E+00  4.920298E+00  7.196895E+00  1.188310E+01  2.111117E+01  3.630082E+01  5.491946E+01
  7.166874E+01  8.375010E+01  9.122876E+01  9.543346E+01  3.035086E+00  3.045931E+00  3.077552E+00  3.112857E+00  3.180711E+00  3.332458E+00
  3.637440E+00  4.246643E+00  5.518683E+00  8.193107E+00  1.359470E+01  2.368404E+01  3.911775E+01  5.708782E+01  7.303893E+01  8.453615E+01
  9.165275E+01  9.565379E+01  3.418604E+00  3.430172E+00  3.472576E+00  3.517178E+00  3.609759E+00  3.799777E+00  4.189054E+00  4.978524E+00
  6.608531E+00  9.974028E+00  1.648886E+01  2.767027E+01  4.319297E+01  6.006857E+01  7.491856E+01  8.561227E+01  9.223496E+01  9.595663E+01
  4.055436E+00  4.066937E+00  4.124555E+00  4.191106E+00  4.323243E+00  4.601185E+00  5.164176E+00  6.290880E+00  8.580318E+00  1.309808E+01
  2.116378E+01  3.338723E+01  4.837522E+01  6.381509E+01  7.727126E+01  8.696255E+01  9.296219E+01  9.633575E+01  5.149407E+00  5.165817E+00
  5.265928E+00  5.374444E+00  5.609457E+00  6.061402E+00  6.982988E+00  8.794994E+00  1.229081E+01  1.863688E+01  2.851371E+01  4.108503E+01
  5.480210E+01  6.828017E+01  8.007601E+01  8.857233E+01  9.383115E+01  9.678845E+01  7.357994E+00  7.386704E+00  7.595806E+00  7.830729E+00
  8.262095E+00  9.155295E+00  1.087354E+01  1.412579E+01  1.981582E+01  2.854442E+01  3.940983E+01  5.068481E+01  6.209587E+01  7.345670E+01
  8.332474E+01  9.043537E+01  9.483602E+01  9.731230E+01  1.351312E+01  1.355793E+01  1.408862E+01  1.465494E+01  1.571109E+01  1.779677E+01
  2.156620E+01  2.765339E+01  3.606863E+01  4.523184E+01  5.351968E+01  6.180275E+01  7.052422E+01  7.935764E+01  8.703139E+01  9.255905E+01
  9.598103E+01  9.790966E+01  4.984261E+01  4.999583E+01  5.042920E+01  5.092432E+01  5.148729E+01  5.255603E+01  5.397722E+01  5.582692E+01
  5.833252E+01  6.173592E+01  6.590519E+01  7.144632E+01  7.767319E+01  8.436256E+01  9.017471E+01  9.437934E+01  9.695942E+01  9.842014E+01
  2.636793E+00  2.637220E+00  2.660709E+00  2.695405E+00  2.753098E+00  2.862813E+00  3.088044E+00  3.543815E+00  4.488438E+00  6.410949E+00
  1.051568E+01  1.890239E+01  3.362232E+01  5.267880E+01  7.018275E+01  8.286391E+01  9.074089E+01  9.517585E+01  2.675083E+00  2.677000E+00
  2.698835E+00  2.734989E+00  2.799059E+00  2.911847E+00  3.136919E+00  3.605605E+00  4.576290E+00  6.567700E+00  1.075372E+01  1.936047E+01
  3.414177E+01  5.312356E+01  7.046201E+01  8.302447E+01  9.082630E+01  9.521936E+01  2.799234E+00  2.799763E+00  2.831400E+00  2.866300E+00
  2.933762E+00  3.052532E+00  3.303171E+00  3.809250E+00  4.875065E+00  7.067604E+00  1.168647E+01  2.077632E+01  3.584800E+01  5.445276E+01
  7.130669E+01  8.351008E+01  9.108896E+01  9.535555E+01  3.035086E+00  3.035583E+00  3.068181E+00  3.111350E+00  3.187005E+00  3.326831E+00
  3.617206E+00  4.214046E+00  5.462028E+00  8.061851E+00  1.335476E+01  2.333564E+01  3.871300E+01  5.664359E+01  7.269370E+01  8.430695E+01
  9.151925E+01  9.558059E+01  3.418604E+00  3.421773E+00  3.461972E+00  3.513207E+00  3.610576E+00  3.794251E+00  4.168641E+00  4.939585E+00
  6.532509E+00  9.819345E+00  1.624471E+01  2.732551E+01  4.271442E+01  5.965339E+01  7.459220E+01  8.539890E+01  9.210918E+01  9.588770E+01
  4.055436E+00  4.055362E+00  4.112163E+00  4.189678E+00  4.325101E+00  4.595719E+00  5.137276E+00  6.246338E+00  8.510622E+00  1.291210E+01
  2.093313E+01  3.305962E+01  4.795244E+01  6.343948E+01  7.697861E+01  8.676867E+01  9.284935E+01  9.627421E+01  5.149407E+00  5.148832E+00
  5.260099E+00  5.371998E+00  5.606375E+00  6.049692E+00  6.964022E+00  8.740125E+00  1.221033E+01  1.843076E+01  2.828444E+01  4.077567E+01
  5.436148E+01  6.795258E+01  7.982210E+01  8.840330E+01  9.373313E+01  9.673434E+01  7.357994E+00  7.359469E+00  7.589708E+00  7.826371E+00
  8.268786E+00  9.141275E+00  1.083718E+01  1.405947E+01  1.970995E+01  2.832513E+01  3.916964E+01  5.042361E+01  6.178745E+01  7.318767E+01
  8.311858E+01  9.029478E+01  9.475549E+01  9.726796E+01  1.351312E+01  1.351264E+01  1.407058E+01  1.465143E+01  1.573380E+01  1.778310E+01
  2.149807E+01  2.756358E+01  3.596732E+01  4.502920E+01  5.336120E+01  6.161895E+01  7.031054E+01  7.915089E+01  8.686825E+01  9.245210E+01
  9.591908E+01  9.787434E+01  4.984261E+01  4.989596E+01  5.045930E+01  5.089894E+01  5.157677E+01  5.254248E+01  5.402605E+01  5.580272E+01
  5.821127E+01  6.154713E+01  6.574954E+01  7.129152E+01  7.756300E+01  8.418011E+01  9.006905E+01  9.428569E+01  9.691312E+01  9.839134E+01
  2.636793E+00  2.639022E+00  2.669172E+00  2.698025E+00  2.746173E+00  2.852962E+00  3.081251E+00  3.529432E+00  4.438517E+00  6.354616E+00
  1.040644E+01  1.867255E+01  3.331844E+01  5.231030E+01  6.989738E+01  8.267530E+01  9.062923E+01  9.511833E+01  2.675083E+00  2.677119E+00
  2.707630E+00  2.736364E+00  2.790721E+00  2.901612E+00  3.133485E+00  3.593764E+00  4.533860E+00  6.504849E+00  1.068117E+01  1.912325E+01
  3.386281E+01  5.276085E+01  7.018017E+01  8.283788E+01  9.071560E+01  9.516203E+01  2.799234E+00  2.803604E+00  2.839050E+00  2.870165E+00
  2.925112E+00  3.045091E+00  3.296151E+00  3.795690E+00  4.828434E+00  7.002961E+00  1.156228E+01  2.053615E+01  3.554864E+01  5.409968E+01
  7.103164E+01  8.332890E+01  9.098051E+01  9.530053E+01  3.035086E+00  3.037327E+00  3.075264E+00  3.113000E+00  3.176322E+00  3.317327E+00
  3.607425E+00  4.199273E+00  5.412138E+00  7.982912E+00  1.324714E+01  2.309335E+01  3.839362E+01  5.630370E+01  7.243200E+01  8.413426E+01
  9.141566E+01  9.552755E+01  3.418604E+00  3.421467E+00  3.469735E+00  3.514083E+00  3.599229E+00  3.783185E+00  4.157397E+00  4.921258E+00
  6.484693E+00  9.739944E+00  1.612875E+01  2.707307E+01  4.243740E+01  5.933836E+01  7.435075E+01  8.523727E+01  9.201292E+01  9.583883E+01
  4.055436E+00  4.059102E+00  4.121047E+00  4.190158E+00  4.314063E+00  4.581610E+00  5.123311E+00  6.219140E+00  8.427620E+00  1.280980E+01
  2.075444E+01  3.280625E+01  4.771478E+01  6.315257E+01  7.675760E+01  8.662251E+01  9.276268E+01  9.622984E+01  5.149407E+00  5.154835E+00
  5.262334E+00  5.372486E+00  5.593544E+00  6.035834E+00  6.940654E+00  8.713325E+00  1.212392E+01  1.832217E+01  2.808881E+01  4.054817E+01
  5.413756E+01  6.770048E+01  7.963159E+01  8.827585E+01  9.365673E+01  9.669553E+01  7.357994E+00  7.369086E+00  7.591557E+00  7.820473E+00
  8.254873E+00  9.117112E+00  1.081654E+01  1.401585E+01  1.960233E+01  2.821318E+01  3.903213E+01  5.023780E+01  6.163064E+01  7.297746E+01
  8.295930E+01  9.018842E+01  9.469218E+01  9.723535E+01  1.351312E+01  1.352771E+01  1.407631E+01  1.463910E+01  1.570308E+01  1.774183E+01
  2.145136E+01  2.750062E+01  3.582758E+01  4.491463E+01  5.328726E+01  6.147101E+01  7.017865E+01  7.899082E+01  8.674532E+01  9.236954E+01
  9.587157E+01  9.785131E+01  4.984261E+01  4.988758E+01  5.039371E+01  5.089698E+01  5.154458E+01  5.255367E+01  5.398974E+01  5.577907E+01
  5.820057E+01  6.147106E+01  6.582200E+01  7.122413E+01  7.750899E+01  8.406319E+01  8.997633E+01  9.422686E+01  9.687972E+01  9.837172E+01
  2.636793E+00  2.638348E+00  2.668456E+00  2.694852E+00  2.739779E+00  2.850961E+00  3.069855E+00  3.516541E+00  4.420550E+00  6.293778E+00
  1.031303E+01  1.847387E+01  3.305052E+01  5.202388E+01  6.965678E+01  8.251382E+01  9.053420E+01  9.506728E+01  2.675083E+00  2.678336E+00
  2.705900E+00  2.732421E+00  2.780243E+00  2.899067E+00  3.125448E+00  3.580281E+00  4.488932E+00  6.446795E+00  1.057465E+01  1.892071E+01
  3.359922E+01  5.247708E+01  6.994299E+01  8.267829E+01  9.062190E+01  9.511178E+01  2.799234E+00  2.803098E+00  2.836480E+00  2.864805E+00
  2.918096E+00  3.041274E+00  3.285087E+00  3.781752E+00  4.790370E+00  6.934222E+00  1.147586E+01  2.033531E+01  3.528689E+01  5.382403E+01
  7.080172E+01  8.317324E+01  9.088996E+01  9.525192E+01  3.035086E+00  3.039433E+00  3.075133E+00  3.109181E+00  3.169145E+00  3.312487E+00
  3.599954E+00  4.183796E+00  5.398757E+00  7.904297E+00  1.313498E+01  2.288672E+01  3.812327E+01  5.604161E+01  7.221124E+01  8.398631E+01
  9.132995E+01  9.548093E+01  3.418604E+00  3.423917E+00  3.467221E+00  3.509300E+00  3.590863E+00  3.777505E+00  4.140230E+00  4.896876E+00
  6.443845E+00  9.648329E+00  1.601370E+01  2.686516E+01  4.219444E+01  5.909428E+01  7.414636E+01  8.510088E+01  9.193273E+01  9.579575E+01
  4.055436E+00  4.057534E+00  4.119832E+00  4.186626E+00  4.305940E+00  4.575653E+00  5.106644E+00  6.193708E+00  8.384665E+00  1.271741E+01
  2.066855E+01  3.260800E+01  4.750457E+01  6.293448E+01  7.657347E+01  8.649831E+01  9.269026E+01  9.619066E+01  5.149407E+00  5.153513E+00
  5.259801E+00  5.366509E+00  5.586152E+00  6.030840E+00  6.918177E+00  8.678524E+00  1.207588E+01  1.821105E+01  2.797424E+01  4.036950E+01
  5.397147E+01  6.751065E+01  7.946942E+01  8.816839E+01  9.359365E+01  9.666168E+01  7.357994E+00  7.364045E+00  7.595485E+00  7.818946E+00
  8.235549E+00  9.101802E+00  1.079512E+01  1.397471E+01  1.951434E+01  2.810127E+01  3.893606E+01  5.009389E+01  6.150038E+01  7.282320E+01
  8.282533E+01  9.009905E+01  9.464048E+01  9.720770E+01  1.351312E+01  1.352881E+01  1.407924E+01  1.462855E+01  1.566771E+01  1.771961E+01
  2.139805E+01  2.742759E+01  3.575268E+01  4.482187E+01  5.322169E+01  6.137213E+01  7.008814E+01  7.887604E+01  8.664749E+01  9.230069E+01
  9.583282E+01  9.782963E+01  4.984261E+01  4.991682E+01  5.040716E+01  5.088402E+01  5.138687E+01  5.256665E+01  5.397688E+01  5.575601E+01
  5.817478E+01  6.144971E+01  6.565633E+01  7.113870E+01  7.740850E+01  8.396720E+01  8.988901E+01  9.417300E+01  9.685136E+01  9.835761E+01
  2.636793E+00  2.645408E+00  2.668906E+00  2.687881E+00  2.745472E+00  2.845246E+00  3.074030E+00  3.508381E+00  4.399755E+00  6.247275E+00
  1.020218E+01  1.833331E+01  3.276508E+01  5.178193E+01  6.946281E+01  8.238741E+01  9.046116E+01  9.502515E+01  2.675083E+00  2.684644E+00
  2.705764E+00  2.727602E+00  2.790607E+00  2.892501E+00  3.126663E+00  3.573004E+00  4.483269E+00  6.388663E+00  1.046254E+01  1.876998E+01
  3.331370E+01  5.223480E+01  6.975155E+01  8.255244E+01  9.055017E+01  9.507021E+01  2.799234E+00  2.810349E+00  2.837147E+00  2.858654E+00
  2.925485E+00  3.039369E+00  3.290221E+00  3.772712E+00  4.775328E+00  6.882883E+00  1.133950E+01  2.019461E+01  3.501749E+01  5.359480E+01
  7.061339E+01  8.305030E+01  9.082026E+01  9.521117E+01  3.035086E+00  3.043628E+00  3.074880E+00  3.101390E+00  3.176403E+00  3.304043E+00
  3.599596E+00  4.171763E+00  5.356138E+00  7.872167E+00  1.300139E+01  2.273692E+01  3.786030E+01  5.581804E+01  7.203451E+01  8.386925E+01
  9.126330E+01  9.544237E+01  3.418604E+00  3.432330E+00  3.468570E+00  3.502924E+00  3.597892E+00  3.771886E+00  4.140795E+00  4.885880E+00
  6.419581E+00  9.597545E+00  1.584208E+01  2.672857E+01  4.194807E+01  5.888911E+01  7.398063E+01  8.499284E+01  9.186999E+01  9.575961E+01
  4.055436E+00  4.069397E+00  4.119735E+00  4.177118E+00  4.310592E+00  4.566869E+00  5.100533E+00  6.179246E+00  8.350370E+00  1.265850E+01
  2.048350E+01  3.245366E+01  4.726238E+01  6.274950E+01  7.642191E+01  8.639950E+01  9.263424E+01  9.615805E+01  5.149407E+00  5.164231E+00
  5.259756E+00  5.360174E+00  5.589340E+00  6.020361E+00  6.916898E+00  8.655545E+00  1.202197E+01  1.815664E+01  2.780574E+01  4.022298E+01
  5.375050E+01  6.734959E+01  7.933943E+01  8.808122E+01  9.354469E+01  9.663297E+01  7.357994E+00  7.384064E+00  7.592589E+00  7.808626E+00
  8.246295E+00  9.091902E+00  1.078703E+01  1.395120E+01  1.948568E+01  2.801837E+01  3.877549E+01  4.998226E+01  6.129252E+01  7.268861E+01
  8.271553E+01  9.002757E+01  9.459947E+01  9.718362E+01  1.351312E+01  1.356945E+01  1.407506E+01  1.460979E+01  1.569298E+01  1.772802E+01
  2.139155E+01  2.739418E+01  3.570418E+01  4.477440E+01  5.309341E+01  6.129580E+01  6.992416E+01  7.876984E+01  8.656377E+01  9.224583E+01
  9.580193E+01  9.781139E+01  4.984261E+01  4.998751E+01  5.040807E+01  5.081528E+01  5.157644E+01  5.252263E+01  5.398241E+01  5.575118E+01
  5.817066E+01  6.137043E+01  6.568790E+01  7.106119E+01  7.726926E+01  8.384616E+01  8.982436E+01  9.412269E+01  9.682894E+01  9.834408E+01
  2.636793E+00  2.641439E+00  2.665082E+00  2.692960E+00  2.747471E+00  2.847150E+00  3.063915E+00  3.499574E+00  4.374549E+00  6.217965E+00
  1.012094E+01  1.818169E+01  3.260859E+01  5.157240E+01  6.929184E+01  8.227518E+01  9.039517E+01  9.498824E+01  2.675083E+00  2.682045E+00
  2.702505E+00  2.730717E+00  2.790404E+00  2.894666E+00  3.114932E+00  3.562277E+00  4.467541E+00  6.364906E+00  1.038132E+01  1.863173E+01
  3.315339E+01  5.202715E+01  6.958125E+01  8.244193E+01  9.048436E+01  9.503326E+01  2.799234E+00  2.808858E+00  2.834028E+00  2.862896E+00
  2.928355E+00  3.036095E+00  3.276250E+00  3.761991E+00  4.749274E+00  6.850090E+00  1.125584E+01  2.003184E+01  3.483939E+01  5.338607E+01
  7.044881E+01  8.294319E+01  9.075605E+01  9.517557E+01  3.035086E+00  3.039970E+00  3.071225E+00  3.107195E+00  3.174424E+00  3.307333E+00
  3.584646E+00  4.155195E+00  5.334376E+00  7.805578E+00  1.292882E+01  2.258777E+01  3.770376E+01  5.562413E+01  7.187731E+01  8.376688E+01
  9.120233E+01  9.540860E+01  3.418604E+00  3.427244E+00  3.463009E+00  3.506776E+00  3.597922E+00  3.770285E+00  4.127685E+00  4.867961E+00
  6.379509E+00  9.539515E+00  1.579023E+01  2.656372E+01  4.178646E+01  5.870602E+01  7.383312E+01  8.489660E+01  9.181453E+01  9.572789E+01
  4.055436E+00  4.065040E+00  4.115922E+00  4.182165E+00  4.309469E+00  4.565485E+00  5.090270E+00  6.157776E+00  8.307526E+00  1.259244E+01
  2.046005E+01  3.231376E+01  4.711377E+01  6.257931E+01  7.629021E+01  8.631373E+01  9.258272E+01  9.612887E+01  5.149407E+00  5.163707E+00
  5.258964E+00  5.363091E+00  5.593342E+00  6.018537E+00  6.898781E+00  8.630788E+00  1.198073E+01  1.807252E+01  2.773718E+01  4.009632E+01
  5.361858E+01  6.720235E+01  7.922308E+01  8.800725E+01  9.350022E+01  9.660754E+01  7.357994E+00  7.372044E+00  7.581841E+00  7.814706E+00
  8.241889E+00  9.090604E+00  1.076800E+01  1.392345E+01  1.943681E+01  2.795623E+01  3.870340E+01  4.986845E+01  6.120623E+01  7.256725E+01
  8.262112E+01  8.996657E+01  9.456406E+01  9.716232E+01  1.351312E+01  1.353923E+01  1.405955E+01  1.462044E+01  1.568371E+01  1.769471E+01
  2.136274E+01  2.736994E+01  3.563979E+01  4.471943E+01  5.304696E+01  6.121233E+01  6.985074E+01  7.868333E+01  8.649210E+01  9.219949E+01
  9.577480E+01  9.779472E+01  4.984261E+01  4.996732E+01  5.040717E+01  5.087397E+01  5.160077E+01  5.252457E+01  5.398936E+01  5.577116E+01
  5.812761E+01  6.138771E+01  6.564916E+01  7.101039E+01  7.723682E+01  8.378059E+01  8.976877E+01  9.409360E+01  9.680046E+01  9.833140E+01
  2.636793E+00  2.619684E+00  2.666755E+00  2.689226E+00  2.745218E+00  2.845771E+00  3.063576E+00  3.491899E+00  4.368096E+00  6.176329E+00
  1.019599E+01  1.806357E+01  3.246540E+01  5.143177E+01  6.917532E+01  8.219365E+01  9.034794E+01  9.496160E+01  2.675083E+00  2.658553E+00
  2.703674E+00  2.727702E+00  2.788407E+00  2.893173E+00  3.115192E+00  3.552721E+00  4.449198E+00  6.274010E+00  1.017415E+01  1.851849E+01
  3.301587E+01  5.188451E+01  6.946802E+01  8.236142E+01  9.043768E+01  9.500734E+01  2.799234E+00  2.781839E+00  2.835147E+00  2.858933E+00
  2.923833E+00  3.034598E+00  3.274026E+00  3.751673E+00  4.740605E+00  6.781618E+00  1.140953E+01  1.991858E+01  3.470838E+01  5.324917E+01
  7.033903E+01  8.286650E+01  9.071059E+01  9.514996E+01  3.035086E+00  3.016895E+00  3.072562E+00  3.103185E+00  3.173644E+00  3.305830E+00
  3.581870E+00  4.148299E+00  5.316839E+00  7.765276E+00  1.160246E+01  2.247941E+01  3.756863E+01  5.549203E+01  7.176965E+01  8.369247E+01
  9.115906E+01  9.538412E+01  3.418604E+00  3.393648E+00  3.464675E+00  3.505515E+00  3.595120E+00  3.768541E+00  4.122991E+00  4.858541E+00
  6.365014E+00  9.541281E+00  1.536360E+01  2.644356E+01  4.167212E+01  5.858281E+01  7.373260E+01  8.482725E+01  9.177421E+01  9.570522E+01
  4.055436E+00  4.023863E+00  4.117602E+00  4.176218E+00  4.308322E+00  4.561092E+00  5.087814E+00  6.150737E+00  8.290408E+00  1.260348E+01
  2.085571E+01  3.218674E+01  4.700791E+01  6.247079E+01  7.620029E+01  8.625111E+01  9.254599E+01  9.610856E+01  5.149407E+00  5.112960E+00
  5.256073E+00  5.360323E+00  5.584351E+00  6.016711E+00  6.892547E+00  8.618502E+00  1.196253E+01  1.803183E+01  2.934777E+01  3.999328E+01
  5.352257E+01  6.710890E+01  7.914600E+01  8.795319E+01  9.346810E+01  9.658953E+01  7.357994E+00  7.313849E+00  7.591375E+00  7.809339E+00
  8.241265E+00  9.085992E+00  1.075995E+01  1.390114E+01  1.941215E+01  2.786160E+01  4.079198E+01  4.979930E+01  6.112046E+01  7.248989E+01
  8.255830E+01  8.992097E+01  9.453639E+01  9.714760E+01  1.351312E+01  1.339807E+01  1.407209E+01  1.460938E+01  1.568113E+01  1.768909E+01
  2.135630E+01  2.732864E+01  3.561105E+01  4.468250E+01  5.420990E+01  6.113438E+01  6.981048E+01  7.862611E+01  8.644462E+01  9.216474E+01
  9.575252E+01  9.778323E+01  4.984261E+01  4.919412E+01  5.040042E+01  5.086307E+01  5.157719E+01  5.252587E+01  5.397411E+01  5.569955E+01
  5.811061E+01  6.134506E+01  6.638264E+01  7.089626E+01  7.724770E+01  8.374754E+01  8.973573E+01  9.406244E+01  9.678600E+01  9.832413E+01
  2.636793E+00  2.636461E+00  2.670102E+00  2.698014E+00  2.742371E+00  2.861750E+00  3.060910E+00  3.498629E+00  4.349823E+00  6.185904E+00
  1.004265E+01  1.798717E+01  3.232893E+01  5.127138E+01  6.905357E+01  8.211490E+01  9.030129E+01  9.493764E+01  2.675083E+00  2.675818E+00
  2.706827E+00  2.735292E+00  2.786317E+00  2.905617E+00  3.113832E+00  3.535527E+00  4.440240E+00  6.296376E+00  1.030956E+01  1.841704E+01
  3.288258E+01  5.173549E+01  6.934502E+01  8.228303E+01  9.039301E+01  9.498370E+01  2.799234E+00  2.800783E+00  2.838598E+00  2.866479E+00
  2.921478E+00  3.045969E+00  3.271745E+00  3.745357E+00  4.725991E+00  6.794080E+00  1.116813E+01  1.982278E+01  3.458231E+01  5.309801E+01
  7.021975E+01  8.278727E+01  9.066728E+01  9.512715E+01  3.035086E+00  3.034287E+00  3.076030E+00  3.112501E+00  3.172364E+00  3.323113E+00
  3.578840E+00  4.146837E+00  5.297679E+00  7.760880E+00  1.281254E+01  2.239099E+01  3.745666E+01  5.534726E+01  7.165734E+01  8.361936E+01
  9.111661E+01  9.536232E+01  3.418604E+00  3.416908E+00  3.466695E+00  3.513188E+00  3.592904E+00  3.784454E+00  4.120930E+00  4.859632E+00
  6.345615E+00  9.477966E+00  1.562966E+01  2.633941E+01  4.154742E+01  5.844688E+01  7.363052E+01  8.475789E+01  9.173401E+01  9.568504E+01
  4.055436E+00  4.055553E+00  4.120851E+00  4.186415E+00  4.306917E+00  4.575331E+00  5.079313E+00  6.143445E+00  8.267487E+00  1.254600E+01
  2.025680E+01  3.211208E+01  4.689797E+01  6.234983E+01  7.610510E+01  8.619005E+01  9.251146E+01  9.609044E+01  5.149407E+00  5.147346E+00
  5.261251E+00  5.368247E+00  5.581400E+00  6.035527E+00  6.884344E+00  8.611871E+00  1.192638E+01  1.797906E+01  2.759085E+01  3.992249E+01
  5.341901E+01  6.699529E+01  7.906190E+01  8.789974E+01  9.343841E+01  9.657402E+01  7.357994E+00  7.369469E+00  7.592345E+00  7.818822E+00
  8.242468E+00  9.098769E+00  1.075006E+01  1.390187E+01  1.938518E+01  2.789338E+01  3.858912E+01  4.968799E+01  6.103609E+01  7.239938E+01
  8.248681E+01  8.987709E+01  9.451079E+01  9.713501E+01  1.351312E+01  1.351713E+01  1.407811E+01  1.461814E+01  1.568044E+01  1.770877E+01
  2.133369E+01  2.731508E+01  3.558067E+01  4.465695E+01  5.296574E+01  6.109007E+01  6.973603E+01  7.855914E+01  8.639072E+01  9.213314E+01
  9.573521E+01  9.777418E+01  4.984261E+01  4.983315E+01  5.044557E+01  5.090632E+01  5.158205E+01  5.257755E+01  5.400426E+01  5.575203E+01
  5.810788E+01  6.128058E+01  6.566934E+01  7.077609E+01  7.714783E+01  8.365753E+01  8.970016E+01  9.404337E+01  9.676195E+01  9.831682E+01
  2.636793E+00  2.639320E+00  2.664111E+00  2.701261E+00  2.742562E+00  2.847063E+00  3.057616E+00  3.477191E+00  4.343168E+00  6.174019E+00
  9.980363E+00  1.789025E+01  3.218507E+01  5.113696E+01  6.892696E+01  8.203908E+01  9.025593E+01  9.491431E+01  2.675083E+00  2.677545E+00
  2.701958E+00  2.738698E+00  2.785313E+00  2.896439E+00  3.112855E+00  3.537888E+00  4.432137E+00  6.335574E+00  1.024929E+01  1.833555E+01
  3.273952E+01  5.159247E+01  6.922259E+01  8.220885E+01  9.034602E+01  9.496052E+01  2.799234E+00  2.803430E+00  2.833875E+00  2.867877E+00
  2.919946E+00  3.037322E+00  3.268756E+00  3.736353E+00  4.714360E+00  6.783099E+00  1.110613E+01  1.973342E+01  3.443552E+01  5.296194E+01
  7.009969E+01  8.271990E+01  9.062186E+01  9.510525E+01  3.035086E+00  3.038745E+00  3.070754E+00  3.115674E+00  3.171284E+00  3.305226E+00
  3.575092E+00  4.130035E+00  5.285877E+00  7.760984E+00  1.275097E+01  2.227524E+01  3.731178E+01  5.521951E+01  7.154575E+01  8.355038E+01
  9.107413E+01  9.534169E+01  3.418604E+00  3.423030E+00  3.463623E+00  3.519063E+00  3.590187E+00  3.768335E+00  4.116743E+00  4.834739E+00
  6.334953E+00  9.477712E+00  1.556194E+01  2.625098E+01  4.141763E+01  5.832874E+01  7.352274E+01  8.469373E+01  9.169575E+01  9.566553E+01
  4.055436E+00  4.059091E+00  4.116155E+00  4.191165E+00  4.304365E+00  4.558636E+00  5.076303E+00  6.121551E+00  8.252441E+00  1.269366E+01
  2.018056E+01  3.200977E+01  4.675778E+01  6.223793E+01  7.601020E+01  8.612918E+01  9.247501E+01  9.607297E+01  5.149407E+00  5.156499E+00
  5.258197E+00  5.372629E+00  5.580102E+00  6.012709E+00  6.881354E+00  8.586856E+00  1.190732E+01  1.812772E+01  2.749862E+01  3.981360E+01
  5.329528E+01  6.690669E+01  7.897579E+01  8.785139E+01  9.340652E+01  9.655844E+01  7.357994E+00  7.365722E+00  7.586979E+00  7.820655E+00
  8.236310E+00  9.082263E+00  1.074406E+01  1.385393E+01  1.935741E+01  2.782506E+01  3.851059E+01  4.962847E+01  6.093450E+01  7.232420E+01
  8.241497E+01  8.983530E+01  9.448603E+01  9.712252E+01  1.351312E+01  1.352281E+01  1.407236E+01  1.463358E+01  1.567155E+01  1.767971E+01
  2.132917E+01  2.727562E+01  3.554531E+01  4.462898E+01  5.291182E+01  6.103091E+01  6.966446E+01  7.849924E+01  8.633383E+01  9.209970E+01
  9.571609E+01  9.776437E+01  4.984261E+01  4.991462E+01  5.041210E+01  5.088922E+01  5.156553E+01  5.256545E+01  5.402789E+01  5.570518E+01
  5.805825E+01  6.128473E+01  6.560247E+01  7.084379E+01  7.710136E+01  8.363760E+01  8.964075E+01  9.400759E+01  9.675261E+01  9.830795E+01
  2.636793E+00  2.637487E+00  2.668875E+00  2.687567E+00  2.742706E+00  2.835276E+00  3.047874E+00  3.472479E+00  4.330194E+00  6.116139E+00
  9.937840E+00  1.783702E+01  3.208562E+01  5.102226E+01  6.882482E+01  8.196470E+01  9.021909E+01  9.489592E+01  2.675083E+00  2.676035E+00
  2.704900E+00  2.726649E+00  2.786199E+00  2.885221E+00  3.100750E+00  3.533876E+00  4.415596E+00  6.263489E+00  1.020591E+01  1.826823E+01
  3.264591E+01  5.148713E+01  6.912373E+01  8.213330E+01  9.031102E+01  9.494237E+01  2.799234E+00  2.802342E+00  2.836134E+00  2.855548E+00
  2.920141E+00  3.027080E+00  3.263680E+00  3.730562E+00  4.697184E+00  6.733222E+00  1.106024E+01  1.968776E+01  3.433942E+01  5.285955E+01
  7.000146E+01  8.264391E+01  9.058769E+01  9.508698E+01  3.035086E+00  3.035758E+00  3.074906E+00  3.101063E+00  3.171726E+00  3.291558E+00
  3.563734E+00  4.122634E+00  5.268224E+00  7.685485E+00  1.270563E+01  2.223454E+01  3.722193E+01  5.512875E+01  7.144858E+01  8.348028E+01
  9.104174E+01  9.532434E+01  3.418604E+00  3.420987E+00  3.465085E+00  3.502135E+00  3.591752E+00  3.755772E+00  4.105661E+00  4.828630E+00
  6.308044E+00  9.397861E+00  1.551721E+01  2.621071E+01  4.132768E+01  5.824228E+01  7.343439E+01  8.462961E+01  9.166485E+01  9.565008E+01
  4.055436E+00  4.055442E+00  4.118887E+00  4.172091E+00  4.304933E+00  4.541530E+00  5.064624E+00  6.111303E+00  8.227008E+00  1.243522E+01
  2.013719E+01  3.194990E+01  4.668008E+01  6.216852E+01  7.592561E+01  8.607092E+01  9.244750E+01  9.605884E+01  5.149407E+00  5.150607E+00
  5.256113E+00  5.356577E+00  5.578762E+00  6.002182E+00  6.865783E+00  8.574370E+00  1.187829E+01  1.787530E+01  2.745088E+01  3.980190E+01
  5.322876E+01  6.684625E+01  7.890540E+01  8.779479E+01  9.338206E+01  9.654688E+01  7.357994E+00  7.363248E+00  7.591448E+00  7.805257E+00
  8.237469E+00  9.054070E+00  1.073198E+01  1.384637E+01  1.932903E+01  2.775005E+01  3.846450E+01  4.958638E+01  6.088096E+01  7.228160E+01
  8.235303E+01  8.978968E+01  9.446660E+01  9.711279E+01  1.351312E+01  1.352477E+01  1.407242E+01  1.460162E+01  1.567134E+01  1.764706E+01
  2.130651E+01  2.725319E+01  3.551499E+01  4.454502E+01  5.288586E+01  6.102824E+01  6.962781E+01  7.847323E+01  8.629176E+01  9.206467E+01
  9.570180E+01  9.775781E+01  4.984261E+01  4.983958E+01  5.041941E+01  5.087895E+01  5.156705E+01  5.248167E+01  5.397284E+01  5.569550E+01
  5.804958E+01  6.126941E+01  6.553654E+01  7.075576E+01  7.708567E+01  8.360541E+01  8.963107E+01  9.399178E+01  9.674123E+01  9.830263E+01
  2.636793E+00  2.639826E+00  2.666355E+00  2.692602E+00  2.744524E+00  2.841496E+00  3.052103E+00  3.472476E+00  4.325692E+00  6.099141E+00
  9.898952E+00  1.777110E+01  3.196876E+01  5.091753E+01  6.875388E+01  8.191631E+01  9.018761E+01  9.487381E+01  2.675083E+00  2.677046E+00
  2.704451E+00  2.729765E+00  2.789221E+00  2.888955E+00  3.105493E+00  3.534512E+00  4.412842E+00  6.245351E+00  1.014106E+01  1.821028E+01
  3.255597E+01  5.137246E+01  6.904957E+01  8.208685E+01  9.027916E+01  9.492090E+01  2.799234E+00  2.805176E+00  2.834745E+00  2.860923E+00
  2.922770E+00  3.029350E+00  3.263297E+00  3.728800E+00  4.692062E+00  6.722290E+00  1.099804E+01  1.960853E+01  3.425000E+01  5.275274E+01
  6.993118E+01  8.259791E+01  9.055651E+01  9.506580E+01  3.035086E+00  3.036053E+00  3.072772E+00  3.104951E+00  3.173729E+00  3.298201E+00
  3.570789E+00  4.122631E+00  5.263152E+00  7.658867E+00  1.265799E+01  2.215306E+01  3.707215E+01  5.501725E+01  7.138371E+01  8.343783E+01
  9.101206E+01  9.530405E+01  3.418604E+00  3.424228E+00  3.463813E+00  3.505782E+00  3.596820E+00  3.761399E+00  4.108324E+00  4.823020E+00
  6.305440E+00  9.372178E+00  1.548901E+01  2.612923E+01  4.122379E+01  5.813934E+01  7.337443E+01  8.459051E+01  9.163780E+01  9.563084E+01
  4.055436E+00  4.059902E+00  4.116331E+00  4.178110E+00  4.305282E+00  4.552855E+00  5.064344E+00  6.107939E+00  8.220192E+00  1.241158E+01
  2.008547E+01  3.189432E+01  4.660348E+01  6.206712E+01  7.587376E+01  8.603629E+01  9.242291E+01  9.604119E+01  5.149407E+00  5.153007E+00
  5.255298E+00  5.358485E+00  5.583262E+00  6.002001E+00  6.867283E+00  8.569391E+00  1.186889E+01  1.786592E+01  2.740645E+01  3.970063E+01
  5.317120E+01  6.675590E+01  7.885995E+01  8.776498E+01  9.336061E+01  9.653114E+01  7.357994E+00  7.367982E+00  7.590333E+00  7.809834E+00
  8.236964E+00  9.070466E+00  1.072994E+01  1.384071E+01  1.931290E+01  2.773790E+01  3.840947E+01  4.955329E+01  6.082956E+01  7.220230E+01
  8.231786E+01  8.976701E+01  9.444773E+01  9.709965E+01  1.351312E+01  1.353738E+01  1.406673E+01  1.461041E+01  1.566415E+01  1.767466E+01
  2.129228E+01  2.725514E+01  3.550817E+01  4.454434E+01  5.284612E+01  6.097035E+01  6.957896E+01  7.840196E+01  8.626331E+01  9.204701E+01
  9.568792E+01  9.774693E+01  4.984261E+01  4.987074E+01  5.041442E+01  5.087720E+01  5.158993E+01  5.254415E+01  5.397337E+01  5.572354E+01
  5.808174E+01  6.124332E+01  6.547095E+01  7.079587E+01  7.696583E+01  8.356197E+01  8.961493E+01  9.397807E+01  9.673283E+01  9.829334E+01
  2.636793E+00  2.636457E+00  2.666184E+00  2.690849E+00  2.742517E+00  2.841195E+00  3.053080E+00  3.463451E+00  4.312219E+00  6.091128E+00
  9.874187E+00  1.771063E+01  3.189911E+01  5.082738E+01  6.867018E+01  8.186230E+01  9.015786E+01  9.485754E+01  2.675083E+00  2.676246E+00
  2.704082E+00  2.731382E+00  2.785512E+00  2.888561E+00  3.104522E+00  3.517402E+00  4.397685E+00  6.241402E+00  1.013542E+01  1.814563E+01
  3.246258E+01  5.128817E+01  6.896696E+01  8.203091E+01  9.025039E+01  9.490500E+01  2.799234E+00  2.800704E+00  2.834184E+00  2.861974E+00
  2.920159E+00  3.030762E+00  3.263632E+00  3.716494E+00  4.676079E+00  6.708138E+00  1.098528E+01  1.955629E+01  3.415783E+01  5.266660E+01
  6.985510E+01  8.254443E+01  9.052855E+01  9.505013E+01  3.035086E+00  3.037510E+00  3.071642E+00  3.104806E+00  3.170829E+00  3.297849E+00
  3.568829E+00  4.119562E+00  5.245747E+00  7.658437E+00  1.262499E+01  2.208859E+01  3.704543E+01  5.493861E+01  7.130317E+01  8.338641E+01
  9.098524E+01  9.528920E+01  3.418604E+00  3.420298E+00  3.463436E+00  3.504524E+00  3.590898E+00  3.761039E+00  4.106606E+00  4.817409E+00
  6.285800E+00  9.345879E+00  1.543014E+01  2.607669E+01  4.116071E+01  5.806612E+01  7.330518E+01  8.454215E+01  9.161255E+01  9.561662E+01
  4.055436E+00  4.057549E+00  4.113929E+00  4.175656E+00  4.303436E+00  4.549625E+00  5.066396E+00  6.091697E+00  8.197896E+00  1.239526E+01
  2.003453E+01  3.184315E+01  4.652496E+01  6.199872E+01  7.580839E+01  8.599196E+01  9.239989E+01  9.602837E+01  5.149407E+00  5.151315E+00
  5.252205E+00  5.357248E+00  5.578064E+00  6.000585E+00  6.865318E+00  8.551973E+00  1.184054E+01  1.785315E+01  2.735808E+01  3.967235E+01
  5.308539E+01  6.669849E+01  7.879980E+01  8.772471E+01  9.334058E+01  9.651965E+01  7.357994E+00  7.364524E+00  7.585217E+00  7.801946E+00
  8.233333E+00  9.056548E+00  1.072756E+01  1.381740E+01  1.928582E+01  2.771878E+01  3.837449E+01  4.950267E+01  6.075870E+01  7.215472E+01
  8.226655E+01  8.973186E+01  9.443104E+01  9.708953E+01  1.351312E+01  1.351410E+01  1.405588E+01  1.459163E+01  1.566723E+01  1.765040E+01
  2.129024E+01  2.723126E+01  3.547049E+01  4.453378E+01  5.281842E+01  6.094905E+01  6.951954E+01  7.836730E+01  8.622152E+01  9.201891E+01
  9.567504E+01  9.773888E+01  4.984261E+01  4.987211E+01  5.034490E+01  5.080973E+01  5.159228E+01  5.245578E+01  5.398478E+01  5.571830E+01
  5.808135E+01  6.124813E+01  6.547639E+01  7.076157E+01  7.686060E+01  8.356647E+01  8.956585E+01  9.394388E+01  9.672205E+01  9.828770E+01
  2.636793E+00  2.642647E+00  2.667256E+00  2.688604E+00  2.743882E+00  2.832675E+00  3.050787E+00  3.458994E+00  4.308712E+00  6.074330E+00
  9.843312E+00  1.765399E+01  3.180665E+01  5.072552E+01  6.860784E+01  8.181637E+01  9.012701E+01  9.484498E+01  2.675083E+00  2.680921E+00
  2.705023E+00  2.727454E+00  2.789874E+00  2.881589E+00  3.105246E+00  3.515954E+00  4.391803E+00  6.204249E+00  1.010371E+01  1.808663E+01
  3.236869E+01  5.118909E+01  6.890534E+01  8.198772E+01  9.021977E+01  9.489277E+01  2.799234E+00  2.806132E+00  2.836338E+00  2.858166E+00
  2.923902E+00  3.023840E+00  3.263672E+00  3.716671E+00  4.674749E+00  6.669370E+00  1.095806E+01  1.947765E+01  3.406784E+01  5.256873E+01
  6.979077E+01  8.250194E+01  9.049893E+01  9.503920E+01  3.035086E+00  3.040067E+00  3.074272E+00  3.102328E+00  3.171710E+00  3.304655E+00
  3.566785E+00  4.104496E+00  5.236786E+00  7.611484E+00  1.258748E+01  2.201885E+01  3.695905E+01  5.484546E+01  7.124937E+01  8.334533E+01
  9.095638E+01  9.527812E+01  3.418604E+00  3.424765E+00  3.464303E+00  3.502107E+00  3.591377E+00  3.761601E+00  4.104020E+00  4.806121E+00
  6.273827E+00  9.313918E+00  1.539295E+01  2.599921E+01  4.107706E+01  5.798025E+01  7.325102E+01  8.450550E+01  9.158591E+01  9.560652E+01
  4.055436E+00  4.062352E+00  4.117342E+00  4.175570E+00  4.300456E+00  4.542078E+00  5.063698E+00  6.084871E+00  8.186904E+00  1.236836E+01
  2.000062E+01  3.176872E+01  4.644670E+01  6.192130E+01  7.576231E+01  8.595832E+01  9.237688E+01  9.601922E+01  5.149407E+00  5.157435E+00
  5.255434E+00  5.355358E+00  5.579076E+00  5.987890E+00  6.856131E+00  8.539879E+00  1.182971E+01  1.781743E+01  2.732617E+01  3.959451E+01
  5.301752E+01  6.662656E+01  7.876274E+01  8.769732E+01  9.332026E+01  9.651214E+01  7.357994E+00  7.374062E+00  7.587640E+00  7.802548E+00
  8.226094E+00  9.089767E+00  1.071351E+01  1.380964E+01  1.926510E+01  2.770132E+01  3.834711E+01  4.945888E+01  6.070070E+01  7.209553E+01
  8.223995E+01  8.970995E+01  9.441443E+01  9.708272E+01  1.351312E+01  1.353729E+01  1.406629E+01  1.460883E+01  1.565243E+01  1.766466E+01
  2.128211E+01  2.721298E+01  3.544164E+01  4.450662E+01  5.279965E+01  6.089975E+01  6.947408E+01  7.831986E+01  8.620119E+01  9.200153E+01
  9.566208E+01  9.773380E+01  4.984261E+01  4.994508E+01  5.039871E+01  5.088340E+01  5.150768E+01  5.278917E+01  5.397902E+01  5.564659E+01
  5.806372E+01  6.121829E+01  6.546768E+01  7.073954E+01  7.685232E+01  8.352468E+01  8.956588E+01  9.393707E+01  9.671157E+01  9.827941E+01
  2.636793E+00  2.642164E+00  2.652580E+00  2.692232E+00  2.734417E+00  2.835018E+00  3.046386E+00  3.459512E+00  4.309921E+00  6.064536E+00
  9.798951E+00  1.758973E+01  3.171179E+01  5.062981E+01  6.853554E+01  8.176740E+01  9.010246E+01  9.482654E+01  2.675083E+00  2.679846E+00
  2.688397E+00  2.729408E+00  2.777398E+00  2.882389E+00  3.098763E+00  3.518036E+00  4.400735E+00  6.195854E+00  1.006821E+01  1.803176E+01
  3.226869E+01  5.109259E+01  6.883228E+01  8.193977E+01  9.019462E+01  9.487431E+01  2.799234E+00  2.807271E+00  2.822132E+00  2.860051E+00
  2.912292E+00  3.023268E+00  3.255737E+00  3.716264E+00  4.683195E+00  6.671568E+00  1.091483E+01  1.942460E+01  3.397133E+01  5.247401E+01
  6.972096E+01  8.245474E+01  9.047448E+01  9.502052E+01  3.035086E+00  3.039582E+00  3.058175E+00  3.103662E+00  3.160172E+00  3.290954E+00
  3.559997E+00  4.100357E+00  5.246653E+00  7.613690E+00  1.254770E+01  2.195900E+01  3.685885E+01  5.475361E+01  7.118285E+01  8.330167E+01
  9.093434E+01  9.526089E+01  3.418604E+00  3.424206E+00  3.453227E+00  3.504068E+00  3.582143E+00  3.749637E+00  4.099086E+00  4.804740E+00
  6.281662E+00  9.317213E+00  1.537345E+01  2.594489E+01  4.098660E+01  5.789597E+01  7.318867E+01  8.446318E+01  9.156506E+01  9.559067E+01
  4.055436E+00  4.063272E+00  4.102479E+00  4.179252E+00  4.291657E+00  4.538152E+00  5.055198E+00  6.081024E+00  8.194905E+00  1.234993E+01
  1.995175E+01  3.170893E+01  4.636000E+01  6.184394E+01  7.570639E+01  8.592173E+01  9.235837E+01  9.600521E+01  5.149407E+00  5.153669E+00
  5.246002E+00  5.357389E+00  5.567060E+00  5.990128E+00  6.853197E+00  8.535799E+00  1.184205E+01  1.779327E+01  2.728220E+01  3.953678E+01
  5.293800E+01  6.656185E+01  7.871438E+01  8.766440E+01  9.330457E+01  9.649945E+01  7.357994E+00  7.376103E+00  7.565912E+00  7.811173E+00
  8.222773E+00  9.055236E+00  1.070814E+01  1.381036E+01  1.926859E+01  2.766507E+01  3.830434E+01  4.941412E+01  6.063264E+01  7.203926E+01
  8.220048E+01  8.968440E+01  9.440154E+01  9.707366E+01  1.351312E+01  1.353872E+01  1.404198E+01  1.461789E+01  1.564997E+01  1.763061E+01
  2.127009E+01  2.721488E+01  3.547732E+01  4.447518E+01  5.275264E+01  6.086787E+01  6.941494E+01  7.828011E+01  8.617476E+01  9.198378E+01
  9.565146E+01  9.772665E+01  4.984261E+01  4.991369E+01  5.035797E+01  5.086338E+01  5.153814E+01  5.250796E+01  5.396833E+01  5.575048E+01
  5.815742E+01  6.117056E+01  6.541955E+01  7.071918E+01  7.679307E+01  8.349209E+01  8.954408E+01  9.391883E+01  9.670138E+01  9.827761E+01
  4.882259E+00  4.927383E+00  5.142007E+00  5.260371E+00  5.657580E+00  6.502952E+00  7.904776E+00  1.017404E+01  1.450718E+01  2.136457E+01
  3.170535E+01  4.540604E+01  6.078368E+01  7.497567E+01  8.542678E+01  9.208272E+01  9.586754E+01  9.788426E+01  4.882259E+00  4.957950E+00
  4.970733E+00  5.219932E+00  5.485851E+00  6.024185E+00  7.010376E+00  9.006536E+00  1.241117E+01  1.784514E+01  2.659723E+01  3.898705E+01
  5.395947E+01  6.905585E+01  8.131535E+01  8.957430E+01  9.446696E+01  9.714100E+01  4.882259E+00  4.960284E+00  5.087613E+00  5.171785E+00
  5.427123E+00  5.927303E+00  6.896901E+00  8.651847E+00  1.162015E+01  1.677176E+01  2.485066E+01  3.655311E+01  5.131151E+01  6.661934E+01
  7.948618E+01  8.843644E+01  9.381668E+01  9.679613E+01  4.882259E+00  4.904499E+00  5.036731E+00  5.116677E+00  5.384556E+00  5.747536E+00
  6.802058E+00  8.543844E+00  1.132298E+01  1.628585E+01  2.403571E+01  3.538635E+01  4.976723E+01  6.517480E+01  7.843290E+01  8.775976E+01
  9.343213E+01  9.658801E+01  4.882259E+00  4.989376E+00  5.072731E+00  5.157106E+00  5.280291E+00  5.750731E+00  6.707299E+00  8.341146E+00
  1.112902E+01  1.580877E+01  2.346770E+01  3.455441E+01  4.885363E+01  6.422845E+01  7.773460E+01  8.727647E+01  9.315125E+01  9.643483E+01
  4.882259E+00  4.921214E+00  5.062124E+00  5.132837E+00  5.374970E+00  5.732132E+00  6.688327E+00  8.550795E+00  1.111344E+01  1.550718E+01
  2.302893E+01  3.404424E+01  4.826513E+01  6.370379E+01  7.725092E+01  8.697915E+01  9.297656E+01  9.634576E+01  4.882259E+00  5.010906E+00
  5.027542E+00  5.156813E+00  5.294993E+00  5.704761E+00  6.627995E+00  8.193456E+00  1.093298E+01  1.548152E+01  2.276728E+01  3.374747E+01
  4.777438E+01  6.330249E+01  7.694663E+01  8.676952E+01  9.285421E+01  9.628300E+01  4.882259E+00  4.920336E+00  5.132721E+00  5.142651E+00
  5.341485E+00  5.723388E+00  6.649636E+00  8.120972E+00  1.081797E+01  1.531511E+01  2.249439E+01  3.343764E+01  4.738295E+01  6.291763E+01
  7.665734E+01  8.657182E+01  9.274056E+01  9.621859E+01  4.882259E+00  4.993222E+00  5.005882E+00  5.142605E+00  5.313577E+00  5.739833E+00
  6.612730E+00  8.091704E+00  1.073035E+01  1.518881E+01  2.247778E+01  3.323296E+01  4.718509E+01  6.262596E+01  7.643394E+01  8.641673E+01
  9.265678E+01  9.617607E+01  4.882259E+00  4.961993E+00  5.031418E+00  5.125570E+00  5.204789E+00  5.716154E+00  6.584280E+00  8.058002E+00
  1.068967E+01  1.510860E+01  2.232072E+01  3.304249E+01  4.692633E+01  6.239994E+01  7.624061E+01  8.629455E+01  9.258800E+01  9.613613E+01
  4.882259E+00  4.998282E+00  5.020721E+00  5.105727E+00  5.345053E+00  5.715445E+00  6.608338E+00  8.059737E+00  1.067604E+01  1.504570E+01
  2.223067E+01  3.288649E+01  4.671334E+01  6.218237E+01  7.609120E+01  8.619569E+01  9.253069E+01  9.610261E+01  4.882259E+00  4.974336E+00
  4.999927E+00  5.120714E+00  5.357172E+00  5.714707E+00  6.605933E+00  8.071721E+00  1.062242E+01  1.501251E+01  2.213881E+01  3.277000E+01
  4.656400E+01  6.203801E+01  7.595943E+01  8.610837E+01  9.247681E+01  9.607455E+01  4.882259E+00  4.929330E+00  5.028012E+00  5.094140E+00
  5.341220E+00  5.713755E+00  6.618934E+00  8.045160E+00  1.063047E+01  1.494516E+01  2.224061E+01  3.262630E+01  4.651725E+01  6.193563E+01
  7.586549E+01  8.604527E+01  9.243842E+01  9.605424E+01  4.882259E+00  4.895748E+00  5.041225E+00  5.134423E+00  5.349688E+00  5.785352E+00
  6.593868E+00  8.054296E+00  1.059089E+01  1.494910E+01  2.206215E+01  3.249512E+01  4.637553E+01  6.177645E+01  7.577135E+01  8.598695E+01
  9.240022E+01  9.603652E+01  4.882259E+00  4.930328E+00  5.021161E+00  5.168829E+00  5.337886E+00  5.708333E+00  6.633877E+00  7.991952E+00
  1.056552E+01  1.497611E+01  2.198196E+01  3.243629E+01  4.626618E+01  6.169174E+01  7.565125E+01  8.591481E+01  9.236710E+01  9.601614E+01
  4.882259E+00  4.892222E+00  5.040768E+00  5.092713E+00  5.345291E+00  5.653267E+00  6.594607E+00  8.008320E+00  1.054571E+01  1.487835E+01
  2.191601E+01  3.235422E+01  4.618377E+01  6.160754E+01  7.559102E+01  8.586549E+01  9.234210E+01  9.600338E+01  4.882259E+00  4.934155E+00
  5.025003E+00  5.118608E+00  5.348223E+00  5.715716E+00  6.617849E+00  8.053432E+00  1.054619E+01  1.487350E+01  2.181113E+01  3.233106E+01
  4.602008E+01  6.149509E+01  7.554239E+01  8.583553E+01  9.231723E+01  9.598662E+01  4.882259E+00  4.914990E+00  4.954778E+00  5.058387E+00
  5.349691E+00  5.683211E+00  6.619943E+00  7.989495E+00  1.053499E+01  1.486278E+01  2.180630E+01  3.225958E+01  4.588841E+01  6.145658E+01
  7.545332E+01  8.577430E+01  9.229597E+01  9.597362E+01  4.882259E+00  4.963082E+00  5.001913E+00  5.103674E+00  5.323555E+00  6.017029E+00
  6.628326E+00  7.973403E+00  1.052052E+01  1.482823E+01  2.177170E+01  3.220868E+01  4.581949E+01  6.137290E+01  7.542981E+01  8.575007E+01
  9.226822E+01  9.596104E+01  4.882259E+00  4.929206E+00  5.003947E+00  5.123627E+00  5.349088E+00  5.633125E+00  6.601218E+00  8.042174E+00
  1.061299E+01  1.478161E+01  2.172034E+01  3.219347E+01  4.572560E+01  6.129278E+01  7.537531E+01  8.571225E+01  9.224821E+01  9.595063E+01
