  6.329725E-01
          18 10.0000000
 -2.000000E+01 -1.000000E+01 -2.107210E+00 -1.806180E+00 -1.505150E+00 -1.204120E+00 -9.030900E-01 -6.020600E-01 -3.010300E-01  0.000000E+00
  3.010300E-01  6.020600E-01  9.030900E-01  1.204120E+00  1.505150E+00  1.806180E+00  2.107210E+00  2.408240E+00
          10 10.0000000
  0.000000E+00  1.000000E+01  2.000000E+01  3.000000E+01  4.000000E+01  5.000000E+01  6.000000E+01  7.000000E+01  8.000000E+01  8.900000E+01
          23  4.0000000
  4.000000E+00  8.000000E+00  1.200000E+01  1.600000E+01  2.000000E+01  2.400000E+01  2.800000E+01  3.200000E+01  3.600000E+01  4.000000E+01
  4.400000E+01  4.800000E+01  5.200000E+01  5.600000E+01  6.000000E+01  6.400000E+01  6.800000E+01  7.200000E+01  7.600000E+01  8.000000E+01
  8.400000E+01  8.800000E+01  9.200000E+01
  2.656044E+00  2.621914E+00  2.741376E+00  2.821876E+00  2.984094E+00  3.309623E+00  3.961546E+00  5.281483E+00  7.915352E+00  1.307275E+01
  2.256542E+01  3.771011E+01  5.630176E+01  7.292553E+01  8.464130E+01  9.175805E+01  9.570569E+01  9.777747E+01  2.697765E+00  2.660609E+00
  2.784986E+00  2.866438E+00  3.033164E+00  3.364167E+00  4.032628E+00  5.385900E+00  8.074265E+00  1.333118E+01  2.295822E+01  3.818663E+01
  5.669993E+01  7.317870E+01  8.478442E+01  9.183498E+01  9.574570E+01  9.779818E+01  2.823677E+00  2.784515E+00  2.916032E+00  3.004660E+00
  3.182569E+00  3.542654E+00  4.258489E+00  5.707920E+00  8.580747E+00  1.414406E+01  2.417535E+01  3.962989E+01  5.788972E+01  7.392946E+01
  8.521108E+01  9.206367E+01  9.586484E+01  9.785984E+01  3.053988E+00  3.015792E+00  3.160074E+00  3.259160E+00  3.462656E+00  3.868747E+00
  4.681072E+00  6.312231E+00  9.523363E+00  1.564921E+01  2.636685E+01  4.210373E+01  5.985529E+01  7.516083E+01  8.590948E+01  9.243854E+01
  9.605995E+01  9.796084E+01  3.438966E+00  3.395179E+00  3.564444E+00  3.684441E+00  3.928613E+00  4.414757E+00  5.386606E+00  7.329061E+00
  1.111278E+01  1.813099E+01  2.978431E+01  4.568164E+01  6.255808E+01  7.684268E+01  8.686376E+01  9.295062E+01  9.632660E+01  9.809880E+01
  4.066623E+00  4.021132E+00  4.233106E+00  4.389389E+00  4.706550E+00  5.339586E+00  6.594876E+00  9.077076E+00  1.378926E+01  2.211128E+01
  3.479288E+01  5.039922E+01  6.594863E+01  7.894173E+01  8.805453E+01  9.358927E+01  9.665929E+01  9.827098E+01  5.172458E+00  5.105120E+00
  5.410652E+00  5.641458E+00  6.103702E+00  7.016573E+00  8.813652E+00  1.226323E+01  1.848583E+01  2.849138E+01  4.179297E+01  5.622773E+01
  6.997386E+01  8.142948E+01  8.946609E+01  9.434651E+01  9.705366E+01  9.847517E+01  7.379317E+00  7.280384E+00  7.793044E+00  8.186783E+00
  8.980819E+00  1.051774E+01  1.343366E+01  1.868526E+01  2.713829E+01  3.851214E+01  5.089178E+01  6.305098E+01  7.462310E+01  8.430267E+01
  9.109584E+01  9.522092E+01  9.750923E+01  9.871093E+01  1.351855E+01  1.334161E+01  1.444539E+01  1.531579E+01  1.701658E+01  2.014617E+01
  2.550290E+01  3.353990E+01  4.326449E+01  5.269055E+01  6.165847E+01  7.091747E+01  8.000060E+01  8.762583E+01  9.298201E+01  9.623277E+01
  9.803629E+01  9.898360E+01  4.970731E+01  4.889318E+01  5.076757E+01  5.144248E+01  5.242094E+01  5.390693E+01  5.566448E+01  5.820000E+01
  6.178241E+01  6.641261E+01  7.218671E+01  7.876029E+01  8.533237E+01  9.089126E+01  9.484692E+01  9.722656E+01  9.855468E+01  9.925221E+01
  2.656044E+00  2.661958E+00  2.739647E+00  2.819482E+00  2.979357E+00  3.299180E+00  3.941551E+00  5.227301E+00  7.806675E+00  1.282798E+01
  2.208644E+01  3.690900E+01  5.539934E+01  7.221796E+01  8.417246E+01  9.147903E+01  9.554105E+01  9.765007E+01  2.697765E+00  2.703987E+00
  2.783265E+00  2.864229E+00  3.028837E+00  3.353320E+00  4.012107E+00  5.328387E+00  7.961341E+00  1.307871E+01  2.246706E+01  3.737789E+01
  5.580263E+01  7.247681E+01  8.432027E+01  9.155853E+01  9.558263E+01  9.767197E+01  2.823677E+00  2.828700E+00  2.913882E+00  3.002919E+00
  3.177103E+00  3.530433E+00  4.232084E+00  5.644470E+00  8.450909E+00  1.386386E+01  2.364933E+01  3.880581E+01  5.701005E+01  7.324760E+01
  8.475915E+01  9.179478E+01  9.570625E+01  9.773705E+01  3.053988E+00  3.060958E+00  3.157754E+00  3.256124E+00  3.454694E+00  3.852772E+00
  4.646941E+00  6.233393E+00  9.362743E+00  1.531839E+01  2.577811E+01  4.126309E+01  5.900745E+01  7.451083E+01  8.547845E+01  9.218210E+01
  9.590887E+01  9.784371E+01  3.438966E+00  3.446916E+00  3.562338E+00  3.679639E+00  3.920007E+00  4.389696E+00  5.338121E+00  7.218722E+00
  1.089620E+01  1.771062E+01  2.911563E+01  4.483475E+01  6.176049E+01  7.623640E+01  8.646133E+01  9.271103E+01  9.618566E+01  9.798943E+01
  4.066623E+00  4.077321E+00  4.228686E+00  4.380619E+00  4.688217E+00  5.302151E+00  6.519953E+00  8.907271E+00  1.347741E+01  2.156386E+01
  3.404190E+01  4.958459E+01  6.521529E+01  7.838891E+01  8.768707E+01  9.337077E+01  9.653092E+01  9.817124E+01  5.172458E+00  5.181591E+00
  5.401088E+00  5.624238E+00  6.068751E+00  6.946981E+00  8.676016E+00  1.198696E+01  1.801263E+01  2.778069E+01  4.100693E+01  5.548689E+01
  6.932155E+01  8.093899E+01  8.913952E+01  9.415257E+01  9.694007E+01  9.838679E+01  7.379317E+00  7.390428E+00  7.772921E+00  8.143501E+00
  8.905441E+00  1.036937E+01  1.316099E+01  1.819587E+01  2.643444E+01  3.770043E+01  5.018878E+01  6.241747E+01  7.406054E+01  8.388161E+01
  9.081542E+01  9.505487E+01  9.741219E+01  9.863544E+01  1.351855E+01  1.354563E+01  1.439340E+01  1.521714E+01  1.682978E+01  1.980235E+01
  2.495406E+01  3.277500E+01  4.250682E+01  5.207598E+01  6.113232E+01  7.040640E+01  7.953503E+01  8.728381E+01  9.275180E+01  9.609767E+01
  9.795810E+01  9.892323E+01  4.970731E+01  4.983291E+01  5.072160E+01  5.137140E+01  5.237507E+01  5.379606E+01  5.556092E+01  5.797157E+01
  6.147177E+01  6.606186E+01  7.186573E+01  7.838746E+01  8.500025E+01  9.064632E+01  9.467790E+01  9.712879E+01  9.849867E+01  9.920887E+01
  2.656044E+00  2.665933E+00  2.738990E+00  2.818822E+00  2.977401E+00  3.294374E+00  3.931473E+00  5.210099E+00  7.749728E+00  1.272911E+01
  2.187177E+01  3.657466E+01  5.501974E+01  7.191103E+01  8.397578E+01  9.135569E+01  9.545412E+01  9.757153E+01  2.697765E+00  2.707037E+00
  2.782282E+00  2.863136E+00  3.027262E+00  3.348674E+00  4.000741E+00  5.310045E+00  7.901873E+00  1.297625E+01  2.224836E+01  3.703981E+01
  5.542440E+01  7.217265E+01  8.412536E+01  9.143623E+01  9.549647E+01  9.759411E+01  2.823677E+00  2.832739E+00  2.912926E+00  3.000896E+00
  3.175059E+00  3.523719E+00  4.220407E+00  5.622701E+00  8.385207E+00  1.375107E+01  2.341437E+01  3.846179E+01  5.663871E+01  7.295166E+01
  8.456974E+01  9.167589E+01  9.562239E+01  9.766129E+01  3.053988E+00  3.066697E+00  3.156600E+00  3.254943E+00  3.452226E+00  3.844713E+00
  4.632191E+00  6.205580E+00  9.283344E+00  1.518496E+01  2.551896E+01  4.090980E+01  5.864806E+01  7.422823E+01  8.529793E+01  9.206863E+01
  9.582879E+01  9.777143E+01  3.438966E+00  3.448486E+00  3.560540E+00  3.678245E+00  3.916017E+00  4.378459E+00  5.317348E+00  7.179294E+00
  1.079331E+01  1.754207E+01  2.882508E+01  4.447848E+01  6.142181E+01  7.597203E+01  8.629283E+01  9.260515E+01  9.611078E+01  9.792188E+01
  4.066623E+00  4.080348E+00  4.226084E+00  4.377240E+00  4.681093E+00  5.285204E+00  6.488816E+00  8.849155E+00  1.333409E+01  2.134526E+01
  3.371504E+01  4.923695E+01  6.490412E+01  7.814755E+01  8.753365E+01  9.327403E+01  9.646247E+01  9.810960E+01  5.172458E+00  5.186466E+00
  5.396697E+00  5.615747E+00  6.055374E+00  6.918444E+00  8.620399E+00  1.188422E+01  1.780128E+01  2.749641E+01  4.065945E+01  5.517156E+01
  6.904459E+01  8.072408E+01  8.900349E+01  9.406689E+01  9.687925E+01  9.833212E+01  7.379317E+00  7.399035E+00  7.762592E+00  8.131524E+00
  8.874495E+00  1.030859E+01  1.305045E+01  1.801467E+01  2.612533E+01  3.737109E+01  4.987096E+01  6.214443E+01  7.381879E+01  8.369614E+01
  9.069910E+01  9.498135E+01  9.736002E+01  9.858887E+01  1.351855E+01  1.355844E+01  1.436621E+01  1.518109E+01  1.675648E+01  1.966477E+01
  2.472802E+01  3.248178E+01  4.216512E+01  5.182199E+01  6.089234E+01  7.018090E+01  7.933811E+01  8.712999E+01  9.265848E+01  9.603839E+01
  9.791588E+01  9.888588E+01  4.970731E+01  4.983068E+01  5.066948E+01  5.136340E+01  5.232544E+01  5.373374E+01  5.548500E+01  5.788824E+01
  6.132358E+01  6.590337E+01  7.171275E+01  7.821222E+01  8.484541E+01  9.054753E+01  9.460181E+01  9.708663E+01  9.847088E+01  9.918277E+01
  2.656044E+00  2.659426E+00  2.739341E+00  2.817747E+00  2.975815E+00  3.292029E+00  3.923317E+00  5.194465E+00  7.716878E+00  1.266417E+01
  2.172315E+01  3.634903E+01  5.475400E+01  7.170539E+01  8.383545E+01  9.126698E+01  9.538658E+01  9.749681E+01  2.697765E+00  2.700602E+00
  2.782622E+00  2.862407E+00  3.026298E+00  3.345956E+00  3.992533E+00  5.293535E+00  7.870363E+00  1.290859E+01  2.209393E+01  3.681292E+01
  5.516128E+01  7.196899E+01  8.398604E+01  9.134836E+01  9.542948E+01  9.752008E+01  2.823677E+00  2.826500E+00  2.913359E+00  2.999446E+00
  3.172744E+00  3.520392E+00  4.211186E+00  5.604100E+00  8.348256E+00  1.367752E+01  2.325059E+01  3.823027E+01  5.638018E+01  7.275367E+01
  8.443427E+01  9.159039E+01  9.555723E+01  9.758927E+01  3.053988E+00  3.057463E+00  3.156896E+00  3.253215E+00  3.449956E+00  3.840249E+00
  4.620245E+00  6.183426E+00  9.238853E+00  1.509624E+01  2.533685E+01  4.067207E+01  5.839823E+01  7.403957E+01  8.516869E+01  9.198698E+01
  9.576656E+01  9.770268E+01  3.438966E+00  3.442269E+00  3.561136E+00  3.675801E+00  3.911814E+00  4.372618E+00  5.302940E+00  7.148983E+00
  1.073423E+01  1.743178E+01  2.861795E+01  4.423609E+01  6.118461E+01  7.579606E+01  8.617200E+01  9.252882E+01  9.605252E+01  9.785763E+01
  4.066623E+00  4.073433E+00  4.225926E+00  4.374265E+00  4.676857E+00  5.274377E+00  6.465127E+00  8.802310E+00  1.324976E+01  2.119619E+01
  3.348196E+01  4.900078E+01  6.468743E+01  7.798733E+01  8.742348E+01  9.320481E+01  9.640924E+01  9.805096E+01  5.172458E+00  5.177395E+00
  5.395853E+00  5.610395E+00  6.045626E+00  6.900030E+00  8.579356E+00  1.180992E+01  1.767097E+01  2.730425E+01  4.041290E+01  5.495533E+01
  6.885069E+01  8.058221E+01  8.890588E+01  9.400514E+01  9.683187E+01  9.828012E+01  7.379317E+00  7.385101E+00  7.758571E+00  8.121323E+00
  8.853827E+00  1.026801E+01  1.296759E+01  1.788121E+01  2.593189E+01  3.714849E+01  4.964573E+01  6.196170E+01  7.365005E+01  8.357352E+01
  9.061480E+01  9.492841E+01  9.731944E+01  9.854461E+01  1.351855E+01  1.353837E+01  1.435722E+01  1.515269E+01  1.670233E+01  1.957364E+01
  2.457454E+01  3.226664E+01  4.194797E+01  5.164935E+01  6.071740E+01  7.003259E+01  7.919844E+01  8.703142E+01  9.258983E+01  9.599584E+01
  9.788312E+01  9.885047E+01  4.970731E+01  4.978487E+01  5.066784E+01  5.132451E+01  5.232844E+01  5.364682E+01  5.542406E+01  5.778280E+01
  6.126557E+01  6.584089E+01  7.161812E+01  7.812772E+01  8.474767E+01  9.048104E+01  9.455084E+01  9.705878E+01  9.844727E+01  9.915707E+01
  2.656044E+00  2.657193E+00  2.738952E+00  2.817052E+00  2.974750E+00  3.288517E+00  3.918652E+00  5.183038E+00  7.687738E+00  1.260904E+01
  2.162618E+01  3.616634E+01  5.454399E+01  7.152520E+01  8.371323E+01  9.118886E+01  9.532642E+01  9.743607E+01  2.697765E+00  2.698881E+00
  2.781622E+00  2.861846E+00  3.024764E+00  3.341893E+00  3.987745E+00  5.282456E+00  7.838621E+00  1.285198E+01  2.199342E+01  3.662904E+01
  5.495330E+01  7.179008E+01  8.386475E+01  9.127085E+01  9.536990E+01  9.745986E+01  2.823677E+00  2.824461E+00  2.912549E+00  2.999336E+00
  3.171607E+00  3.516542E+00  4.206510E+00  5.590789E+00  8.314253E+00  1.361380E+01  2.314219E+01  3.804153E+01  5.617568E+01  7.257938E+01
  8.431642E+01  9.151501E+01  9.549924E+01  9.753068E+01  3.053988E+00  3.054111E+00  3.156481E+00  3.252357E+00  3.448097E+00  3.835258E+00
  4.611776E+00  6.166102E+00  9.197176E+00  1.502000E+01  2.521500E+01  4.047955E+01  5.820044E+01  7.387351E+01  8.505640E+01  9.191505E+01
  9.571120E+01  9.764675E+01  3.438966E+00  3.440467E+00  3.559787E+00  3.675577E+00  3.908944E+00  4.365616E+00  5.292626E+00  7.125826E+00
  1.067989E+01  1.733559E+01  2.847596E+01  4.404129E+01  6.099895E+01  7.564095E+01  8.606678E+01  9.246168E+01  9.600077E+01  9.780534E+01
  4.066623E+00  4.069516E+00  4.223958E+00  4.372972E+00  4.672737E+00  5.264826E+00  6.449241E+00  8.769442E+00  1.317410E+01  2.107188E+01
  3.332091E+01  4.880797E+01  6.451814E+01  7.784528E+01  8.732765E+01  9.314341E+01  9.636201E+01  9.800324E+01  5.172458E+00  5.173451E+00
  5.393410E+00  5.606847E+00  6.036783E+00  6.882491E+00  8.550447E+00  1.174946E+01  1.755750E+01  2.714189E+01  4.023907E+01  5.477825E+01
  6.870174E+01  8.045546E+01  8.882019E+01  9.395053E+01  9.679005E+01  9.823784E+01  7.379317E+00  7.380952E+00  7.753969E+00  8.112368E+00
  8.836993E+00  1.022891E+01  1.290936E+01  1.777482E+01  2.575821E+01  3.695797E+01  4.948666E+01  6.180812E+01  7.352259E+01  8.346394E+01
  9.054108E+01  9.488158E+01  9.728362E+01  9.850850E+01  1.351855E+01  1.352504E+01  1.434474E+01  1.513314E+01  1.666132E+01  1.948948E+01
  2.445182E+01  3.209114E+01  4.174851E+01  5.149980E+01  6.059968E+01  6.990393E+01  7.909412E+01  8.694160E+01  9.253002E+01  9.595777E+01
  9.785443E+01  9.882172E+01  4.970731E+01  4.976358E+01  5.063490E+01  5.131221E+01  5.229059E+01  5.361594E+01  5.538473E+01  5.774685E+01
  6.120113E+01  6.574952E+01  7.153539E+01  7.803638E+01  8.466944E+01  9.041257E+01  9.450800E+01  9.702937E+01  9.842609E+01  9.913712E+01
  2.656044E+00  2.662292E+00  2.738463E+00  2.816385E+00  2.972052E+00  3.285212E+00  3.911130E+00  5.169143E+00  7.657906E+00  1.253580E+01
  2.148603E+01  3.591787E+01  5.426389E+01  7.130439E+01  8.356595E+01  9.109138E+01  9.525708E+01  9.736340E+01  2.697765E+00  2.704228E+00
  2.780922E+00  2.860704E+00  3.021878E+00  3.338154E+00  3.979716E+00  5.267653E+00  7.806679E+00  1.277610E+01  2.185078E+01  3.637815E+01
  5.467498E+01  7.157141E+01  8.371899E+01  9.117432E+01  9.530118E+01  9.738785E+01  2.823677E+00  2.829892E+00  2.911955E+00  2.998143E+00
  3.168471E+00  3.512647E+00  4.197184E+00  5.574450E+00  8.278364E+00  1.352867E+01  2.299079E+01  3.778387E+01  5.590182E+01  7.236702E+01
  8.417471E+01  9.142099E+01  9.543235E+01  9.746060E+01  3.053988E+00  3.062099E+00  3.155595E+00  3.251234E+00  3.444476E+00  3.829882E+00
  4.600263E+00  6.144075E+00  9.151959E+00  1.492123E+01  2.504585E+01  4.021532E+01  5.793544E+01  7.366962E+01  8.492126E+01  9.182536E+01
  9.564737E+01  9.757987E+01  3.438966E+00  3.445683E+00  3.558740E+00  3.673759E+00  3.904015E+00  4.358522E+00  5.277182E+00  7.097697E+00
  1.061876E+01  1.721280E+01  2.828104E+01  4.377358E+01  6.074763E+01  7.545167E+01  8.594125E+01  9.237776E+01  9.594115E+01  9.774283E+01
  4.066623E+00  4.076296E+00  4.222476E+00  4.369972E+00  4.665451E+00  5.254081E+00  6.424293E+00  8.725209E+00  1.308763E+01  2.091051E+01
  3.309842E+01  4.854506E+01  6.428739E+01  7.767274E+01  8.721276E+01  9.306657E+01  9.630757E+01  9.794621E+01  5.172458E+00  5.181897E+00
  5.390439E+00  5.601528E+00  6.024809E+00  6.861938E+00  8.510024E+00  1.167577E+01  1.742386E+01  2.692725E+01  3.999978E+01  5.453685E+01
  6.849657E+01  8.030213E+01  8.871851E+01  9.388239E+01  9.674162E+01  9.818726E+01  7.379317E+00  7.394320E+00  7.747587E+00  8.101158E+00
  8.813352E+00  1.018820E+01  1.282862E+01  1.763931E+01  2.555396E+01  3.670218E+01  4.927222E+01  6.160091E+01  7.334573E+01  8.333284E+01
  9.045328E+01  9.482265E+01  9.724206E+01  9.846535E+01  1.351855E+01  1.354122E+01  1.433148E+01  1.509761E+01  1.660517E+01  1.938997E+01
  2.428352E+01  3.187393E+01  4.151712E+01  5.129479E+01  6.044274E+01  6.973447E+01  7.894450E+01  8.683311E+01  9.245827E+01  9.590941E+01
  9.782079E+01  9.878728E+01  4.970731E+01  4.983649E+01  5.062087E+01  5.129820E+01  5.224187E+01  5.355735E+01  5.525962E+01  5.770580E+01
  6.110276E+01  6.568445E+01  7.143494E+01  7.786362E+01  8.455092E+01  9.034292E+01  9.445380E+01  9.699645E+01  9.839951E+01  9.911238E+01
  2.656044E+00  2.661290E+00  2.737152E+00  2.815209E+00  2.969057E+00  3.279914E+00  3.901706E+00  5.151386E+00  7.624235E+00  1.242910E+01
  2.129482E+01  3.562683E+01  5.391130E+01  7.101717E+01  8.337576E+01  9.097507E+01  9.517548E+01  9.728702E+01  2.697765E+00  2.702734E+00
  2.779146E+00  2.859630E+00  3.019248E+00  3.333035E+00  3.969468E+00  5.248922E+00  7.770932E+00  1.266681E+01  2.165528E+01  3.608398E+01
  5.432360E+01  7.128702E+01  8.353062E+01  9.105909E+01  9.522032E+01  9.731216E+01  2.823677E+00  2.828495E+00  2.910329E+00  2.997338E+00
  3.165280E+00  3.506883E+00  4.185884E+00  5.552390E+00  8.236551E+00  1.341023E+01  2.278143E+01  3.748111E+01  5.555643E+01  7.208997E+01
  8.399133E+01  9.130889E+01  9.535366E+01  9.738692E+01  3.053988E+00  3.059252E+00  3.153858E+00  3.249383E+00  3.440622E+00  3.823869E+00
  4.586277E+00  6.116793E+00  9.101879E+00  1.478329E+01  2.481314E+01  3.990264E+01  5.760040E+01  7.340451E+01  8.474619E+01  9.171844E+01
  9.557227E+01  9.750954E+01  3.438966E+00  3.444364E+00  3.556819E+00  3.671100E+00  3.899240E+00  4.348926E+00  5.258584E+00  7.060791E+00
  1.055103E+01  1.704286E+01  2.801625E+01  4.345361E+01  6.042959E+01  7.520395E+01  8.577751E+01  9.227785E+01  9.587090E+01  9.767706E+01
  4.066623E+00  4.075313E+00  4.219013E+00  4.367120E+00  4.658212E+00  5.239852E+00  6.397104E+00  8.667082E+00  1.298660E+01  2.069110E+01
  3.279405E+01  4.822983E+01  6.399265E+01  7.744563E+01  8.706306E+01  9.297536E+01  9.624337E+01  9.788615E+01  5.172458E+00  5.180741E+00
  5.385318E+00  5.594728E+00  6.010671E+00  6.835855E+00  8.459395E+00  1.157983E+01  1.726551E+01  2.664605E+01  3.967395E+01  5.424782E+01
  6.823276E+01  8.009925E+01  8.858514E+01  9.380135E+01  9.668459E+01  9.813400E+01  7.379317E+00  7.390588E+00  7.738302E+00  8.088989E+00
  8.785149E+00  1.013592E+01  1.273236E+01  1.747265E+01  2.530909E+01  3.636811E+01  4.896591E+01  6.135284E+01  7.311573E+01  8.315579E+01
  9.033787E+01  9.475327E+01  9.719338E+01  9.841984E+01  1.351855E+01  1.354321E+01  1.430904E+01  1.506545E+01  1.653513E+01  1.926665E+01
  2.408658E+01  3.159756E+01  4.123664E+01  5.101402E+01  6.020560E+01  6.953084E+01  7.875334E+01  8.668802E+01  9.236351E+01  9.585279E+01
  9.778133E+01  9.875074E+01  4.970731E+01  4.982158E+01  5.056779E+01  5.126559E+01  5.219606E+01  5.349789E+01  5.523346E+01  5.764867E+01
  6.101359E+01  6.550217E+01  7.123975E+01  7.771840E+01  8.441541E+01  9.022862E+01  9.439194E+01  9.696081E+01  9.837429E+01  9.908559E+01
  2.656044E+00  2.659172E+00  2.737711E+00  2.813992E+00  2.968009E+00  3.275655E+00  3.893354E+00  5.126696E+00  7.572053E+00  1.235244E+01
  2.111799E+01  3.532745E+01  5.355614E+01  7.072073E+01  8.317789E+01  9.085313E+01  9.509134E+01  9.720932E+01  2.697765E+00  2.701487E+00
  2.780045E+00  2.858800E+00  3.017442E+00  3.329360E+00  3.959469E+00  5.223865E+00  7.717337E+00  1.258646E+01  2.147381E+01  3.578133E+01
  5.396918E+01  7.099339E+01  8.333462E+01  9.093827E+01  9.513690E+01  9.723515E+01  2.823677E+00  2.827259E+00  2.910873E+00  2.995702E+00
  3.162905E+00  3.502741E+00  4.175290E+00  5.523428E+00  8.176822E+00  1.332065E+01  2.258574E+01  3.717076E+01  5.520900E+01  7.180419E+01
  8.380008E+01  9.119147E+01  9.527252E+01  9.731199E+01  3.053988E+00  3.058209E+00  3.154401E+00  3.248134E+00  3.437430E+00  3.818505E+00
  4.572844E+00  6.082533E+00  9.031362E+00  1.467612E+01  2.459616E+01  3.958216E+01  5.726343E+01  7.313240E+01  8.456439E+01  9.160648E+01
  9.549477E+01  9.743798E+01  3.438966E+00  3.442984E+00  3.556691E+00  3.669358E+00  3.895519E+00  4.340589E+00  5.240322E+00  7.014817E+00
  1.045998E+01  1.690489E+01  2.776738E+01  4.312475E+01  6.011162E+01  7.494882E+01  8.560754E+01  9.217333E+01  9.579846E+01  9.761017E+01
  4.066623E+00  4.071333E+00  4.219002E+00  4.363756E+00  4.652111E+00  5.227154E+00  6.368145E+00  8.602438E+00  1.286260E+01  2.050944E+01
  3.250846E+01  4.790708E+01  6.370068E+01  7.721277E+01  8.690791E+01  9.288007E+01  9.617723E+01  9.782507E+01  5.172458E+00  5.179203E+00
  5.384301E+00  5.589479E+00  5.999857E+00  6.813429E+00  8.408754E+00  1.147682E+01  1.707914E+01  2.640075E+01  3.936549E+01  5.395196E+01
  6.797330E+01  7.989331E+01  8.844693E+01  9.371678E+01  9.662589E+01  9.807975E+01  7.379317E+00  7.389415E+00  7.733733E+00  8.076887E+00
  8.757864E+00  1.008468E+01  1.263443E+01  1.729041E+01  2.502781E+01  3.607024E+01  4.868136E+01  6.109953E+01  7.289379E+01  8.297791E+01
  9.021968E+01  9.468071E+01  9.714288E+01  9.837338E+01  1.351855E+01  1.353406E+01  1.429713E+01  1.503492E+01  1.647292E+01  1.914836E+01
  2.389392E+01  3.130726E+01  4.091333E+01  5.078207E+01  5.999853E+01  6.932362E+01  7.857301E+01  8.654117E+01  9.226601E+01  9.579449E+01
  9.774079E+01  9.871323E+01  4.970731E+01  4.977996E+01  5.057805E+01  5.124516E+01  5.217985E+01  5.345499E+01  5.518513E+01  5.758304E+01
  6.086864E+01  6.537663E+01  7.107914E+01  7.757045E+01  8.429597E+01  9.012852E+01  9.431570E+01  9.691758E+01  9.834641E+01  9.905872E+01
  2.656044E+00  2.660475E+00  2.734207E+00  2.808984E+00  2.957095E+00  3.253855E+00  3.847380E+00  5.029084E+00  7.367975E+00  1.191133E+01
  2.023255E+01  3.387401E+01  5.179893E+01  6.925466E+01  8.219459E+01  9.026899E+01  9.475907E+01  9.700235E+01  2.697765E+00  2.701631E+00
  2.776482E+00  2.853521E+00  3.004037E+00  3.307540E+00  3.914242E+00  5.121061E+00  7.505743E+00  1.212862E+01  2.056624E+01  3.431183E+01
  5.221761E+01  6.954008E+01  8.235976E+01  9.035940E+01  9.480766E+01  9.703005E+01  2.823677E+00  2.828031E+00  2.907043E+00  2.989833E+00
  3.149506E+00  3.476745E+00  4.123179E+00  5.407563E+00  7.939560E+00  1.281481E+01  2.161397E+01  3.565623E+01  5.347661E+01  7.039023E+01
  8.285267E+01  9.062856E+01  9.495226E+01  9.711248E+01  3.053988E+00  3.059253E+00  3.149095E+00  3.240210E+00  3.420263E+00  3.782883E+00
  4.508150E+00  5.939127E+00  8.746319E+00  1.408397E+01  2.351167E+01  3.800455E+01  5.557820E+01  7.178348E+01  8.366066E+01  9.106939E+01
  9.518932E+01  9.724763E+01  3.438966E+00  3.443387E+00  3.550312E+00  3.659171E+00  3.871101E+00  4.297211E+00  5.151347E+00  6.825800E+00
  1.008506E+01  1.616976E+01  2.651497E+01  4.149683E+01  5.850931E+01  7.368937E+01  8.476405E+01  9.167198E+01  9.551323E+01  9.743233E+01
  4.066623E+00  4.073756E+00  4.210588E+00  4.346392E+00  4.617451E+00  5.158679E+00  6.231161E+00  8.321898E+00  1.232598E+01  1.954095E+01
  3.106086E+01  4.628200E+01  6.222477E+01  7.606491E+01  8.613877E+01  9.242255E+01  9.591695E+01  9.766273E+01  5.172458E+00  5.178102E+00
  5.368323E+00  5.559422E+00  5.938492E+00  6.693305E+00  8.172878E+00  1.101541E+01  1.626018E+01  2.510375E+01  3.776705E+01  5.243295E+01
  6.665974E+01  7.887257E+01  8.776338E+01  9.331055E+01  9.639463E+01  9.793551E+01  7.379317E+00  7.387280E+00  7.698175E+00  8.013218E+00
  8.628529E+00  9.840523E+00  1.217139E+01  1.646386E+01  2.375433E+01  3.447959E+01  4.716479E+01  5.981366E+01  7.175652E+01  8.209858E+01
  8.963086E+01  9.433078E+01  9.694396E+01  9.824945E+01  1.351855E+01  1.353710E+01  1.421176E+01  1.487374E+01  1.616555E+01  1.858704E+01
  2.293232E+01  2.991429E+01  3.935835E+01  4.947807E+01  5.887939E+01  6.828587E+01  7.763182E+01  8.582108E+01  9.178500E+01  9.550865E+01
  9.757874E+01  9.861238E+01  4.970731E+01  4.976617E+01  5.051930E+01  5.113465E+01  5.194701E+01  5.323791E+01  5.486586E+01  5.719666E+01
  6.037355E+01  6.477393E+01  7.039368E+01  7.682021E+01  8.360599E+01  8.961710E+01  9.397416E+01  9.671259E+01  9.823148E+01  9.898397E+01
  2.656044E+00  2.661459E+00  2.733156E+00  2.805872E+00  2.952862E+00  3.246956E+00  3.830968E+00  4.997511E+00  7.294662E+00  1.176326E+01
  1.994914E+01  3.337638E+01  5.117648E+01  6.872298E+01  8.183382E+01  9.004592E+01  9.461886E+01  9.689407E+01  2.697765E+00  2.702932E+00
  2.775563E+00  2.850773E+00  2.999720E+00  3.299235E+00  3.896042E+00  5.088467E+00  7.429124E+00  1.197738E+01  2.027851E+01  3.380904E+01
  5.159608E+01  6.901338E+01  8.200245E+01  9.013835E+01  9.466872E+01  9.692274E+01  2.823677E+00  2.828071E+00  2.905860E+00  2.985727E+00
  3.145369E+00  3.466285E+00  4.103092E+00  5.370497E+00  7.854452E+00  1.264764E+01  2.130247E+01  3.513757E+01  5.286118E+01  6.987607E+01
  8.250534E+01  9.041332E+01  9.481708E+01  9.700804E+01  3.053988E+00  3.059652E+00  3.147533E+00  3.236163E+00  3.413667E+00  3.773209E+00
  4.483449E+00  5.894842E+00  8.643817E+00  1.388607E+01  2.316104E+01  3.746139E+01  5.497596E+01  7.129319E+01  8.332964E+01  9.086432E+01
  9.506030E+01  9.714793E+01  3.438966E+00  3.444744E+00  3.548836E+00  3.653893E+00  3.862910E+00  4.283471E+00  5.118007E+00  6.765800E+00
  9.953660E+00  1.592443E+01  2.610841E+01  4.092979E+01  5.793048E+01  7.323159E+01  8.445472E+01  9.148003E+01  9.539254E+01  9.733910E+01
  4.066623E+00  4.075631E+00  4.207676E+00  4.339385E+00  4.605877E+00  5.136782E+00  6.182771E+00  8.234649E+00  1.214373E+01  1.921760E+01
  3.058216E+01  4.570878E+01  6.169201E+01  7.564715E+01  8.585633E+01  9.224723E+01  9.580673E+01  9.757758E+01  5.172458E+00  5.180445E+00
  5.363646E+00  5.546930E+00  5.917833E+00  6.653644E+00  8.093692E+00  1.086786E+01  1.598014E+01  2.466590E+01  3.722285E+01  5.189275E+01
  6.618496E+01  7.850033E+01  8.751270E+01  9.315440E+01  9.629667E+01  9.785984E+01  7.379317E+00  7.388204E+00  7.687952E+00  7.989877E+00
  8.586243E+00  9.760811E+00  1.201701E+01  1.619550E+01  2.331366E+01  3.392598E+01  4.663039E+01  5.935135E+01  7.134514E+01  8.177539E+01
  8.941467E+01  9.419604E+01  9.685989E+01  9.818448E+01  1.351855E+01  1.354383E+01  1.417963E+01  1.481822E+01  1.605980E+01  1.840902E+01
  2.260903E+01  2.945783E+01  3.879883E+01  4.900160E+01  5.849488E+01  6.791331E+01  7.729059E+01  8.555298E+01  9.160789E+01  9.539761E+01
  9.751002E+01  9.855984E+01  4.970731E+01  4.980463E+01  5.046279E+01  5.108544E+01  5.187854E+01  5.316451E+01  5.481293E+01  5.704499E+01
  6.022549E+01  6.458427E+01  7.017618E+01  7.655863E+01  8.338335E+01  8.941254E+01  9.386024E+01  9.663606E+01  9.818001E+01  9.894733E+01
  2.656044E+00  2.659681E+00  2.731026E+00  2.802824E+00  2.948009E+00  3.237063E+00  3.811876E+00  4.956600E+00  7.216643E+00  1.159303E+01
  1.962740E+01  3.283832E+01  5.051114E+01  6.814611E+01  8.143903E+01  8.980457E+01  9.447118E+01  9.678356E+01  2.697765E+00  2.700503E+00
  2.773973E+00  2.847677E+00  2.994203E+00  3.289446E+00  3.876489E+00  5.045106E+00  7.348581E+00  1.180143E+01  1.994891E+01  3.326414E+01
  5.093335E+01  6.844161E+01  8.161185E+01  8.989922E+01  9.452235E+01  9.681322E+01  2.823677E+00  2.827148E+00  2.903661E+00  2.982555E+00
  3.138227E+00  3.453748E+00  4.081474E+00  5.323153E+00  7.766187E+00  1.245691E+01  2.095113E+01  3.457637E+01  5.220238E+01  6.931931E+01
  8.212512E+01  9.018066E+01  9.467468E+01  9.690145E+01  3.053988E+00  3.056920E+00  3.145179E+00  3.232463E+00  3.407261E+00  3.758744E+00
  4.457284E+00  5.837273E+00  8.536592E+00  1.366522E+01  2.276887E+01  3.687564E+01  5.433186E+01  7.076174E+01  8.296720E+01  9.064246E+01
  9.492443E+01  9.704614E+01  3.438966E+00  3.442762E+00  3.545580E+00  3.649803E+00  3.855152E+00  4.266980E+00  5.083025E+00  6.691195E+00
  9.817714E+00  1.565238E+01  2.565870E+01  4.031686E+01  5.731377E+01  7.273505E+01  8.411638E+01  9.127283E+01  9.526561E+01  9.724390E+01
  4.066623E+00  4.073740E+00  4.203753E+00  4.332605E+00  4.593875E+00  5.110860E+00  6.133307E+00  8.131792E+00  1.195470E+01  1.887106E+01
  3.005639E+01  4.509056E+01  6.112142E+01  7.519411E+01  8.554803E+01  9.205838E+01  9.569090E+01  9.749059E+01  5.172458E+00  5.177066E+00
  5.357168E+00  5.535488E+00  5.894637E+00  6.611972E+00  8.008507E+00  1.070459E+01  1.569636E+01  2.419550E+01  3.662661E+01  5.130682E+01
  6.567615E+01  7.809835E+01  8.723841E+01  9.298664E+01  9.619358E+01  9.778252E+01  7.379317E+00  7.384970E+00  7.676066E+00  7.967178E+00
  8.539434E+00  9.673889E+00  1.185717E+01  1.591074E+01  2.286935E+01  3.332295E+01  4.604954E+01  5.885295E+01  7.091241E+01  8.143083E+01
  8.917922E+01  9.405213E+01  9.677097E+01  9.811810E+01  1.351855E+01  1.352955E+01  1.415285E+01  1.476219E+01  1.595370E+01  1.821527E+01
  2.228312E+01  2.896411E+01  3.822459E+01  4.847211E+01  5.806354E+01  6.751721E+01  7.692948E+01  8.526919E+01  9.141544E+01  9.528123E+01
  9.743768E+01  9.850584E+01  4.970731E+01  4.975409E+01  5.041061E+01  5.101919E+01  5.178776E+01  5.308147E+01  5.470633E+01  5.682623E+01
  6.007017E+01  6.432985E+01  6.987469E+01  7.629360E+01  8.314764E+01  8.921676E+01  9.371708E+01  9.655146E+01  9.812803E+01  9.890829E+01
  2.656044E+00  2.661096E+00  2.731461E+00  2.801762E+00  2.945296E+00  3.232924E+00  3.803206E+00  4.942217E+00  7.187420E+00  1.152486E+01
  1.950980E+01  3.262333E+01  5.025699E+01  6.791309E+01  8.127763E+01  8.970238E+01  9.439906E+01  9.671537E+01  2.697765E+00  2.701391E+00
  2.774384E+00  2.846480E+00  2.991512E+00  3.285629E+00  3.867792E+00  5.028549E+00  7.319544E+00  1.173051E+01  1.982862E+01  3.304719E+01
  5.068015E+01  6.821019E+01  8.145177E+01  8.979771E+01  9.445092E+01  9.674564E+01  2.823677E+00  2.828746E+00  2.904642E+00  2.981690E+00
  3.135489E+00  3.449081E+00  4.071211E+00  5.304891E+00  7.732294E+00  1.238183E+01  2.082392E+01  3.435280E+01  5.195168E+01  6.909394E+01
  8.196967E+01  9.008209E+01  9.460515E+01  9.683566E+01  3.053988E+00  3.060329E+00  3.145085E+00  3.231050E+00  3.403914E+00  3.753481E+00
  4.445942E+00  5.815255E+00  8.498628E+00  1.357854E+01  2.262668E+01  3.664094E+01  5.408491E+01  7.054580E+01  8.281853E+01  9.054848E+01
  9.485797E+01  9.698334E+01  3.438966E+00  3.444016E+00  3.546251E+00  3.647591E+00  3.850196E+00  4.259944E+00  5.068442E+00  6.664560E+00
  9.767083E+00  1.554480E+01  2.549471E+01  4.007307E+01  5.707788E+01  7.253294E+01  8.397747E+01  9.118496E+01  9.520345E+01  9.718516E+01
  4.066623E+00  4.072564E+00  4.203674E+00  4.329860E+00  4.587707E+00  5.101073E+00  6.111548E+00  8.093026E+00  1.188474E+01  1.873472E+01
  2.986523E+01  4.484266E+01  6.090204E+01  7.500962E+01  8.542097E+01  9.197815E+01  9.563406E+01  9.743694E+01  5.172458E+00  5.181080E+00
  5.357389E+00  5.531065E+00  5.884739E+00  6.594236E+00  7.974544E+00  1.064611E+01  1.559202E+01  2.401658E+01  3.641175E+01  5.107077E+01
  6.548183E+01  7.793399E+01  8.712522E+01  9.291528E+01  9.614307E+01  9.773492E+01  7.379317E+00  7.387517E+00  7.674622E+00  7.957435E+00
  8.521130E+00  9.643471E+00  1.179545E+01  1.580280E+01  2.270793E+01  3.309166E+01  4.583831E+01  5.865002E+01  7.074515E+01  8.128815E+01
  8.908113E+01  9.399061E+01  9.672759E+01  9.807732E+01  1.351855E+01  1.354049E+01  1.414976E+01  1.473896E+01  1.591154E+01  1.814242E+01
  2.216100E+01  2.878500E+01  3.801947E+01  4.826038E+01  5.791477E+01  6.735861E+01  7.679230E+01  8.515302E+01  9.133593E+01  9.523117E+01
  9.740219E+01  9.847308E+01  4.970731E+01  4.978864E+01  5.042617E+01  5.099078E+01  5.176881E+01  5.303912E+01  5.465833E+01  5.674443E+01
  6.000777E+01  6.423492E+01  6.976731E+01  7.619090E+01  8.303439E+01  8.911497E+01  9.366074E+01  9.651856E+01  9.810364E+01  9.888512E+01
  2.656044E+00  2.659444E+00  2.731856E+00  2.802960E+00  2.948172E+00  3.237676E+00  3.810574E+00  4.955747E+00  7.215312E+00  1.159017E+01
  1.961373E+01  3.281469E+01  5.049040E+01  6.811502E+01  8.141861E+01  8.977399E+01  9.442228E+01  9.669762E+01  2.697765E+00  2.701029E+00
  2.774746E+00  2.847759E+00  2.994415E+00  3.290050E+00  3.875162E+00  5.043859E+00  7.346898E+00  1.179809E+01  1.993579E+01  3.324012E+01
  5.091235E+01  6.841064E+01  8.159158E+01  8.986858E+01  9.447385E+01  9.672803E+01  2.823677E+00  2.826731E+00  2.904592E+00  2.982978E+00
  3.138624E+00  3.454120E+00  4.079566E+00  5.321831E+00  7.764123E+00  1.245409E+01  2.093679E+01  3.455223E+01  5.218208E+01  6.928874E+01
  8.210542E+01  9.015094E+01  9.462740E+01  9.681850E+01  3.053988E+00  3.057939E+00  3.145922E+00  3.232986E+00  3.406908E+00  3.758720E+00
  4.455995E+00  5.835668E+00  8.533929E+00  1.366102E+01  2.275355E+01  3.684980E+01  5.431114E+01  7.073206E+01  8.294836E+01  9.061394E+01
  9.487909E+01  9.696689E+01  3.438966E+00  3.442654E+00  3.546531E+00  3.650099E+00  3.855105E+00  4.267085E+00  5.081095E+00  6.688846E+00
  9.814548E+00  1.564691E+01  2.564152E+01  4.029061E+01  5.729425E+01  7.270654E+01  8.409882E+01  9.124583E+01  9.522303E+01  9.716973E+01
  4.066623E+00  4.072950E+00  4.205166E+00  4.332696E+00  4.593848E+00  5.111354E+00  6.131123E+00  8.127621E+00  1.195025E+01  1.886360E+01
  3.003636E+01  4.506287E+01  6.110279E+01  7.516721E+01  8.553205E+01  9.203342E+01  9.565171E+01  9.742281E+01  5.172458E+00  5.178800E+00
  5.358549E+00  5.535282E+00  5.894364E+00  6.611421E+00  8.004737E+00  1.070047E+01  1.568922E+01  2.418613E+01  3.660367E+01  5.128076E+01
  6.566029E+01  7.807366E+01  8.722437E+01  9.296419E+01  9.615874E+01  9.772236E+01  7.379317E+00  7.386832E+00  7.677254E+00  7.967634E+00
  8.538135E+00  9.673247E+00  1.185147E+01  1.590116E+01  2.285873E+01  3.330978E+01  4.602679E+01  5.882841E+01  7.089907E+01  8.140836E+01
  8.916763E+01  9.403259E+01  9.674102E+01  9.806676E+01  1.351855E+01  1.353435E+01  1.415291E+01  1.476034E+01  1.595070E+01  1.821267E+01
  2.227192E+01  2.895030E+01  3.821051E+01  4.846513E+01  5.804626E+01  6.749576E+01  7.692014E+01  8.525226E+01  9.140699E+01  9.526498E+01
  9.741322E+01  9.846527E+01  4.970731E+01  4.976783E+01  5.042775E+01  5.102718E+01  5.179490E+01  5.309598E+01  5.468713E+01  5.683638E+01
  6.006115E+01  6.436057E+01  6.987202E+01  7.627423E+01  8.314389E+01  8.919853E+01  9.371053E+01  9.654041E+01  9.811123E+01  9.887846E+01
  2.656044E+00  2.661750E+00  2.732395E+00  2.803886E+00  2.948735E+00  3.240691E+00  3.817893E+00  4.968249E+00  7.240923E+00  1.164397E+01
  1.972825E+01  3.300417E+01  5.071829E+01  6.831544E+01  8.154427E+01  8.984336E+01  9.444392E+01  9.668088E+01  2.697765E+00  2.702460E+00
  2.775237E+00  2.848506E+00  2.995317E+00  3.292938E+00  3.883348E+00  5.057789E+00  7.374011E+00  1.185262E+01  2.005204E+01  3.343171E+01
  5.113970E+01  6.860944E+01  8.171600E+01  8.993760E+01  9.449532E+01  9.671143E+01  2.823677E+00  2.829024E+00  2.905110E+00  2.984231E+00
  3.139988E+00  3.457995E+00  4.088808E+00  5.337460E+00  7.793559E+00  1.251276E+01  2.106137E+01  3.474973E+01  5.240785E+01  6.948259E+01
  8.222607E+01  9.021777E+01  9.464821E+01  9.680232E+01  3.053988E+00  3.060011E+00  3.146614E+00  3.233827E+00  3.408403E+00  3.763430E+00
  4.465582E+00  5.853784E+00  8.570067E+00  1.372995E+01  2.289119E+01  3.705562E+01  5.453194E+01  7.091724E+01  8.306332E+01  9.067754E+01
  9.489883E+01  9.695138E+01  3.438966E+00  3.445670E+00  3.547069E+00  3.651428E+00  3.857155E+00  4.272990E+00  5.095162E+00  6.714519E+00
  9.860403E+00  1.573353E+01  2.579904E+01  4.050504E+01  5.750563E+01  7.287962E+01  8.420567E+01  9.130508E+01  9.524133E+01  9.715517E+01
  4.066623E+00  4.074672E+00  4.206201E+00  4.334481E+00  4.597358E+00  5.119595E+00  6.149620E+00  8.162283E+00  1.201198E+01  1.897448E+01
  3.022003E+01  4.528062E+01  6.129927E+01  7.532574E+01  8.562872E+01  9.208727E+01  9.566839E+01  9.740946E+01  5.172458E+00  5.181632E+00
  5.360909E+00  5.538460E+00  5.900339E+00  6.624382E+00  8.036229E+00  1.075351E+01  1.578543E+01  2.433927E+01  3.681444E+01  5.148650E+01
  6.583520E+01  7.821454E+01  8.730977E+01  9.301180E+01  9.617337E+01  9.771055E+01  7.379317E+00  7.391217E+00  7.681790E+00  7.974258E+00
  8.550871E+00  9.700089E+00  1.190889E+01  1.599675E+01  2.300549E+01  3.350681E+01  4.623261E+01  5.900555E+01  7.104495E+01  8.153081E+01
  8.924002E+01  9.407370E+01  9.675377E+01  9.805686E+01  1.351855E+01  1.354292E+01  1.416445E+01  1.477894E+01  1.598592E+01  1.827806E+01
  2.238688E+01  2.911475E+01  3.840580E+01  4.863572E+01  5.820134E+01  6.763713E+01  7.704211E+01  8.534962E+01  9.146504E+01  9.529880E+01
  9.742397E+01  9.845750E+01  4.970731E+01  4.980245E+01  5.042730E+01  5.103655E+01  5.182685E+01  5.310963E+01  5.476584E+01  5.690051E+01
  6.010804E+01  6.444630E+01  6.999202E+01  7.641773E+01  8.322176E+01  8.927889E+01  9.375666E+01  9.655971E+01  9.811852E+01  9.887241E+01
  2.656044E+00  2.661638E+00  2.732196E+00  2.805126E+00  2.950976E+00  3.243152E+00  3.823873E+00  4.981541E+00  7.266678E+00  1.170306E+01
  1.983393E+01  3.318767E+01  5.093952E+01  6.850284E+01  8.166782E+01  8.990914E+01  9.446338E+01  9.665768E+01  2.697765E+00  2.703301E+00
  2.774965E+00  2.850141E+00  2.997942E+00  3.295868E+00  3.888983E+00  5.071240E+00  7.400201E+00  1.191410E+01  2.016026E+01  3.361716E+01
  5.136051E+01  6.879520E+01  8.183813E+01  9.000275E+01  9.451453E+01  9.668842E+01  2.823677E+00  2.829985E+00  2.904914E+00  2.985465E+00
  3.142238E+00  3.462022E+00  4.094435E+00  5.351586E+00  7.823699E+00  1.257946E+01  2.117689E+01  3.494061E+01  5.262711E+01  6.966300E+01
  8.234487E+01  9.028111E+01  9.466683E+01  9.677990E+01  3.053988E+00  3.060526E+00  3.146508E+00  3.235310E+00  3.411205E+00  3.767313E+00
  4.473803E+00  5.871201E+00  8.606589E+00  1.380794E+01  2.301961E+01  3.725594E+01  5.474627E+01  7.108943E+01  8.317624E+01  9.073778E+01
  9.491652E+01  9.692991E+01  3.438966E+00  3.444232E+00  3.547397E+00  3.652586E+00  3.860645E+00  4.277983E+00  5.105641E+00  6.738224E+00
  9.906099E+00  1.582751E+01  2.594828E+01  4.071605E+01  5.771135E+01  7.304012E+01  8.431084E+01  9.136122E+01  9.525774E+01  9.713505E+01
  4.066623E+00  4.074961E+00  4.206026E+00  4.337310E+00  4.601779E+00  5.127022E+00  6.164091E+00  8.195914E+00  1.207695E+01  1.909464E+01
  3.039432E+01  4.549438E+01  6.148997E+01  7.547133E+01  8.572427E+01  9.213828E+01  9.568323E+01  9.739104E+01  5.172458E+00  5.180439E+00
  5.361322E+00  5.543086E+00  5.908825E+00  6.638853E+00  8.062049E+00  1.080854E+01  1.588130E+01  2.450026E+01  3.701075E+01  5.169098E+01
  6.600544E+01  7.834381E+01  8.739416E+01  9.305698E+01  9.618649E+01  9.769426E+01  7.379317E+00  7.386802E+00  7.683666E+00  7.981873E+00
  8.568572E+00  9.728703E+00  1.195930E+01  1.609119E+01  2.315756E+01  3.371204E+01  4.642641E+01  5.918253E+01  7.119253E+01  8.164029E+01
  8.931256E+01  9.411239E+01  9.676511E+01  9.804321E+01  1.351855E+01  1.353831E+01  1.416949E+01  1.479875E+01  1.602281E+01  1.834122E+01
  2.249027E+01  2.927464E+01  3.859738E+01  4.881995E+01  5.834330E+01  6.778216E+01  7.716266E+01  8.544078E+01  9.152424E+01  9.533022E+01
  9.743365E+01  9.844678E+01  4.970731E+01  4.978995E+01  5.043561E+01  5.107954E+01  5.182813E+01  5.313208E+01  5.478007E+01  5.694548E+01
  6.017346E+01  6.451978E+01  7.007964E+01  7.647461E+01  8.330754E+01  8.934370E+01  9.379452E+01  9.658276E+01  9.812553E+01  9.886501E+01
  2.656044E+00  2.660889E+00  2.732934E+00  2.805686E+00  2.952323E+00  3.245813E+00  3.829559E+00  4.994676E+00  7.291016E+00  1.175441E+01
  1.993508E+01  3.335856E+01  5.115232E+01  6.868756E+01  8.179062E+01  8.997366E+01  9.448048E+01  9.663439E+01  2.697765E+00  2.701574E+00
  2.775354E+00  2.850494E+00  2.999015E+00  3.298188E+00  3.894357E+00  5.085137E+00  7.425322E+00  1.196791E+01  2.026389E+01  3.379082E+01
  5.157257E+01  6.897817E+01  8.195977E+01  9.006671E+01  9.453144E+01  9.666532E+01  2.823677E+00  2.828120E+00  2.905719E+00  2.985963E+00
  3.144745E+00  3.465052E+00  4.100933E+00  5.367492E+00  7.850926E+00  1.263756E+01  2.128789E+01  3.511946E+01  5.283749E+01  6.984122E+01
  8.246328E+01  9.034335E+01  9.468324E+01  9.675738E+01  3.053988E+00  3.059317E+00  3.147577E+00  3.235961E+00  3.412944E+00  3.772361E+00
  4.481796E+00  5.891304E+00  8.639894E+00  1.387553E+01  2.314519E+01  3.744237E+01  5.495290E+01  7.125955E+01  8.328906E+01  9.079702E+01
  9.493208E+01  9.690837E+01  3.438966E+00  3.443535E+00  3.548613E+00  3.653908E+00  3.862817E+00  4.282302E+00  5.115567E+00  6.761813E+00
  9.949334E+00  1.591196E+01  2.609059E+01  4.090994E+01  5.790918E+01  7.319916E+01  8.441624E+01  9.141652E+01  9.527216E+01  9.711484E+01
  4.066623E+00  4.074626E+00  4.206887E+00  4.338938E+00  4.605143E+00  5.135682E+00  6.179389E+00  8.229789E+00  1.213689E+01  1.920360E+01
  3.056258E+01  4.568974E+01  6.167223E+01  7.561640E+01  8.582049E+01  9.218877E+01  9.569630E+01  9.737259E+01  5.172458E+00  5.179866E+00
  5.363583E+00  5.545575E+00  5.916592E+00  6.651776E+00  8.090111E+00  1.086118E+01  1.597132E+01  2.464864E+01  3.720173E+01  5.187460E+01
  6.616741E+01  7.847253E+01  8.748009E+01  9.310203E+01  9.619808E+01  9.767791E+01  7.379317E+00  7.387589E+00  7.687450E+00  7.988948E+00
  8.584376E+00  9.756412E+00  1.201101E+01  1.618643E+01  2.330280E+01  3.390421E+01  4.660984E+01  5.933621E+01  7.133095E+01  8.175066E+01
  8.938668E+01  9.415134E+01  9.677514E+01  9.802943E+01  1.351855E+01  1.354300E+01  1.417899E+01  1.481659E+01  1.605550E+01  1.840249E+01
  2.259818E+01  2.943640E+01  3.878536E+01  4.898156E+01  5.847898E+01  6.790066E+01  7.727993E+01  8.553192E+01  9.158568E+01  9.536221E+01
  9.744218E+01  9.843607E+01  4.970731E+01  4.976278E+01  5.046165E+01  5.107240E+01  5.186456E+01  5.315605E+01  5.480207E+01  5.702515E+01
  6.021272E+01  6.458041E+01  7.015004E+01  7.654664E+01  8.337597E+01  8.940527E+01  9.384184E+01  9.660986E+01  9.813119E+01  9.885702E+01
  2.656044E+00  2.662724E+00  2.732974E+00  2.806402E+00  2.953125E+00  3.248008E+00  3.835451E+00  5.006286E+00  7.317714E+00  1.180283E+01
  2.003638E+01  3.353912E+01  5.135849E+01  6.887509E+01  8.191117E+01  9.003452E+01  9.449623E+01  9.661190E+01  2.697765E+00  2.703803E+00
  2.775473E+00  2.851279E+00  2.999946E+00  3.301270E+00  3.900698E+00  5.096779E+00  7.453504E+00  1.201901E+01  2.036732E+01  3.397287E+01
  5.177803E+01  6.916383E+01  8.207906E+01  9.012698E+01  9.454705E+01  9.664303E+01  2.823677E+00  2.829448E+00  2.905895E+00  2.986864E+00
  3.145671E+00  3.467710E+00  4.108810E+00  5.380448E+00  7.881038E+00  1.269369E+01  2.139923E+01  3.530724E+01  5.304154E+01  7.002258E+01
  8.257952E+01  9.040182E+01  9.469834E+01  9.673565E+01  3.053988E+00  3.061604E+00  3.147903E+00  3.237094E+00  3.414066E+00  3.775332E+00
  4.490466E+00  5.907258E+00  8.676084E+00  1.394106E+01  2.326884E+01  3.763945E+01  5.515221E+01  7.143266E+01  8.339989E+01  9.085281E+01
  9.494642E+01  9.688759E+01  3.438966E+00  3.446331E+00  3.549061E+00  3.654843E+00  3.864571E+00  4.286527E+00  5.126594E+00  6.783753E+00
  9.995353E+00  1.599347E+01  2.623548E+01  4.111503E+01  5.809944E+01  7.336143E+01  8.451984E+01  9.146853E+01  9.528545E+01  9.709534E+01
  4.066623E+00  4.075424E+00  4.207994E+00  4.341251E+00  4.608532E+00  5.142119E+00  6.195334E+00  8.259806E+00  1.220105E+01  1.931145E+01
  3.073293E+01  4.589668E+01  6.184769E+01  7.576514E+01  8.591515E+01  9.223606E+01  9.570832E+01  9.735471E+01  5.172458E+00  5.182034E+00
  5.364975E+00  5.550428E+00  5.922370E+00  6.664445E+00  8.116974E+00  1.091222E+01  1.606804E+01  2.479772E+01  3.739544E+01  5.207100E+01
  6.632301E+01  7.860558E+01  8.756443E+01  9.314404E+01  9.620879E+01  9.766211E+01  7.379317E+00  7.394213E+00  7.690582E+00  7.997066E+00
  8.595885E+00  9.784476E+00  1.206416E+01  1.627844E+01  2.345582E+01  3.409174E+01  4.680056E+01  5.950608E+01  7.146505E+01  8.186723E+01
  8.945963E+01  9.418725E+01  9.678458E+01  9.801613E+01  1.351855E+01  1.354522E+01  1.418846E+01  1.483499E+01  1.609088E+01  1.845893E+01
  2.270937E+01  2.959567E+01  3.897751E+01  4.914214E+01  5.862035E+01  6.804098E+01  7.738775E+01  8.562930E+01  9.164578E+01  9.539152E+01
  9.745033E+01  9.842595E+01  4.970731E+01  4.984451E+01  5.046968E+01  5.109781E+01  5.186080E+01  5.316224E+01  5.485005E+01  5.707717E+01
  6.028843E+01  6.458977E+01  7.024998E+01  7.666481E+01  8.345979E+01  8.947201E+01  9.388849E+01  9.663126E+01  9.813803E+01  9.885050E+01
  2.656044E+00  2.662476E+00  2.733491E+00  2.807147E+00  2.954477E+00  3.250792E+00  3.840371E+00  5.018518E+00  7.341908E+00  1.184714E+01
  2.012829E+01  3.368993E+01  5.156254E+01  6.904085E+01  8.201786E+01  9.009190E+01  9.450951E+01  9.658604E+01  2.697765E+00  2.703661E+00
  2.775829E+00  2.851712E+00  3.001365E+00  3.304389E+00  3.906421E+00  5.108348E+00  7.478399E+00  1.206418E+01  2.046195E+01  3.412472E+01
  5.198132E+01  6.932768E+01  8.218474E+01  9.018385E+01  9.456017E+01  9.661739E+01  2.823677E+00  2.828772E+00  2.906051E+00  2.987584E+00
  3.147060E+00  3.471298E+00  4.114180E+00  5.394010E+00  7.908400E+00  1.274412E+01  2.150095E+01  3.546502E+01  5.324344E+01  7.018201E+01
  8.268204E+01  9.045709E+01  9.471104E+01  9.671067E+01  3.053988E+00  3.061501E+00  3.147813E+00  3.237938E+00  3.416028E+00  3.778801E+00
  4.498284E+00  5.923717E+00  8.708841E+00  1.400093E+01  2.338450E+01  3.780550E+01  5.534962E+01  7.158482E+01  8.349720E+01  9.090535E+01
  9.495842E+01  9.686373E+01  3.438966E+00  3.445692E+00  3.549808E+00  3.656123E+00  3.866494E+00  4.291758E+00  5.137415E+00  6.804467E+00
  1.003870E+01  1.606903E+01  2.636847E+01  4.129019E+01  5.828793E+01  7.350282E+01  8.461028E+01  9.151752E+01  9.529650E+01  9.707301E+01
  4.066623E+00  4.075840E+00  4.208305E+00  4.343230E+00  4.612535E+00  5.149631E+00  6.212328E+00  8.290698E+00  1.226218E+01  1.941316E+01
  3.089111E+01  4.607423E+01  6.202256E+01  7.589342E+01  8.599712E+01  9.228059E+01  9.571831E+01  9.733431E+01  5.172458E+00  5.182995E+00
  5.366390E+00  5.553720E+00  5.929837E+00  6.677889E+00  8.143513E+00  1.096438E+01  1.616159E+01  2.493524E+01  3.757536E+01  5.223723E+01
  6.647817E+01  7.871883E+01  8.763662E+01  9.318362E+01  9.621758E+01  9.764410E+01  7.379317E+00  7.392702E+00  7.693554E+00  8.002892E+00
  8.610553E+00  9.811324E+00  1.211452E+01  1.637045E+01  2.360333E+01  3.427020E+01  4.697338E+01  5.964697E+01  7.159925E+01  8.196403E+01
  8.952108E+01  9.422118E+01  9.679228E+01  9.800095E+01  1.351855E+01  1.354677E+01  1.419916E+01  1.485151E+01  1.612334E+01  1.852127E+01
  2.281501E+01  2.975501E+01  3.916470E+01  4.929460E+01  5.874797E+01  6.815293E+01  7.749991E+01  8.570845E+01  9.169521E+01  9.541967E+01
  9.745704E+01  9.841422E+01  4.970731E+01  4.982889E+01  5.049075E+01  5.111321E+01  5.189855E+01  5.318476E+01  5.484475E+01  5.714054E+01
  6.031167E+01  6.464828E+01  7.033365E+01  7.671443E+01  8.354105E+01  8.953293E+01  9.392033E+01  9.665113E+01  9.814371E+01  9.884246E+01
  2.656044E+00  2.660768E+00  2.734587E+00  2.807735E+00  2.956574E+00  3.253125E+00  3.845544E+00  5.026690E+00  7.363356E+00  1.190149E+01
  2.021777E+01  3.385443E+01  5.176615E+01  6.921218E+01  8.212669E+01  9.014686E+01  9.452187E+01  9.655978E+01  2.697765E+00  2.702343E+00
  2.776864E+00  2.852264E+00  3.003435E+00  3.306742E+00  3.912162E+00  5.118814E+00  7.500854E+00  1.211913E+01  2.055185E+01  3.429247E+01
  5.218456E+01  6.949786E+01  8.229268E+01  9.023822E+01  9.457240E+01  9.659134E+01  2.823677E+00  2.827808E+00  2.907511E+00  2.988666E+00
  3.149506E+00  3.475491E+00  4.121267E+00  5.405351E+00  7.934322E+00  1.280510E+01  2.159910E+01  3.563729E+01  5.344410E+01  7.034854E+01
  8.278677E+01  9.050990E+01  9.472288E+01  9.668529E+01  3.053988E+00  3.059236E+00  3.149022E+00  3.238848E+00  3.419888E+00  3.781725E+00
  4.505954E+00  5.936755E+00  8.740758E+00  1.407389E+01  2.349604E+01  3.798535E+01  5.554647E+01  7.174291E+01  8.359692E+01  9.095556E+01
  9.496963E+01  9.683942E+01  3.438966E+00  3.443513E+00  3.551110E+00  3.656698E+00  3.870616E+00  4.295400E+00  5.148730E+00  6.822851E+00
  1.007798E+01  1.615739E+01  2.649842E+01  4.147732E+01  5.847852E+01  7.365053E+01  8.470343E+01  9.156437E+01  9.530690E+01  9.705024E+01
  4.066623E+00  4.075131E+00  4.210993E+00  4.344807E+00  4.616550E+00  5.157250E+00  6.227985E+00  8.318074E+00  1.231880E+01  1.952685E+01
  3.104348E+01  4.626342E+01  6.219581E+01  7.602824E+01  8.608202E+01  9.232317E+01  9.572776E+01  9.731353E+01  5.172458E+00  5.179754E+00
  5.369006E+00  5.556705E+00  5.937409E+00  6.691923E+00  8.168385E+00  1.101065E+01  1.625102E+01  2.508753E+01  3.774885E+01  5.241636E+01
  6.663406E+01  7.883909E+01  8.771192E+01  9.322123E+01  9.622604E+01  9.762569E+01  7.379317E+00  7.388943E+00  7.698706E+00  8.010798E+00
  8.628759E+00  9.837663E+00  1.216659E+01  1.645706E+01  2.374377E+01  3.446112E+01  4.714718E+01  5.979984E+01  7.173402E+01  8.206923E+01
  8.958572E+01  9.425368E+01  9.679981E+01  9.798540E+01  1.351855E+01  1.354075E+01  1.421533E+01  1.486730E+01  1.616438E+01  1.858231E+01
  2.292168E+01  2.990676E+01  3.934310E+01  4.946193E+01  5.886631E+01  6.827492E+01  7.761345E+01  8.579681E+01  9.174863E+01  9.544664E+01
  9.746336E+01  9.840244E+01  4.970731E+01  4.979137E+01  5.051344E+01  5.111449E+01  5.193550E+01  5.321908E+01  5.487510E+01  5.719524E+01
  6.036371E+01  6.475321E+01  7.038422E+01  7.680994E+01  8.360768E+01  8.959892E+01  9.395482E+01  9.667010E+01  9.814806E+01  9.883002E+01
  2.656044E+00  2.662203E+00  2.734401E+00  2.807731E+00  2.955928E+00  3.252304E+00  3.842917E+00  5.023382E+00  7.353020E+00  1.188024E+01
  2.017318E+01  3.377616E+01  5.166531E+01  6.913001E+01  8.206770E+01  9.010485E+01  9.447987E+01  9.650577E+01  2.697765E+00  2.703664E+00
  2.776854E+00  2.852337E+00  3.002330E+00  3.306029E+00  3.909361E+00  5.115050E+00  7.490515E+00  1.209742E+01  2.050708E+01  3.421242E+01
  5.208388E+01  6.941608E+01  8.223412E+01  9.019660E+01  9.453078E+01  9.653781E+01  2.823677E+00  2.829785E+00  2.906922E+00  2.988686E+00
  3.148173E+00  3.474781E+00  4.118479E+00  5.401203E+00  7.922569E+00  1.278132E+01  2.154992E+01  3.555464E+01  5.334483E+01  7.026916E+01
  8.272987E+01  9.046941E+01  9.468233E+01  9.663317E+01  3.053988E+00  3.060940E+00  3.149109E+00  3.238832E+00  3.418444E+00  3.781190E+00
  4.502208E+00  5.931647E+00  8.726043E+00  1.404552E+01  2.344128E+01  3.789955E+01  5.544919E+01  7.166685E+01  8.354253E+01  9.091693E+01
  9.493085E+01  9.678963E+01  3.438966E+00  3.446738E+00  3.550721E+00  3.656890E+00  3.868548E+00  4.293966E+00  5.142596E+00  6.815345E+00
  1.005963E+01  1.612123E+01  2.643574E+01  4.138845E+01  5.838495E+01  7.357922E+01  8.465244E+01  9.152808E+01  9.527060E+01  9.700365E+01
  4.066623E+00  4.076143E+00  4.209901E+00  4.344420E+00  4.614884E+00  5.154722E+00  6.221017E+00  8.306693E+00  1.229273E+01  1.948086E+01
  3.097083E+01  4.617345E+01  6.210905E+01  7.596320E+01  8.603534E+01  9.229010E+01  9.569446E+01  9.727093E+01  5.172458E+00  5.182463E+00
  5.368579E+00  5.556140E+00  5.934284E+00  6.687042E+00  8.157481E+00  1.099134E+01  1.621118E+01  2.502542E+01  3.766727E+01  5.233184E+01
  6.655530E+01  7.878074E+01  8.767033E+01  9.319189E+01  9.619629E+01  9.758787E+01  7.379317E+00  7.393846E+00  7.697398E+00  8.008633E+00
  8.621669E+00  9.827477E+00  1.214357E+01  1.642129E+01  2.368067E+01  3.438279E+01  4.706977E+01  5.972731E+01  7.166543E+01  8.201820E+01
  8.954998E+01  9.422859E+01  9.677408E+01  9.795317E+01  1.351855E+01  1.354686E+01  1.421089E+01  1.486158E+01  1.614482E+01  1.855786E+01
  2.287447E+01  2.984233E+01  3.926534E+01  4.939562E+01  5.881200E+01  6.821685E+01  7.755505E+01  8.575417E+01  9.171941E+01  9.542625E+01
  9.744263E+01  9.837650E+01  4.970731E+01  4.983282E+01  5.051620E+01  5.111913E+01  5.193638E+01  5.321545E+01  5.486595E+01  5.714667E+01
  6.035186E+01  6.470369E+01  7.035426E+01  7.674555E+01  8.357194E+01  8.956085E+01  9.393637E+01  9.665491E+01  9.813217E+01  9.881358E+01
  2.656044E+00  2.665701E+00  2.733416E+00  2.807057E+00  2.953473E+00  3.248538E+00  3.835574E+00  5.009080E+00  7.324155E+00  1.181122E+01
  2.006471E+01  3.357343E+01  5.141039E+01  6.890542E+01  8.192100E+01  9.000578E+01  9.440866E+01  9.643706E+01  2.697765E+00  2.706553E+00
  2.776004E+00  2.851582E+00  3.000302E+00  3.301944E+00  3.901135E+00  5.099233E+00  7.459239E+00  1.202773E+01  2.039699E+01  3.400752E+01
  5.182976E+01  6.919377E+01  8.208861E+01  9.009843E+01  9.446021E+01  9.646972E+01  2.823677E+00  2.832555E+00  2.906167E+00  2.987533E+00
  3.146079E+00  3.468007E+00  4.109535E+00  5.384102E+00  7.888324E+00  1.270353E+01  2.143071E+01  3.534398E+01  5.309282E+01  7.005121E+01
  8.258852E+01  9.037385E+01  9.461360E+01  9.656687E+01  3.053988E+00  3.063951E+00  3.148032E+00  3.237553E+00  3.414942E+00  3.776304E+00
  4.491501E+00  5.911157E+00  8.684791E+00  1.395398E+01  2.330484E+01  3.767834E+01  5.520266E+01  7.145926E+01  8.340800E+01  9.082567E+01
  9.486515E+01  9.672629E+01  3.438966E+00  3.448105E+00  3.549236E+00  3.655482E+00  3.865833E+00  4.287548E+00  5.129042E+00  6.789648E+00
  1.000711E+01  1.601117E+01  2.627759E+01  4.115835E+01  5.814775E+01  7.338514E+01  8.452676E+01  9.144261E+01  9.520906E+01  9.694436E+01
  4.066623E+00  4.080027E+00  4.208749E+00  4.342430E+00  4.609138E+00  5.143780E+00  6.198643E+00  8.268598E+00  1.221962E+01  1.933826E+01
  3.078428E+01  4.594183E+01  6.189266E+01  7.578558E+01  8.592085E+01  9.221194E+01  9.563814E+01  9.721671E+01  5.172458E+00  5.187438E+00
  5.365331E+00  5.552320E+00  5.924957E+00  6.668352E+00  8.123642E+00  1.092829E+01  1.609639E+01  2.483465E+01  3.745443E+01  5.211286E+01
  6.636282E+01  7.862241E+01  8.756902E+01  9.312216E+01  9.614621E+01  9.753967E+01  7.379317E+00  7.400312E+00  7.691672E+00  7.999213E+00
  8.602319E+00  9.792150E+00  1.207937E+01  1.630721E+01  2.350184E+01  3.414157E+01  4.685841E+01  5.954192E+01  7.149909E+01  8.188042E+01
  8.946329E+01  9.416872E+01  9.673097E+01  9.791187E+01  1.351855E+01  1.356020E+01  1.419081E+01  1.484293E+01  1.610007E+01  1.847923E+01
  2.274134E+01  2.964951E+01  3.904050E+01  4.918368E+01  5.866473E+01  6.806973E+01  7.741672E+01  8.564016E+01  9.164850E+01  9.537714E+01
  9.740730E+01  9.834306E+01  4.970731E+01  4.983683E+01  5.046967E+01  5.111399E+01  5.187765E+01  5.317953E+01  5.484441E+01  5.710444E+01
  6.025655E+01  6.460963E+01  7.029962E+01  7.667664E+01  8.347218E+01  8.948637E+01  9.389347E+01  9.662067E+01  9.810712E+01  9.878961E+01
  2.656044E+00  2.662576E+00  2.733028E+00  2.805899E+00  2.951717E+00  3.245083E+00  3.830055E+00  4.994197E+00  7.290652E+00  1.175150E+01
  1.993674E+01  3.335550E+01  5.115056E+01  6.868253E+01  8.176293E+01  8.990565E+01  9.433633E+01  9.637006E+01  2.697765E+00  2.703533E+00
  2.775674E+00  2.850667E+00  2.998617E+00  3.297478E+00  3.894718E+00  5.084953E+00  7.425326E+00  1.196583E+01  2.026563E+01  3.378826E+01
  5.157086E+01  6.897301E+01  8.193229E+01  8.999918E+01  9.438851E+01  9.640329E+01  2.823677E+00  2.829770E+00  2.905568E+00  2.985933E+00
  3.144091E+00  3.464715E+00  4.102176E+00  5.367225E+00  7.850963E+00  1.263547E+01  2.129044E+01  3.511713E+01  5.283597E+01  6.983623E+01
  8.243619E+01  9.027720E+01  9.454381E+01  9.650217E+01  3.053988E+00  3.060724E+00  3.147558E+00  3.235943E+00  3.412562E+00  3.771062E+00
  4.482872E+00  5.891513E+00  8.640209E+00  1.387389E+01  2.314898E+01  3.744182E+01  5.495155E+01  7.125442E+01  8.326268E+01  9.073342E+01
  9.479850E+01  9.666450E+01  3.438966E+00  3.445733E+00  3.548489E+00  3.653911E+00  3.862187E+00  4.281438E+00  5.116564E+00  6.762307E+00
  9.949872E+00  1.591172E+01  2.609711E+01  4.091050E+01  5.790776E+01  7.319394E+01  8.439109E+01  9.135639E+01  9.514666E+01  9.688654E+01
  4.066623E+00  4.075307E+00  4.207476E+00  4.339236E+00  4.605121E+00  5.134867E+00  6.181029E+00  8.230627E+00  1.213986E+01  1.920632E+01
  3.057241E+01  4.569087E+01  6.167033E+01  7.561150E+01  8.579691E+01  9.213318E+01  9.558102E+01  9.716383E+01  5.172458E+00  5.181877E+00
  5.363761E+00  5.547054E+00  5.915868E+00  6.651426E+00  8.092871E+00  1.086452E+01  1.597809E+01  2.465546E+01  3.721581E+01  5.187608E+01
  6.616489E+01  7.846815E+01  8.745850E+01  9.305195E+01  9.609554E+01  9.749262E+01  7.379317E+00  7.393789E+00  7.688830E+00  7.990193E+00
  8.583460E+00  9.758247E+00  1.201771E+01  1.619404E+01  2.331639E+01  3.391747E+01  4.662484E+01  5.933654E+01  7.132892E+01  8.174744E+01
  8.936799E+01  9.410827E+01  9.668734E+01  9.787146E+01  1.351855E+01  1.354031E+01  1.418045E+01  1.481930E+01  1.605666E+01  1.840455E+01
  2.261045E+01  2.945498E+01  3.880223E+01  4.899407E+01  5.849127E+01  6.789897E+01  7.727874E+01  8.552975E+01  9.157084E+01  9.532824E+01
  9.737189E+01  9.831031E+01  4.970731E+01  4.982112E+01  5.046516E+01  5.108562E+01  5.185308E+01  5.314020E+01  5.481736E+01  5.703866E+01
  6.022409E+01  6.456270E+01  7.016692E+01  7.653825E+01  8.337356E+01  8.940863E+01  9.383619E+01  9.658348E+01  9.808191E+01  9.876596E+01
  2.656044E+00  2.659865E+00  2.732661E+00  2.804518E+00  2.949989E+00  3.241681E+00  3.821183E+00  4.976210E+00  7.260193E+00  1.168579E+01
  1.980242E+01  3.313616E+01  5.088160E+01  6.844749E+01  8.159669E+01  8.980116E+01  9.426549E+01  9.630286E+01  2.697765E+00  2.702502E+00
  2.775556E+00  2.849349E+00  2.997083E+00  3.294403E+00  3.886696E+00  5.066616E+00  7.393506E+00  1.189601E+01  2.012840E+01  3.356595E+01
  5.130295E+01  6.874030E+01  8.176763E+01  8.989558E+01  9.431828E+01  9.633669E+01  2.823677E+00  2.827347E+00  2.905196E+00  2.984493E+00
  3.141408E+00  3.460714E+00  4.092210E+00  5.346633E+00  7.816046E+00  1.256037E+01  2.114407E+01  3.488910E+01  5.256995E+01  6.960923E+01
  8.227583E+01  9.017628E+01  9.447543E+01  9.643735E+01  3.053988E+00  3.057643E+00  3.146971E+00  3.234590E+00  3.410351E+00  3.765508E+00
  4.471526E+00  5.865739E+00  8.598577E+00  1.378731E+01  2.298568E+01  3.720345E+01  5.469049E+01  7.103776E+01  8.310967E+01  9.063715E+01
  9.473322E+01  9.660256E+01  3.438966E+00  3.443651E+00  3.548411E+00  3.651772E+00  3.859090E+00  4.275776E+00  5.102514E+00  6.731462E+00
  9.897390E+00  1.580526E+01  2.591026E+01  4.066154E+01  5.765764E+01  7.299136E+01  8.424773E+01  9.126629E+01  9.508556E+01  9.682853E+01
  4.066623E+00  4.073000E+00  4.206813E+00  4.336087E+00  4.600387E+00  5.124648E+00  6.160444E+00  8.188215E+00  1.206497E+01  1.906839E+01
  3.035388E+01  4.544086E+01  6.143999E+01  7.542634E+01  8.566578E+01  9.205084E+01  9.552522E+01  9.711079E+01  5.172458E+00  5.180362E+00
  5.362056E+00  5.540958E+00  5.907368E+00  6.635095E+00  8.056955E+00  1.079653E+01  1.586721E+01  2.446817E+01  3.696870E+01  5.164015E+01
  6.596003E+01  7.830370E+01  8.734164E+01  9.297874E+01  9.604583E+01  9.744542E+01  7.379317E+00  7.389521E+00  7.684852E+00  7.979650E+00
  8.565215E+00  9.722854E+00  1.195195E+01  1.607554E+01  2.313867E+01  3.367564E+01  4.638711E+01  5.913637E+01  7.115262E+01  8.160709E+01
  8.926704E+01  9.404516E+01  9.664457E+01  9.783103E+01  1.351855E+01  1.353337E+01  1.417230E+01  1.479430E+01  1.601684E+01  1.833025E+01
  2.247347E+01  2.924719E+01  3.857568E+01  4.879095E+01  5.831392E+01  6.774258E+01  7.713154E+01  8.541296E+01  9.148759E+01  9.527679E+01
  9.733715E+01  9.827762E+01  4.970731E+01  4.981186E+01  5.045026E+01  5.105685E+01  5.182097E+01  5.312640E+01  5.477102E+01  5.695722E+01
  6.018132E+01  6.451380E+01  7.005804E+01  7.647162E+01  8.328077E+01  8.931943E+01  9.377567E+01  9.654975E+01  9.805280E+01  9.874105E+01
  4.916491E+00  4.750291E+00  5.096454E+00  5.325604E+00  5.781691E+00  6.600241E+00  8.168187E+00  1.109377E+01  1.598709E+01  2.385145E+01
  3.543928E+01  4.999891E+01  6.549589E+01  7.860569E+01  8.786568E+01  9.348418E+01  9.660600E+01  9.824319E+01  4.916491E+00  4.950943E+00
  5.096523E+00  5.332267E+00  5.789643E+00  6.567388E+00  8.095769E+00  1.080800E+01  1.562588E+01  2.333318E+01  3.481242E+01  4.924066E+01
  6.474543E+01  7.805149E+01  8.749033E+01  9.326384E+01  9.647523E+01  9.814342E+01  4.916491E+00  4.879038E+00  5.068469E+00  5.318743E+00
  5.781526E+00  6.550105E+00  8.048569E+00  1.077659E+01  1.544433E+01  2.313110E+01  3.450737E+01  4.889851E+01  6.442064E+01  7.779998E+01
  8.732967E+01  9.316830E+01  9.640802E+01  9.808200E+01  4.916491E+00  4.870843E+00  5.087867E+00  5.317042E+00  5.766139E+00  6.534878E+00
  8.003541E+00  1.070522E+01  1.536752E+01  2.299521E+01  3.434303E+01  4.869239E+01  6.420650E+01  7.764576E+01  8.722213E+01  9.309954E+01
  9.635454E+01  9.802331E+01  4.916491E+00  4.892902E+00  5.089495E+00  5.320094E+00  5.762420E+00  6.503928E+00  7.996765E+00  1.067170E+01
  1.530058E+01  2.287691E+01  3.417691E+01  4.849595E+01  6.403320E+01  7.750246E+01  8.712805E+01  9.303373E+01  9.630807E+01  9.797578E+01
  4.916491E+00  4.926122E+00  5.087975E+00  5.307873E+00  5.704880E+00  6.487673E+00  7.943467E+00  1.063750E+01  1.522346E+01  2.274963E+01
  3.399325E+01  4.823490E+01  6.378353E+01  7.733299E+01  8.700685E+01  9.295821E+01  9.625130E+01  9.791942E+01  4.916491E+00  4.933265E+00
  5.038692E+00  5.284384E+00  5.670497E+00  6.433670E+00  7.903564E+00  1.059810E+01  1.513251E+01  2.251090E+01  3.373282E+01  4.795852E+01
  6.350975E+01  7.709848E+01  8.685935E+01  9.286943E+01  9.618880E+01  9.785824E+01  4.916491E+00  4.905884E+00  5.062147E+00  5.308130E+00
  5.662961E+00  6.437681E+00  7.870861E+00  1.052135E+01  1.497976E+01  2.234449E+01  3.347211E+01  4.764772E+01  6.320678E+01  7.686656E+01
  8.669716E+01  9.277282E+01  9.612379E+01  9.779495E+01  4.916491E+00  4.856627E+00  5.041158E+00  5.254320E+00  5.569015E+00  6.376265E+00
  7.695100E+00  1.012523E+01  1.438675E+01  2.143079E+01  3.216344E+01  4.616634E+01  6.172644E+01  7.570457E+01  8.592217E+01  9.231246E+01
  9.586279E+01  9.762866E+01  4.916491E+00  4.889331E+00  5.015745E+00  5.212511E+00  5.534776E+00  6.356890E+00  7.623566E+00  1.004106E+01
  1.416226E+01  2.112957E+01  3.169688E+01  4.563154E+01  6.120639E+01  7.527929E+01  8.564122E+01  9.213860E+01  9.575222E+01  9.754353E+01
  4.916491E+00  4.902076E+00  5.016170E+00  5.181898E+00  5.519473E+00  6.330060E+00  7.519361E+00  9.841578E+00  1.398204E+01  2.077966E+01
  3.123348E+01  4.504615E+01  6.065203E+01  7.482350E+01  8.533305E+01  9.194965E+01  9.563103E+01  9.745478E+01  4.916491E+00  4.878401E+00
  5.040688E+00  5.182417E+00  5.483770E+00  6.300744E+00  7.488972E+00  9.734860E+00  1.391477E+01  2.063460E+01  3.107590E+01  4.485457E+01
  6.042912E+01  7.463115E+01  8.520946E+01  9.186895E+01  9.557365E+01  9.740121E+01  4.916491E+00  4.882345E+00  5.039191E+00  5.184140E+00
  5.519586E+00  6.330902E+00  7.520356E+00  9.837464E+00  1.397904E+01  2.080226E+01  3.121309E+01  4.502092E+01  6.064346E+01  7.479412E+01
  8.531684E+01  9.192301E+01  9.559113E+01  9.738689E+01  4.916491E+00  4.885285E+00  5.022076E+00  5.182467E+00  5.522089E+00  6.344413E+00
  7.594060E+00  9.910656E+00  1.404579E+01  2.089745E+01  3.136757E+01  4.525208E+01  6.082393E+01  7.495161E+01  8.541502E+01  9.197730E+01
  9.560891E+01  9.737325E+01  4.916491E+00  4.895013E+00  5.016588E+00  5.211682E+00  5.531477E+00  6.349026E+00  7.602690E+00  9.960753E+00
  1.408664E+01  2.103691E+01  3.151142E+01  4.544910E+01  6.101055E+01  7.510365E+01  8.551262E+01  9.202785E+01  9.562444E+01  9.735509E+01
  4.916491E+00  4.881986E+00  5.020187E+00  5.214064E+00  5.534607E+00  6.353559E+00  7.600795E+00  1.003548E+01  1.415481E+01  2.111799E+01
  3.166492E+01  4.561231E+01  6.119076E+01  7.524864E+01  8.560792E+01  9.208029E+01  9.563748E+01  9.733602E+01  4.916491E+00  4.926828E+00
  5.019297E+00  5.220496E+00  5.535492E+00  6.353510E+00  7.635890E+00  1.003560E+01  1.424331E+01  2.117998E+01  3.188205E+01  4.583055E+01
  6.135508E+01  7.540318E+01  8.570311E+01  9.212786E+01  9.565012E+01  9.731865E+01  4.916491E+00  4.909287E+00  5.016945E+00  5.219249E+00
  5.538768E+00  6.347804E+00  7.653355E+00  1.010685E+01  1.433066E+01  2.129805E+01  3.201858E+01  4.597468E+01  6.152176E+01  7.553047E+01
  8.578616E+01  9.217124E+01  9.566130E+01  9.729820E+01  4.916491E+00  4.902880E+00  5.040151E+00  5.220004E+00  5.569996E+00  6.354599E+00
  7.666613E+00  1.014470E+01  1.438676E+01  2.142590E+01  3.213500E+01  4.614688E+01  6.169571E+01  7.567194E+01  8.587025E+01  9.221481E+01
  9.567060E+01  9.727742E+01  4.916491E+00  4.950763E+00  5.040932E+00  5.244322E+00  5.564517E+00  6.378536E+00  7.678382E+00  1.012071E+01
  1.438917E+01  2.137839E+01  3.207522E+01  4.605422E+01  6.160683E+01  7.560231E+01  8.582294E+01  9.218244E+01  9.563677E+01  9.723460E+01
  4.916491E+00  4.936080E+00  5.018565E+00  5.247336E+00  5.537465E+00  6.360354E+00  7.641238E+00  1.004502E+01  1.427934E+01  2.121602E+01
  3.192760E+01  4.586903E+01  6.139390E+01  7.542953E+01  8.571143E+01  9.210544E+01  9.557880E+01  9.718007E+01  4.916491E+00  4.935845E+00
  5.016403E+00  5.222239E+00  5.527292E+00  6.333653E+00  7.622019E+00  1.004025E+01  1.416282E+01  2.110103E+01  3.168241E+01  4.560171E+01
  6.119535E+01  7.524075E+01  8.558864E+01  9.202721E+01  9.552338E+01  9.712605E+01  4.916491E+00  4.905700E+00  5.040484E+00  5.189256E+00
  5.526328E+00  6.343443E+00  7.600019E+00  9.949971E+00  1.410238E+01  2.102250E+01  3.146836E+01  4.540182E+01  6.095663E+01  7.505527E+01
  8.545448E+01  9.194525E+01  9.546285E+01  9.707231E+01
