  6.387946E-01
          18 10.0000000
 -2.000000E+01 -1.000000E+01 -2.107210E+00 -1.806180E+00 -1.505150E+00 -1.204120E+00 -9.030900E-01 -6.020600E-01 -3.010300E-01  0.000000E+00
  3.010300E-01  6.020600E-01  9.030900E-01  1.204120E+00  1.505150E+00  1.806180E+00  2.107210E+00  2.408240E+00
          10 10.0000000
  0.000000E+00  1.000000E+01  2.000000E+01  3.000000E+01  4.000000E+01  5.000000E+01  6.000000E+01  7.000000E+01  8.000000E+01  8.900000E+01
          23  4.0000000
  4.000000E+00  8.000000E+00  1.200000E+01  1.600000E+01  2.000000E+01  2.400000E+01  2.800000E+01  3.200000E+01  3.600000E+01  4.000000E+01
  4.400000E+01  4.800000E+01  5.200000E+01  5.600000E+01  6.000000E+01  6.400000E+01  6.800000E+01  7.200000E+01  7.600000E+01  8.000000E+01
  8.400000E+01  8.800000E+01  9.200000E+01
  2.562918E+00  2.561729E+00  2.647827E+00  2.727273E+00  2.886281E+00  3.210955E+00  3.868134E+00  5.202959E+00  7.835289E+00  1.301485E+01
  2.253354E+01  3.770660E+01  5.634528E+01  7.296120E+01  8.465295E+01  9.177052E+01  9.571221E+01  9.778173E+01  2.602324E+00  2.600739E+00
  2.688734E+00  2.769896E+00  2.929390E+00  3.266492E+00  3.941850E+00  5.302909E+00  7.991716E+00  1.327290E+01  2.292389E+01  3.818142E+01
  5.674334E+01  7.321353E+01  8.479626E+01  9.184724E+01  9.575229E+01  9.780241E+01  2.723846E+00  2.722679E+00  2.814818E+00  2.906253E+00
  3.078007E+00  3.438408E+00  4.166305E+00  5.621890E+00  8.498226E+00  1.408486E+01  2.414146E+01  3.962187E+01  5.793211E+01  7.396339E+01
  8.522173E+01  9.207552E+01  9.587117E+01  9.786395E+01  2.948456E+00  2.946547E+00  3.052207E+00  3.153006E+00  3.351254E+00  3.754526E+00
  4.581252E+00  6.221989E+00  9.434632E+00  1.558895E+01  2.633112E+01  4.209427E+01  5.989510E+01  7.519378E+01  8.591940E+01  9.244981E+01
  9.606603E+01  9.796481E+01  3.317889E+00  3.316680E+00  3.448721E+00  3.572043E+00  3.803525E+00  4.293051E+00  5.270320E+00  7.231702E+00
  1.101624E+01  1.806423E+01  2.974360E+01  4.566881E+01  6.259689E+01  7.687382E+01  8.687202E+01  9.296080E+01  9.633218E+01  9.810252E+01
  3.935173E+00  3.934410E+00  4.097711E+00  4.256001E+00  4.561790E+00  5.192686E+00  6.462077E+00  8.964128E+00  1.368682E+01  2.203856E+01
  3.474489E+01  5.038484E+01  6.598360E+01  7.897079E+01  8.806094E+01  9.359860E+01  9.666440E+01  9.827439E+01  4.996170E+00  4.992950E+00
  5.233615E+00  5.469467E+00  5.917202E+00  6.837828E+00  8.652645E+00  1.212911E+01  1.837077E+01  2.841395E+01  4.173404E+01  5.620593E+01
  7.000737E+01  8.145602E+01  8.947070E+01  9.435465E+01  9.705824E+01  9.847824E+01  7.137172E+00  7.134690E+00  7.557017E+00  7.954070E+00
  8.729517E+00  1.028094E+01  1.322870E+01  1.852147E+01  2.700987E+01  3.844068E+01  5.081816E+01  6.302315E+01  7.465117E+01  8.432640E+01
  9.109899E+01  9.522817E+01  9.751310E+01  9.871358E+01  1.311597E+01  1.310536E+01  1.403976E+01  1.494381E+01  1.663261E+01  1.979062E+01
  2.522488E+01  3.335101E+01  4.316140E+01  5.263419E+01  6.157080E+01  7.089209E+01  8.002668E+01  8.764638E+01  9.298317E+01  9.623840E+01
  9.803942E+01  9.898608E+01  4.939002E+01  4.942224E+01  5.050752E+01  5.121816E+01  5.225896E+01  5.375586E+01  5.555759E+01  5.813525E+01
  6.174925E+01  6.635835E+01  7.213603E+01  7.875497E+01  8.535693E+01  9.091345E+01  9.484834E+01  9.723491E+01  9.855968E+01  9.925519E+01
  2.562918E+00  2.539760E+00  2.646385E+00  2.723874E+00  2.880023E+00  3.204365E+00  3.835841E+00  5.147144E+00  7.723070E+00  1.274840E+01
  2.202341E+01  3.686695E+01  5.539482E+01  7.223040E+01  8.420151E+01  9.148544E+01  9.553996E+01  9.764719E+01  2.602324E+00  2.579011E+00
  2.686993E+00  2.766346E+00  2.923138E+00  3.260065E+00  3.908024E+00  5.244906E+00  7.878437E+00  1.299729E+01  2.240235E+01  3.733300E+01
  5.579826E+01  7.248914E+01  8.434897E+01  9.156480E+01  9.558149E+01  9.766908E+01  2.723846E+00  2.701428E+00  2.813798E+00  2.901137E+00
  3.071211E+00  3.429296E+00  4.126217E+00  5.557912E+00  8.364644E+00  1.378057E+01  2.358585E+01  3.875986E+01  5.700507E+01  7.325904E+01
  8.478730E+01  9.180084E+01  9.570512E+01  9.773422E+01  2.948456E+00  2.920082E+00  3.048571E+00  3.147649E+00  3.342412E+00  3.742952E+00
  4.533493E+00  6.140645E+00  9.270758E+00  1.523084E+01  2.571331E+01  4.121640E+01  5.900106E+01  7.452130E+01  8.550611E+01  9.218753E+01
  9.590762E+01  9.784099E+01  3.317889E+00  3.292876E+00  3.446637E+00  3.564619E+00  3.790168E+00  4.270339E+00  5.208069E+00  7.119903E+00
  1.079649E+01  1.762020E+01  2.904386E+01  4.478618E+01  6.175280E+01  7.624434E+01  8.648717E+01  9.271582E+01  9.618429E+01  9.798685E+01
  3.935173E+00  3.901408E+00  4.093932E+00  4.243899E+00  4.541908E+00  5.163139E+00  6.366939E+00  8.798279E+00  1.336823E+01  2.146564E+01
  3.396613E+01  4.953270E+01  6.520637E+01  7.839501E+01  8.771127E+01  9.337473E+01  9.652947E+01  9.816882E+01  4.996170E+00  4.955822E+00
  5.225771E+00  5.448539E+00  5.879858E+00  6.775578E+00  8.492199E+00  1.184801E+01  1.788514E+01  2.767974E+01  4.092147E+01  5.542677E+01
  6.931071E+01  8.094330E+01  8.916187E+01  9.415556E+01  9.693848E+01  9.838457E+01  7.137172E+00  7.078921E+00  7.537418E+00  7.910704E+00
  8.647240E+00  1.013963E+01  1.291914E+01  1.803083E+01  2.628975E+01  3.759795E+01  5.009930E+01  6.235680E+01  7.405006E+01  8.388251E+01
  9.083486E+01  9.505643E+01  9.741064E+01  9.863354E+01  1.311597E+01  1.299687E+01  1.398443E+01  1.482424E+01  1.642356E+01  1.945614E+01
  2.461841E+01  3.258142E+01  4.237461E+01  5.199281E+01  6.103479E+01  7.034581E+01  7.952831E+01  8.728291E+01  9.276919E+01  9.609902E+01
  9.795668E+01  9.892162E+01  4.939002E+01  4.870589E+01  5.046171E+01  5.114182E+01  5.214812E+01  5.365543E+01  5.533817E+01  5.789240E+01
  6.141868E+01  6.602206E+01  7.179755E+01  7.838194E+01  8.500793E+01  9.066159E+01  9.469124E+01  9.713687E+01  9.849998E+01  9.920918E+01
  2.562918E+00  2.562717E+00  2.646749E+00  2.723172E+00  2.881366E+00  3.198461E+00  3.827920E+00  5.123334E+00  7.675914E+00  1.264832E+01
  2.181445E+01  3.656824E+01  5.504390E+01  7.195966E+01  8.398008E+01  9.136097E+01  9.545913E+01  9.756831E+01  2.602324E+00  2.603110E+00
  2.687544E+00  2.765845E+00  2.924698E+00  3.253835E+00  3.899307E+00  5.222813E+00  7.826768E+00  1.289189E+01  2.218904E+01  3.703198E+01
  5.544946E+01  7.222145E+01  8.412917E+01  9.144146E+01  9.550140E+01  9.759093E+01  2.723846E+00  2.721123E+00  2.813932E+00  2.901504E+00
  3.072238E+00  3.423171E+00  4.115248E+00  5.532152E+00  8.306934E+00  1.366459E+01  2.335640E+01  3.845288E+01  5.666220E+01  7.299953E+01
  8.457325E+01  9.168086E+01  9.562728E+01  9.765822E+01  2.948456E+00  2.946617E+00  3.048609E+00  3.146880E+00  3.343807E+00  3.733606E+00
  4.521675E+00  6.108951E+00  9.199657E+00  1.509416E+01  2.545877E+01  4.090175E+01  5.867055E+01  7.427544E+01  8.530076E+01  9.207308E+01
  9.583351E+01  9.776850E+01  3.317889E+00  3.318089E+00  3.445363E+00  3.562744E+00  3.790480E+00  4.258715E+00  5.187560E+00  7.075738E+00
  1.070034E+01  1.744876E+01  2.875762E+01  4.446918E+01  6.144174E+01  7.601780E+01  8.629460E+01  9.260913E+01  9.611533E+01  9.791914E+01
  3.935173E+00  3.933546E+00  4.093489E+00  4.242248E+00  4.537922E+00  5.143710E+00  6.333739E+00  8.730126E+00  1.323737E+01  2.124384E+01
  3.364482E+01  4.922747E+01  6.492198E+01  7.819157E+01  8.753430E+01  9.327741E+01  9.646682E+01  9.810714E+01  4.996170E+00  4.996314E+00
  5.223570E+00  5.442317E+00  5.870821E+00  6.743548E+00  8.435905E+00  1.173766E+01  1.768888E+01  2.739193E+01  4.058034E+01  5.515522E+01
  6.906010E+01  8.076570E+01  8.900265E+01  9.406924E+01  9.688326E+01  9.832999E+01  7.137172E+00  7.137229E+00  7.529453E+00  7.898818E+00
  8.627903E+00  1.007026E+01  1.280864E+01  1.783311E+01  2.599492E+01  3.726587E+01  4.979102E+01  6.212841E+01  7.383274E+01  8.373479E+01
  9.069605E+01  9.498264E+01  9.736369E+01  9.858713E+01  1.311597E+01  1.311893E+01  1.396917E+01  1.479129E+01  1.635956E+01  1.930923E+01
  2.439093E+01  3.227379E+01  4.204832E+01  5.174231E+01  6.080704E+01  7.016290E+01  7.935038E+01  8.716663E+01  9.265454E+01  9.603879E+01
  9.791961E+01  9.888470E+01  4.939002E+01  4.946716E+01  5.045922E+01  5.113463E+01  5.206981E+01  5.357215E+01  5.528300E+01  5.779458E+01
  6.131651E+01  6.588457E+01  7.168262E+01  7.827042E+01  8.488576E+01  9.057233E+01  9.461055E+01  9.709293E+01  9.847392E+01  9.918210E+01
  2.562918E+00  2.564758E+00  2.645986E+00  2.723189E+00  2.879879E+00  3.196645E+00  3.822595E+00  5.109841E+00  7.642318E+00  1.256327E+01
  2.166918E+01  3.632285E+01  5.477627E+01  7.173615E+01  8.384135E+01  9.127590E+01  9.538909E+01  9.749288E+01  2.602324E+00  2.604744E+00
  2.686863E+00  2.765550E+00  2.922184E+00  3.251406E+00  3.893632E+00  5.207078E+00  7.791993E+00  1.280483E+01  2.204012E+01  3.678516E+01
  5.518414E+01  7.199994E+01  8.399194E+01  9.135728E+01  9.543198E+01  9.751617E+01  2.723846E+00  2.726261E+00  2.812655E+00  2.901563E+00
  3.070991E+00  3.420461E+00  4.108288E+00  5.513334E+00  8.268268E+00  1.357003E+01  2.319600E+01  3.820202E+01  5.640242E+01  7.278379E+01
  8.443980E+01  9.159902E+01  9.555962E+01  9.758543E+01  2.948456E+00  2.950475E+00  3.046877E+00  3.146454E+00  3.341498E+00  3.731522E+00
  4.513052E+00  6.085800E+00  9.153479E+00  1.498561E+01  2.528214E+01  4.064396E+01  5.842019E+01  7.406920E+01  8.517344E+01  9.199527E+01
  9.576879E+01  9.769897E+01  3.317889E+00  3.321980E+00  3.444191E+00  3.562958E+00  3.787529E+00  4.252285E+00  5.176256E+00  7.044608E+00
  1.063759E+01  1.731456E+01  2.855717E+01  4.420945E+01  6.120516E+01  7.582437E+01  8.617601E+01  9.253659E+01  9.605457E+01  9.785410E+01
  3.935173E+00  3.938958E+00  4.091314E+00  4.238758E+00  4.533635E+00  5.134850E+00  6.314562E+00  8.684533E+00  1.315080E+01  2.107186E+01
  3.341964E+01  4.897222E+01  6.470795E+01  7.801363E+01  8.742612E+01  9.321162E+01  9.641111E+01  9.804768E+01  4.996170E+00  5.002203E+00
  5.219661E+00  5.438259E+00  5.861589E+00  6.724596E+00  8.398829E+00  1.166274E+01  1.755173E+01  2.716941E+01  4.034740E+01  5.492393E+01
  6.887050E+01  8.060676E+01  8.890733E+01  9.401128E+01  9.683349E+01  9.827718E+01  7.137172E+00  7.148020E+00  7.521306E+00  7.889465E+00
  8.608365E+00  1.003403E+01  1.273589E+01  1.769642E+01  2.579519E+01  3.700743E+01  4.958038E+01  6.193309E+01  7.367209E+01  8.359650E+01
  9.061436E+01  9.493360E+01  9.732070E+01  9.854199E+01  1.311597E+01  1.313168E+01  1.394946E+01  1.476259E+01  1.629809E+01  1.921237E+01
  2.424245E+01  3.206122E+01  4.182293E+01  5.152739E+01  6.065627E+01  7.000443E+01  7.921945E+01  8.705144E+01  9.258911E+01  9.599907E+01
  9.788451E+01  9.884850E+01  4.939002E+01  4.946967E+01  5.045372E+01  5.108477E+01  5.204094E+01  5.356627E+01  5.523428E+01  5.775176E+01
  6.123936E+01  6.576647E+01  7.160042E+01  7.816176E+01  8.478097E+01  9.049015E+01  9.456589E+01  9.706170E+01  9.845071E+01  9.915781E+01
  2.562918E+00  2.564586E+00  2.645288E+00  2.721378E+00  2.874546E+00  3.193514E+00  3.817885E+00  5.096159E+00  7.602494E+00  1.249026E+01
  2.153709E+01  3.613080E+01  5.455255E+01  7.153888E+01  8.372384E+01  9.119222E+01  9.532523E+01  9.742523E+01  2.602324E+00  2.603857E+00
  2.686048E+00  2.763822E+00  2.917349E+00  3.248714E+00  3.887182E+00  5.191962E+00  7.750028E+00  1.272956E+01  2.190547E+01  3.659259E+01
  5.496169E+01  7.180414E+01  8.387561E+01  9.127437E+01  9.536871E+01  9.744913E+01  2.723846E+00  2.726356E+00  2.812378E+00  2.899769E+00
  3.064938E+00  3.417007E+00  4.100519E+00  5.496331E+00  8.224538E+00  1.348745E+01  2.305189E+01  3.800422E+01  5.618359E+01  7.259294E+01
  8.432674E+01  9.151828E+01  9.549804E+01  9.752020E+01  2.948456E+00  2.950943E+00  3.045875E+00  3.144335E+00  3.334078E+00  3.726918E+00
  4.504275E+00  6.066695E+00  9.100798E+00  1.489094E+01  2.512313E+01  4.044205E+01  5.820939E+01  7.388602E+01  8.506592E+01  9.191816E+01
  9.571000E+01  9.763672E+01  3.317889E+00  3.321634E+00  3.442836E+00  3.560838E+00  3.780829E+00  4.246701E+00  5.164477E+00  7.016510E+00
  1.057161E+01  1.720061E+01  2.837728E+01  4.400282E+01  6.100686E+01  7.565203E+01  8.607586E+01  9.246434E+01  9.599955E+01  9.779592E+01
  3.935173E+00  3.939260E+00  4.089793E+00  4.237389E+00  4.523738E+00  5.124708E+00  6.296667E+00  8.645483E+00  1.305847E+01  2.092429E+01
  3.321838E+01  4.876986E+01  6.452645E+01  7.785466E+01  8.733533E+01  9.314539E+01  9.636079E+01  9.799458E+01  4.996170E+00  5.000945E+00
  5.217391E+00  5.433639E+00  5.847465E+00  6.707541E+00  8.366052E+00  1.159779E+01  1.742128E+01  2.698044E+01  4.013068E+01  5.473779E+01
  6.870954E+01  8.046368E+01  8.882692E+01  9.395233E+01  9.678885E+01  9.823009E+01  7.137172E+00  7.146055E+00  7.516292E+00  7.879754E+00
  8.582162E+00  9.993824E+00  1.267829E+01  1.758712E+01  2.560173E+01  3.678487E+01  4.938190E+01  6.177260E+01  7.353383E+01  8.347160E+01
  9.054632E+01  9.488294E+01  9.728259E+01  9.850188E+01  1.311597E+01  1.312810E+01  1.393883E+01  1.473287E+01  1.624615E+01  1.913950E+01
  2.411669E+01  3.188336E+01  4.159842E+01  5.134459E+01  6.050014E+01  6.986801E+01  7.910575E+01  8.694727E+01  9.253333E+01  9.595824E+01
  9.785347E+01  9.881644E+01  4.939002E+01  4.948235E+01  5.042477E+01  5.109090E+01  5.196336E+01  5.353437E+01  5.521271E+01  5.770502E+01
  6.115799E+01  6.569316E+01  7.149579E+01  7.803802E+01  8.469018E+01  9.041775E+01  9.452480E+01  9.703185E+01  9.842719E+01  9.913355E+01
  2.562918E+00  2.565782E+00  2.645246E+00  2.720481E+00  2.875417E+00  3.189850E+00  3.811767E+00  5.076138E+00  7.570265E+00  1.240744E+01
  2.141416E+01  3.589173E+01  5.424247E+01  7.130643E+01  8.356565E+01  9.109302E+01  9.525514E+01  9.734939E+01  2.602324E+00  2.605043E+00
  2.686037E+00  2.762663E+00  2.918764E+00  3.244358E+00  3.881018E+00  5.171949E+00  7.717836E+00  1.264403E+01  2.177933E+01  3.635093E+01
  5.465265E+01  7.157365E+01  8.371883E+01  9.117595E+01  9.529926E+01  9.737396E+01  2.723846E+00  2.727625E+00  2.813078E+00  2.898081E+00
  3.064388E+00  3.412899E+00  4.092916E+00  5.473525E+00  8.187721E+00  1.339316E+01  2.291563E+01  3.775735E+01  5.587882E+01  7.236826E+01
  8.417410E+01  9.142238E+01  9.543044E+01  9.744706E+01  2.948456E+00  2.950234E+00  3.045964E+00  3.143557E+00  3.332489E+00  3.721758E+00
  4.495289E+00  6.039244E+00  9.055921E+00  1.478009E+01  2.496874E+01  4.018695E+01  5.791318E+01  7.367112E+01  8.492007E+01  9.182651E+01
  9.564548E+01  9.756688E+01  3.317889E+00  3.322439E+00  3.440989E+00  3.558551E+00  3.781089E+00  4.238706E+00  5.151655E+00  6.981573E+00
  1.050977E+01  1.706481E+01  2.819980E+01  4.374380E+01  6.072381E+01  7.545087E+01  8.593912E+01  9.237860E+01  9.593932E+01  9.773064E+01
  3.935173E+00  3.940694E+00  4.088104E+00  4.233212E+00  4.523087E+00  5.114561E+00  6.276750E+00  8.590713E+00  1.296772E+01  2.074805E+01
  3.301261E+01  4.851513E+01  6.426119E+01  7.767027E+01  8.721014E+01  9.306673E+01  9.630576E+01  9.793501E+01  4.996170E+00  5.001930E+00
  5.214475E+00  5.426886E+00  5.842872E+00  6.687607E+00  8.330938E+00  1.151406E+01  1.728263E+01  2.675211E+01  3.991016E+01  5.450795E+01
  6.846882E+01  8.029887E+01  8.871501E+01  9.388218E+01  9.673997E+01  9.817729E+01  7.137172E+00  7.148496E+00  7.511933E+00  7.864988E+00
  8.566723E+00  9.952901E+00  1.259760E+01  1.744391E+01  2.539038E+01  3.651413E+01  4.917893E+01  6.157442E+01  7.331997E+01  8.332776E+01
  9.045015E+01  9.482226E+01  9.724065E+01  9.845685E+01  1.311597E+01  1.313159E+01  1.392603E+01  1.470650E+01  1.619947E+01  1.903588E+01
  2.396025E+01  3.164038E+01  4.135542E+01  5.112165E+01  6.035447E+01  6.970683E+01  7.892291E+01  8.682979E+01  9.245464E+01  9.590866E+01
  9.781973E+01  9.878046E+01  4.939002E+01  4.940919E+01  5.038924E+01  5.105719E+01  5.195615E+01  5.351833E+01  5.517163E+01  5.760849E+01
  6.105632E+01  6.559711E+01  7.140171E+01  7.788470E+01  8.457175E+01  9.034701E+01  9.446163E+01  9.699861E+01  9.840205E+01  9.910883E+01
  2.562918E+00  2.563517E+00  2.643483E+00  2.719769E+00  2.874844E+00  3.185165E+00  3.799538E+00  5.061975E+00  7.532719E+00  1.235048E+01
  2.121132E+01  3.560240E+01  5.392532E+01  7.102292E+01  8.338328E+01  9.097731E+01  9.516914E+01  9.726986E+01  2.602324E+00  2.602732E+00
  2.683884E+00  2.762440E+00  2.918002E+00  3.238661E+00  3.867834E+00  5.156646E+00  7.679326E+00  1.258750E+01  2.157173E+01  3.605927E+01
  5.433665E+01  7.129238E+01  8.353793E+01  9.106127E+01  9.521401E+01  9.729514E+01  2.723846E+00  2.724378E+00  2.810557E+00  2.895955E+00
  3.064425E+00  3.406016E+00  4.080124E+00  5.455513E+00  8.143831E+00  1.332589E+01  2.269510E+01  3.745848E+01  5.556919E+01  7.209480E+01
  8.399841E+01  9.131097E+01  9.534741E+01  9.737036E+01  2.948456E+00  2.949441E+00  3.044022E+00  3.141756E+00  3.329845E+00  3.714883E+00
  4.478138E+00  6.013492E+00  9.002746E+00  1.469487E+01  2.472621E+01  3.987804E+01  5.761338E+01  7.341026E+01  8.475259E+01  9.172027E+01
  9.556609E+01  9.749369E+01  3.317889E+00  3.318492E+00  3.439577E+00  3.555840E+00  3.778640E+00  4.229591E+00  5.131126E+00  6.947091E+00
  1.043917E+01  1.695091E+01  2.792421E+01  4.342860E+01  6.044190E+01  7.520683E+01  8.578320E+01  9.227939E+01  9.586492E+01  9.766224E+01
  3.935173E+00  3.934417E+00  4.085232E+00  4.230123E+00  4.518327E+00  5.096375E+00  6.244676E+00  8.541671E+00  1.286330E+01  2.059062E+01
  3.270001E+01  4.820686E+01  6.400419E+01  7.744753E+01  8.706793E+01  9.297681E+01  9.623767E+01  9.787257E+01  4.996170E+00  4.997868E+00
  5.209498E+00  5.421488E+00  5.830443E+00  6.662138E+00  8.274946E+00  1.142490E+01  1.712323E+01  2.653710E+01  3.957367E+01  5.422592E+01
  6.824239E+01  8.010062E+01  8.858920E+01  9.380239E+01  9.667930E+01  9.812191E+01  7.137172E+00  7.140170E+00  7.502402E+00  7.852193E+00
  8.543990E+00  9.899014E+00  1.249171E+01  1.728211E+01  2.514495E+01  3.624827E+01  4.887100E+01  6.133514E+01  7.312467E+01  8.315653E+01
  9.034232E+01  9.475426E+01  9.718846E+01  9.840953E+01  1.311597E+01  1.311514E+01  1.390298E+01  1.466020E+01  1.614537E+01  1.891603E+01
  2.373719E+01  3.137507E+01  4.107579E+01  5.091874E+01  6.012077E+01  6.951624E+01  7.876334E+01  8.668706E+01  9.236800E+01  9.585435E+01
  9.777746E+01  9.874255E+01  4.939002E+01  4.938755E+01  5.036412E+01  5.104340E+01  5.195035E+01  5.343485E+01  5.505508E+01  5.756497E+01
  6.102866E+01  6.549208E+01  7.120231E+01  7.773272E+01  8.445374E+01  9.024818E+01  9.439474E+01  9.695987E+01  9.837141E+01  9.907949E+01
  2.562918E+00  2.564546E+00  2.644735E+00  2.717947E+00  2.868523E+00  3.180206E+00  3.792950E+00  5.038732E+00  7.482497E+00  1.224528E+01
  2.104455E+01  3.528788E+01  5.354929E+01  7.072038E+01  8.318250E+01  9.085538E+01  9.508611E+01  9.719381E+01  2.602324E+00  2.604023E+00
  2.684947E+00  2.760957E+00  2.911652E+00  3.233477E+00  3.860708E+00  5.131904E+00  7.626718E+00  1.247672E+01  2.140097E+01  3.574166E+01
  5.396153E+01  7.099272E+01  8.333880E+01  9.094033E+01  9.513172E+01  9.721976E+01  2.723846E+00  2.726101E+00  2.811551E+00  2.894463E+00
  3.056793E+00  3.399631E+00  4.070198E+00  5.429810E+00  8.082442E+00  1.320806E+01  2.251223E+01  3.713164E+01  5.520077E+01  7.180297E+01
  8.380463E+01  9.119346E+01  9.526738E+01  9.729704E+01  2.948456E+00  2.950051E+00  3.045475E+00  3.139458E+00  3.321811E+00  3.708551E+00
  4.463526E+00  5.980070E+00  8.930799E+00  1.455731E+01  2.452118E+01  3.954074E+01  5.725520E+01  7.313167E+01  8.456775E+01  9.160820E+01
  9.548983E+01  9.742371E+01  3.317889E+00  3.321377E+00  3.438581E+00  3.553253E+00  3.767765E+00  4.220319E+00  5.116838E+00  6.903180E+00
  1.034968E+01  1.678073E+01  2.768845E+01  4.308303E+01  6.010341E+01  7.494646E+01  8.561034E+01  9.217480E+01  9.579374E+01  9.759682E+01
  3.935173E+00  3.936561E+00  4.085627E+00  4.226420E+00  4.502582E+00  5.083717E+00  6.219401E+00  8.477594E+00  1.273840E+01  2.037278E+01
  3.242559E+01  4.786520E+01  6.369263E+01  7.721027E+01  8.691019E+01  9.288129E+01  9.617281E+01  9.781293E+01  4.996170E+00  4.998749E+00
  5.208996E+00  5.412813E+00  5.810332E+00  6.638354E+00  8.227833E+00  1.132807E+01  1.693758E+01  2.625190E+01  3.928177E+01  5.391158E+01
  6.796474E+01  7.988963E+01  8.844849E+01  9.371760E+01  9.662180E+01  9.806904E+01  7.137172E+00  7.141214E+00  7.494729E+00  7.836961E+00
  8.503988E+00  9.847856E+00  1.239664E+01  1.710015E+01  2.486228E+01  3.591084E+01  4.860386E+01  6.106525E+01  7.288394E+01  8.297432E+01
  9.022008E+01  9.468127E+01  9.713924E+01  9.836440E+01  1.311597E+01  1.312422E+01  1.388545E+01  1.462468E+01  1.606173E+01  1.879228E+01
  2.354341E+01  3.109258E+01  4.073307E+01  5.064172E+01  5.993575E+01  6.929811E+01  7.856634E+01  8.653939E+01  9.226704E+01  9.579451E+01
  9.773774E+01  9.870644E+01  4.939002E+01  4.946124E+01  5.035328E+01  5.100896E+01  5.183600E+01  5.339829E+01  5.501945E+01  5.750565E+01
  6.084627E+01  6.535327E+01  7.107854E+01  7.755906E+01  8.428585E+01  9.013706E+01  9.432245E+01  9.692054E+01  9.834476E+01  9.905459E+01
  2.562918E+00  2.567589E+00  2.641037E+00  2.713619E+00  2.861899E+00  3.155359E+00  3.744352E+00  4.919852E+00  7.281273E+00  1.182853E+01
  2.017482E+01  3.383134E+01  5.177499E+01  6.923026E+01  8.219472E+01  9.025784E+01  9.474683E+01  9.698079E+01  2.602324E+00  2.606602E+00
  2.680714E+00  2.755998E+00  2.903086E+00  3.206650E+00  3.807768E+00  5.011611E+00  7.419992E+00  1.204778E+01  2.051000E+01  3.426950E+01
  5.219386E+01  6.951624E+01  8.236043E+01  9.034824E+01  9.479557E+01  9.700867E+01  2.723846E+00  2.728532E+00  2.807512E+00  2.889457E+00
  3.046770E+00  3.366920E+00  4.010179E+00  5.294932E+00  7.850152E+00  1.273248E+01  2.155580E+01  3.561352E+01  5.345358E+01  7.036593E+01
  8.285268E+01  9.061749E+01  9.494035E+01  9.709162E+01  2.948456E+00  2.953304E+00  3.039497E+00  3.131984E+00  3.308785E+00  3.673036E+00
  4.389159E+00  5.815373E+00  8.648325E+00  1.399318E+01  2.345136E+01  3.796134E+01  5.555520E+01  7.175945E+01  8.366109E+01  9.105862E+01
  9.517783E+01  9.722768E+01  3.317889E+00  3.323154E+00  3.431397E+00  3.542837E+00  3.750965E+00  4.171897E+00  5.015568E+00  6.692983E+00
  9.980016E+00  1.607223E+01  2.645525E+01  4.145190E+01  5.848668E+01  7.366547E+01  8.476470E+01  9.166123E+01  9.550223E+01  9.741357E+01
  3.935173E+00  3.941282E+00  4.075679E+00  4.210440E+00  4.475016E+00  5.011639E+00  6.071954E+00  8.167508E+00  1.220775E+01  1.943148E+01
  3.099687E+01  4.623822E+01  6.220332E+01  7.604140E+01  8.613906E+01  9.241254E+01  9.590663E+01  9.764553E+01  4.996170E+00  5.006689E+00
  5.192461E+00  5.382946E+00  5.759429E+00  6.509295E+00  7.981307E+00  1.082914E+01  1.612295E+01  2.498467E+01  3.771117E+01  5.239064E+01
  6.663972E+01  7.885055E+01  8.776439E+01  9.330083E+01  9.638530E+01  9.792018E+01  7.137172E+00  7.149841E+00  7.462346E+00  7.777068E+00
  8.382357E+00  9.589609E+00  1.193316E+01  1.622516E+01  2.359284E+01  3.434948E+01  4.711258E+01  5.977244E+01  7.173942E+01  8.207893E+01
  8.963354E+01  9.432230E+01  9.693578E+01  9.823633E+01  1.311597E+01  1.314318E+01  1.380282E+01  1.446730E+01  1.577215E+01  1.820764E+01
  2.256636E+01  2.959954E+01  3.919503E+01  4.935021E+01  5.884832E+01  6.824963E+01  7.761895E+01  8.580391E+01  9.178971E+01  9.550201E+01
  9.757195E+01  9.860188E+01  4.939002E+01  4.949224E+01  5.023265E+01  5.088478E+01  5.169985E+01  5.308232E+01  5.463215E+01  5.704978E+01
  6.034903E+01  6.473763E+01  7.035487E+01  7.684058E+01  8.361905E+01  8.959725E+01  9.398671E+01  9.671363E+01  9.822855E+01  9.897760E+01
  2.562918E+00  2.566613E+00  2.640626E+00  2.712958E+00  2.860037E+00  3.151680E+00  3.737630E+00  4.889874E+00  7.197270E+00  1.168504E+01
  1.990267E+01  3.334813E+01  5.114940E+01  6.870963E+01  8.182133E+01  9.004046E+01  9.460847E+01  9.687090E+01  2.602324E+00  2.605979E+00
  2.679778E+00  2.754853E+00  2.901119E+00  3.201185E+00  3.799357E+00  4.977652E+00  7.333494E+00  1.190011E+01  2.023000E+01  3.378080E+01
  5.156863E+01  6.899993E+01  8.199032E+01  9.013295E+01  9.465838E+01  9.689976E+01  2.723846E+00  2.727344E+00  2.806775E+00  2.887985E+00
  3.044640E+00  3.361353E+00  4.001380E+00  5.259802E+00  7.754193E+00  1.256779E+01  2.125507E+01  3.510731E+01  5.283433E+01  6.986388E+01
  8.249263E+01  9.040818E+01  9.480704E+01  9.698566E+01  2.948456E+00  2.951551E+00  3.039618E+00  3.129555E+00  3.305784E+00  3.666598E+00
  4.373291E+00  5.772228E+00  8.535121E+00  1.380245E+01  2.311180E+01  3.743070E+01  5.494970E+01  7.128160E+01  8.331698E+01  9.085915E+01
  9.505070E+01  9.712651E+01  3.317889E+00  3.322519E+00  3.430310E+00  3.539579E+00  3.745601E+00  4.159441E+00  4.996681E+00  6.633069E+00
  9.836867E+00  1.583285E+01  2.605934E+01  4.089895E+01  5.790606E+01  7.322038E+01  8.444213E+01  9.147527E+01  9.538359E+01  9.731902E+01
  3.935173E+00  3.939192E+00  4.072555E+00  4.206803E+00  4.468165E+00  4.991358E+00  6.038266E+00  8.079108E+00  1.200997E+01  1.911598E+01
  3.053178E+01  4.567803E+01  6.166656E+01  7.563696E+01  8.584414E+01  9.224298E+01  9.579855E+01  9.755919E+01  4.996170E+00  5.004330E+00
  5.188464E+00  5.374474E+00  5.741903E+00  6.471252E+00  7.920459E+00  1.068288E+01  1.582345E+01  2.455484E+01  3.717931E+01  5.186206E+01
  6.615998E+01  7.849229E+01  8.750063E+01  9.315077E+01  9.628937E+01  9.784347E+01  7.137172E+00  7.150540E+00  7.451984E+00  7.757771E+00
  8.344345E+00  9.512475E+00  1.179209E+01  1.595523E+01  2.313783E+01  3.380311E+01  4.660296E+01  5.931948E+01  7.132476E+01  8.177089E+01
  8.940333E+01  9.419322E+01  9.685363E+01  9.817060E+01  1.311597E+01  1.313816E+01  1.378019E+01  1.442386E+01  1.567597E+01  1.802768E+01
  2.227523E+01  2.914834E+01  3.861423E+01  4.890229E+01  5.848290E+01  6.788781E+01  7.727353E+01  8.555136E+01  9.159921E+01  9.539607E+01
  9.750545E+01  9.854889E+01  4.939002E+01  4.945359E+01  5.020137E+01  5.085356E+01  5.167710E+01  5.299207E+01  5.458974E+01  5.692934E+01
  6.012545E+01  6.452465E+01  7.013620E+01  7.655885E+01  8.338454E+01  8.943353E+01  9.385169E+01  9.663927E+01  9.818064E+01  9.894104E+01
  2.562918E+00  2.569361E+00  2.640574E+00  2.708212E+00  2.854883E+00  3.138183E+00  3.717286E+00  4.855041E+00  7.128335E+00  1.151578E+01
  1.953547E+01  3.273742E+01  5.045418E+01  6.809487E+01  8.142179E+01  8.979850E+01  9.445325E+01  9.675645E+01  2.602324E+00  2.607395E+00
  2.680116E+00  2.750170E+00  2.896217E+00  3.186710E+00  3.778715E+00  4.941819E+00  7.259429E+00  1.172508E+01  1.985723E+01  3.316263E+01
  5.087550E+01  6.839016E+01  8.159422E+01  8.989322E+01  9.450462E+01  9.678635E+01  2.723846E+00  2.728077E+00  2.806654E+00  2.882210E+00
  3.039789E+00  3.345692E+00  3.976738E+00  5.216650E+00  7.674487E+00  1.237775E+01  2.085730E+01  3.447350E+01  5.214579E+01  6.926958E+01
  8.210818E+01  9.017495E+01  9.465730E+01  9.687526E+01  2.948456E+00  2.954470E+00  3.038408E+00  3.123993E+00  3.299425E+00  3.649453E+00
  4.345529E+00  5.723036E+00  8.436330E+00  1.357956E+01  2.266921E+01  3.676885E+01  5.427623E+01  7.071177E+01  8.295016E+01  9.063714E+01
  9.490766E+01  9.702107E+01  3.317889E+00  3.324759E+00  3.428149E+00  3.531206E+00  3.736649E+00  4.136979E+00  4.960848E+00  6.571447E+00
  9.711191E+00  1.556228E+01  2.555462E+01  4.020884E+01  5.726263E+01  7.268520E+01  8.410046E+01  9.126818E+01  9.524966E+01  9.722039E+01
  3.935173E+00  3.943917E+00  4.070693E+00  4.196284E+00  4.454890E+00  4.961114E+00  5.986979E+00  7.988878E+00  1.182728E+01  1.876584E+01
  2.994790E+01  4.497677E+01  6.107084E+01  7.514613E+01  8.553278E+01  9.205443E+01  9.567607E+01  9.746904E+01  4.996170E+00  5.006457E+00
  5.185388E+00  5.360331E+00  5.720951E+00  6.425258E+00  7.835910E+00  1.053196E+01  1.555254E+01  2.408319E+01  3.651784E+01  5.119062E+01
  6.563123E+01  7.805213E+01  8.722461E+01  9.298357E+01  9.618024E+01  9.776337E+01  7.137172E+00  7.153729E+00  7.442797E+00  7.726311E+00
  8.299125E+00  9.419331E+00  1.162327E+01  1.567738E+01  2.270004E+01  3.320767E+01  4.594936E+01  5.874147E+01  7.086913E+01  8.138632E+01
  8.916589E+01  9.405006E+01  9.675947E+01  9.810159E+01  1.311597E+01  1.314891E+01  1.375321E+01  1.435844E+01  1.557115E+01  1.782352E+01
  2.194891E+01  2.867116E+01  3.804969E+01  4.837495E+01  5.798405E+01  6.740736E+01  7.689852E+01  8.523111E+01  9.140456E+01  9.528056E+01
  9.742830E+01  9.849270E+01  4.939002E+01  4.948094E+01  5.018390E+01  5.076169E+01  5.163422E+01  5.289092E+01  5.452066E+01  5.673959E+01
  5.993688E+01  6.429162E+01  6.985407E+01  7.622813E+01  8.314281E+01  8.919000E+01  9.371930E+01  9.655509E+01  9.812318E+01  9.889893E+01
  2.562918E+00  2.566822E+00  2.638836E+00  2.708088E+00  2.852393E+00  3.133935E+00  3.705968E+00  4.832908E+00  7.090851E+00  1.144191E+01
  1.944341E+01  3.253114E+01  5.019330E+01  6.786922E+01  8.126561E+01  8.968535E+01  9.438311E+01  9.668856E+01  2.602324E+00  2.605851E+00
  2.678333E+00  2.750193E+00  2.894404E+00  3.182162E+00  3.768830E+00  4.919678E+00  7.221685E+00  1.164854E+01  1.976044E+01  3.295542E+01
  5.061608E+01  6.816660E+01  8.143950E+01  8.978104E+01  9.443507E+01  9.671905E+01  2.723846E+00  2.728216E+00  2.805333E+00  2.880840E+00
  3.037031E+00  3.341267E+00  3.965983E+00  5.193386E+00  7.633599E+00  1.229503E+01  2.075472E+01  3.425919E+01  5.188823E+01  6.905084E+01
  8.195773E+01  9.006547E+01  9.458966E+01  9.680975E+01  2.948456E+00  2.952420E+00  3.036498E+00  3.123371E+00  3.295889E+00  3.644217E+00
  4.330764E+00  5.695240E+00  8.388536E+00  1.348460E+01  2.255457E+01  3.654463E+01  5.402309E+01  7.050388E+01  8.280709E+01  9.053226E+01
  9.484312E+01  9.695853E+01  3.317889E+00  3.323016E+00  3.427602E+00  3.531027E+00  3.732640E+00  4.129800E+00  4.945041E+00  6.536888E+00
  9.653453E+00  1.544927E+01  2.541937E+01  3.997575E+01  5.702057E+01  7.249180E+01  8.396680E+01  9.116930E+01  9.518939E+01  9.716190E+01
  3.935173E+00  3.940677E+00  4.067295E+00  4.195716E+00  4.450452E+00  4.951463E+00  5.965040E+00  7.939925E+00  1.174691E+01  1.862018E+01
  2.978640E+01  4.474045E+01  6.084627E+01  7.496955E+01  8.541089E+01  9.196323E+01  9.562109E+01  9.741558E+01  4.996170E+00  5.005128E+00
  5.180870E+00  5.357033E+00  5.712885E+00  6.407666E+00  7.801889E+00  1.046077E+01  1.543512E+01  2.389275E+01  3.633232E+01  5.096719E+01
  6.543203E+01  7.789610E+01  8.711666E+01  9.290151E+01  9.613158E+01  9.771587E+01  7.137172E+00  7.147829E+00  7.438026E+00  7.721420E+00
  8.283821E+00  9.387715E+00  1.156126E+01  1.555738E+01  2.252246E+01  3.296414E+01  4.576844E+01  5.855320E+01  7.069787E+01  8.125130E+01
  8.907365E+01  9.397810E+01  9.671780E+01  9.806109E+01  1.311597E+01  1.313946E+01  1.373958E+01  1.434684E+01  1.553120E+01  1.774875E+01
  2.181646E+01  2.845304E+01  3.782108E+01  4.815574E+01  5.786340E+01  6.726614E+01  7.675688E+01  8.511861E+01  9.132956E+01  9.522032E+01
  9.739479E+01  9.846010E+01  4.939002E+01  4.948567E+01  5.018718E+01  5.077149E+01  5.160003E+01  5.283896E+01  5.446969E+01  5.666741E+01
  5.983356E+01  6.418723E+01  6.976742E+01  7.616042E+01  8.302435E+01  8.911647E+01  9.366236E+01  9.651124E+01  9.809916E+01  9.887733E+01
  2.562918E+00  2.562454E+00  2.639796E+00  2.709920E+00  2.855587E+00  3.137033E+00  3.716571E+00  4.850517E+00  7.121091E+00  1.152149E+01
  1.952934E+01  3.270502E+01  5.042202E+01  6.809030E+01  8.140028E+01  8.977073E+01  9.440421E+01  9.666662E+01  2.602324E+00  2.601581E+00
  2.678814E+00  2.752589E+00  2.897243E+00  3.185887E+00  3.778461E+00  4.937168E+00  7.252163E+00  1.173107E+01  1.985027E+01  3.313007E+01
  5.084287E+01  6.838568E+01  8.157291E+01  8.986570E+01  9.445596E+01  9.669729E+01  2.723846E+00  2.720592E+00  2.806146E+00  2.883677E+00
  3.041012E+00  3.345305E+00  3.976616E+00  5.212411E+00  7.666757E+00  1.238300E+01  2.085050E+01  3.444028E+01  5.211404E+01  6.926574E+01
  8.208738E+01  9.014809E+01  9.460992E+01  9.678856E+01  2.948456E+00  2.945088E+00  3.037648E+00  3.126125E+00  3.301177E+00  3.648642E+00
  4.345981E+00  5.717461E+00  8.427356E+00  1.358489E+01  2.266189E+01  3.673621E+01  5.424389E+01  7.070932E+01  8.293043E+01  9.061140E+01
  9.486229E+01  9.693824E+01  3.317889E+00  3.316919E+00  3.426848E+00  3.533872E+00  3.736393E+00  4.135374E+00  4.961008E+00  6.565159E+00
  9.701455E+00  1.556657E+01  2.554603E+01  4.017531E+01  5.723146E+01  7.268459E+01  8.408192E+01  9.124402E+01  9.520713E+01  9.714288E+01
  3.935173E+00  3.931302E+00  4.070041E+00  4.199246E+00  4.456028E+00  4.959129E+00  5.986517E+00  7.980629E+00  1.181370E+01  1.876996E+01
  2.993889E+01  4.494373E+01  6.104068E+01  7.514717E+01  8.551582E+01  9.203234E+01  9.563710E+01  9.739822E+01  4.996170E+00  4.994082E+00
  5.182871E+00  5.362601E+00  5.722385E+00  6.422366E+00  7.835425E+00  1.052127E+01  1.553596E+01  2.408392E+01  3.650935E+01  5.116040E+01
  6.560361E+01  7.805545E+01  8.720966E+01  9.296402E+01  9.614561E+01  9.770049E+01  7.137172E+00  7.135061E+00  7.441286E+00  7.731334E+00
  8.301239E+00  9.415250E+00  1.162100E+01  1.566028E+01  2.267429E+01  3.320586E+01  4.594412E+01  5.871613E+01  7.084334E+01  8.139182E+01
  8.915317E+01  9.403310E+01  9.672983E+01  9.804813E+01  1.311597E+01  1.311392E+01  1.375037E+01  1.436786E+01  1.557221E+01  1.781325E+01
  2.194408E+01  2.863941E+01  3.801640E+01  4.837551E+01  5.798705E+01  6.738642E+01  7.687501E+01  8.523866E+01  9.139430E+01  9.526695E+01
  9.740459E+01  9.845023E+01  4.939002E+01  4.944143E+01  5.016251E+01  5.079495E+01  5.163975E+01  5.290910E+01  5.450873E+01  5.672437E+01
  5.992609E+01  6.429402E+01  6.984908E+01  7.621265E+01  8.312672E+01  8.919842E+01  9.371037E+01  9.654353E+01  9.810668E+01  9.886935E+01
  2.562918E+00  2.568136E+00  2.639505E+00  2.708657E+00  2.857342E+00  3.140805E+00  3.725034E+00  4.861619E+00  7.156469E+00  1.158078E+01
  1.966031E+01  3.290861E+01  5.068257E+01  6.829578E+01  8.152428E+01  8.983783E+01  9.442345E+01  9.664736E+01  2.602324E+00  2.607160E+00
  2.678683E+00  2.750857E+00  2.898367E+00  3.189662E+00  3.786578E+00  4.949226E+00  7.289195E+00  1.179146E+01  1.998260E+01  3.333656E+01
  5.110334E+01  6.858932E+01  8.169531E+01  8.993204E+01  9.447498E+01  9.667818E+01  2.723846E+00  2.728900E+00  2.805896E+00  2.882807E+00
  3.041795E+00  3.349850E+00  3.987421E+00  5.225542E+00  7.706840E+00  1.244904E+01  2.099164E+01  3.465252E+01  5.237258E+01  6.946409E+01
  8.220599E+01  9.021249E+01  9.462831E+01  9.676991E+01  2.948456E+00  2.952500E+00  3.037365E+00  3.125231E+00  3.301850E+00  3.653139E+00
  4.357193E+00  5.734097E+00  8.475150E+00  1.366217E+01  2.281837E+01  3.695660E+01  5.449804E+01  7.089880E+01  8.304308E+01  9.067258E+01
  9.487969E+01  9.692038E+01  3.317889E+00  3.324580E+00  3.428248E+00  3.532593E+00  3.738942E+00  4.142649E+00  4.974782E+00  6.585516E+00
  9.759382E+00  1.565925E+01  2.572336E+01  4.040590E+01  5.747539E+01  7.286182E+01  8.418628E+01  9.130095E+01  9.522319E+01  9.712609E+01
  3.935173E+00  3.941298E+00  4.070865E+00  4.198519E+00  4.459249E+00  4.968592E+00  6.006285E+00  8.011287E+00  1.189354E+01  1.888952E+01
  3.014240E+01  4.517979E+01  6.126952E+01  7.530889E+01  8.561022E+01  9.208369E+01  9.565149E+01  9.738278E+01  4.996170E+00  5.006606E+00
  5.182843E+00  5.363735E+00  5.728189E+00  6.436566E+00  7.865548E+00  1.057166E+01  1.564809E+01  2.424171E+01  3.673987E+01  5.138830E+01
  6.580894E+01  7.819947E+01  8.729211E+01  9.300935E+01  9.615816E+01  9.768680E+01  7.137172E+00  7.154335E+00  7.444672E+00  7.733820E+00
  8.312736E+00  9.443123E+00  1.168111E+01  1.575447E+01  2.284984E+01  3.340413E+01  4.617215E+01  5.891147E+01  7.102387E+01  8.151607E+01
  8.922356E+01  9.407204E+01  9.674062E+01  9.803652E+01  1.311597E+01  1.314569E+01  1.375749E+01  1.437610E+01  1.560566E+01  1.788202E+01
  2.205801E+01  2.880346E+01  3.824533E+01  4.854805E+01  5.815643E+01  6.754990E+01  7.702834E+01  8.534116E+01  9.145185E+01  9.529905E+01
  9.741347E+01  9.844127E+01  4.939002E+01  4.950177E+01  5.018075E+01  5.076614E+01  5.165436E+01  5.292058E+01  5.454477E+01  5.676049E+01
  6.001354E+01  6.438630E+01  6.993792E+01  7.633234E+01  8.321599E+01  8.927728E+01  9.375401E+01  9.657083E+01  9.811346E+01  9.886220E+01
  2.562918E+00  2.558500E+00  2.640729E+00  2.711058E+00  2.857612E+00  3.144604E+00  3.729924E+00  4.869406E+00  7.174950E+00  1.163740E+01
  1.975037E+01  3.310638E+01  5.094858E+01  6.847923E+01  8.165881E+01  8.989122E+01  9.444432E+01  9.662532E+01  2.602324E+00  2.597010E+00
  2.679512E+00  2.753263E+00  2.898396E+00  3.194249E+00  3.791311E+00  4.957625E+00  7.307914E+00  1.185118E+01  2.007470E+01  3.353597E+01
  5.136970E+01  6.877130E+01  8.182861E+01  8.998483E+01  9.449568E+01  9.665632E+01  2.723846E+00  2.719918E+00  2.806852E+00  2.885032E+00
  3.042116E+00  3.353698E+00  3.992857E+00  5.236060E+00  7.728344E+00  1.251323E+01  2.109150E+01  3.485777E+01  5.263811E+01  6.964074E+01
  8.233577E+01  9.026360E+01  9.464841E+01  9.674862E+01  2.948456E+00  2.941926E+00  3.038932E+00  3.127518E+00  3.302396E+00  3.657449E+00
  4.363477E+00  5.744946E+00  8.502714E+00  1.373840E+01  2.293161E+01  3.717047E+01  5.476033E+01  7.106733E+01  8.316702E+01  9.072037E+01
  9.489888E+01  9.690000E+01  3.317889E+00  3.314407E+00  3.430045E+00  3.536281E+00  3.741401E+00  4.149682E+00  4.983844E+00  6.599100E+00
  9.794283E+00  1.575213E+01  2.585668E+01  4.062980E+01  5.773068E+01  7.301895E+01  8.430207E+01  9.134453E+01  9.524109E+01  9.710699E+01
  3.935173E+00  3.927018E+00  4.072272E+00  4.202615E+00  4.462267E+00  4.976711E+00  6.020238E+00  8.034813E+00  1.194772E+01  1.900759E+01
  3.030007E+01  4.540688E+01  6.151115E+01  7.545132E+01  8.571633E+01  9.212230E+01  9.566795E+01  9.736533E+01  4.996170E+00  4.986270E+00
  5.186098E+00  5.369411E+00  5.733828E+00  6.451471E+00  7.890265E+00  1.061501E+01  1.573059E+01  2.440496E+01  3.691940E+01  5.160640E+01
  6.603105E+01  7.832612E+01  8.738737E+01  9.304219E+01  9.617293E+01  9.767140E+01  7.137172E+00  7.127053E+00  7.449999E+00  7.745724E+00
  8.324004E+00  9.473820E+00  1.173248E+01  1.584043E+01  2.298561E+01  3.361057E+01  4.634886E+01  5.909864E+01  7.122372E+01  8.162545E+01
  8.930655E+01  9.409859E+01  9.675374E+01  9.802364E+01  1.311597E+01  1.309734E+01  1.377203E+01  1.440131E+01  1.563244E+01  1.794631E+01
  2.216347E+01  2.894639E+01  3.842166E+01  4.873632E+01  5.828035E+01  6.770744E+01  7.720180E+01  8.543107E+01  9.151991E+01  9.531894E+01
  9.742480E+01  9.843131E+01  4.939002E+01  4.935688E+01  5.020335E+01  5.080616E+01  5.165551E+01  5.294086E+01  5.457800E+01  5.678473E+01
  6.008753E+01  6.445691E+01  7.000936E+01  7.646136E+01  8.333260E+01  8.933714E+01  9.380233E+01  9.658403E+01  9.812152E+01  9.885455E+01
  2.562918E+00  2.569449E+00  2.640512E+00  2.712345E+00  2.858815E+00  3.149457E+00  3.734229E+00  4.884915E+00  7.196784E+00  1.167113E+01
  1.987347E+01  3.328482E+01  5.112094E+01  6.867117E+01  8.177197E+01  8.996048E+01  9.446053E+01  9.659952E+01  2.602324E+00  2.608358E+00
  2.679840E+00  2.754411E+00  2.899638E+00  3.198788E+00  3.795888E+00  4.973458E+00  7.332258E+00  1.188560E+01  2.020032E+01  3.371723E+01
  5.154147E+01  6.896178E+01  8.194075E+01  9.005355E+01  9.451171E+01  9.663074E+01  2.723846E+00  2.731019E+00  2.807067E+00  2.886341E+00
  3.043320E+00  3.359005E+00  3.997561E+00  5.254497E+00  7.752195E+00  1.255371E+01  2.122469E+01  3.504344E+01  5.280686E+01  6.982630E+01
  8.244442E+01  9.033052E+01  9.466393E+01  9.672369E+01  2.948456E+00  2.955838E+00  3.040066E+00  3.128497E+00  3.304880E+00  3.663379E+00
  4.369216E+00  5.766840E+00  8.533510E+00  1.378666E+01  2.307982E+01  3.736631E+01  5.492280E+01  7.124505E+01  8.327013E+01  9.078440E+01
  9.491354E+01  9.687617E+01  3.317889E+00  3.325739E+00  3.430478E+00  3.538198E+00  3.743602E+00  4.156559E+00  4.992501E+00  6.627196E+00
  9.833896E+00  1.581509E+01  2.602509E+01  4.083377E+01  5.788186E+01  7.318534E+01  8.439751E+01  9.140466E+01  9.525465E+01  9.708466E+01
  3.935173E+00  3.945455E+00  4.073024E+00  4.204782E+00  4.466161E+00  4.986938E+00  6.033755E+00  8.071366E+00  1.200593E+01  1.909369E+01
  3.049438E+01  4.561314E+01  6.164415E+01  7.560384E+01  8.580241E+01  9.217765E+01  9.568016E+01  9.734492E+01  4.996170E+00  5.009433E+00
  5.188361E+00  5.372809E+00  5.740028E+00  6.468204E+00  7.912009E+00  1.067364E+01  1.581963E+01  2.452668E+01  3.713972E+01  5.179879E+01
  6.613999E+01  7.846217E+01  8.746265E+01  9.309193E+01  9.618369E+01  9.765335E+01  7.137172E+00  7.157450E+00  7.451852E+00  7.755051E+00
  8.337993E+00  9.507391E+00  1.178336E+01  1.594289E+01  2.313076E+01  3.376888E+01  4.656391E+01  5.926205E+01  7.130877E+01  8.174400E+01
  8.937010E+01  9.414232E+01  9.676289E+01  9.800841E+01  1.311597E+01  1.315659E+01  1.378067E+01  1.441864E+01  1.566310E+01  1.801739E+01
  2.226003E+01  2.913280E+01  3.860492E+01  4.886569E+01  5.844788E+01  6.783804E+01  7.726127E+01  8.553065E+01  9.157118E+01  9.535571E+01
  9.743243E+01  9.841958E+01  4.939002E+01  4.953715E+01  5.022424E+01  5.083052E+01  5.166071E+01  5.300073E+01  5.457072E+01  5.688980E+01
  6.011603E+01  6.451439E+01  7.010592E+01  7.653426E+01  8.337243E+01  8.941863E+01  9.383656E+01  9.660970E+01  9.812604E+01  9.884611E+01
  2.562918E+00  2.567233E+00  2.642653E+00  2.712299E+00  2.862139E+00  3.151964E+00  3.740735E+00  4.902768E+00  7.236857E+00  1.173162E+01
  1.997348E+01  3.344171E+01  5.131467E+01  6.884180E+01  8.189757E+01  9.001910E+01  9.447499E+01  9.657516E+01  2.602324E+00  2.605988E+00
  2.681814E+00  2.754831E+00  2.902968E+00  3.202750E+00  3.802828E+00  4.992339E+00  7.372853E+00  1.194641E+01  2.030376E+01  3.387485E+01
  5.173426E+01  6.913091E+01  8.206578E+01  9.011161E+01  9.452602E+01  9.660661E+01  2.723846E+00  2.726756E+00  2.808674E+00  2.887129E+00
  3.047281E+00  3.362305E+00  4.005630E+00  5.274084E+00  7.796421E+00  1.262057E+01  2.133459E+01  3.520728E+01  5.299814E+01  6.999059E+01
  8.256571E+01  9.038686E+01  9.467776E+01  9.670019E+01  2.948456E+00  2.952681E+00  3.041991E+00  3.129889E+00  3.308861E+00  3.667387E+00
  4.378286E+00  5.789781E+00  8.585574E+00  1.386278E+01  2.320393E+01  3.753722E+01  5.510970E+01  7.140082E+01  8.338633E+01  9.083803E+01
  9.492664E+01  9.685371E+01  3.317889E+00  3.323282E+00  3.432644E+00  3.539808E+00  3.747929E+00  4.162372E+00  5.004815E+00  6.655890E+00
  9.898256E+00  1.590805E+01  2.616799E+01  4.101176E+01  5.805943E+01  7.333017E+01  8.450630E+01  9.145437E+01  9.526671E+01  9.706363E+01
  3.935173E+00  3.940682E+00  4.075582E+00  4.205671E+00  4.472176E+00  4.996711E+00  6.050398E+00  8.111520E+00  1.209084E+01  1.921606E+01
  3.066159E+01  4.579335E+01  6.180641E+01  7.573431E+01  8.590249E+01  9.222269E+01  9.569100E+01  9.732575E+01  4.996170E+00  5.003857E+00
  5.191966E+00  5.375548E+00  5.750631E+00  6.482531E+00  7.941331E+00  1.073593E+01  1.594015E+01  2.469078E+01  3.733015E+01  5.196909E+01
  6.628267E+01  7.857680E+01  8.755255E+01  9.313172E+01  9.619320E+01  9.763643E+01  7.137172E+00  7.151014E+00  7.459658E+00  7.760487E+00
  8.361544E+00  9.534352E+00  1.183905E+01  1.605035E+01  2.330868E+01  3.397618E+01  4.675046E+01  5.940337E+01  7.142928E+01  8.184187E+01
  8.944890E+01  9.417653E+01  9.677110E+01  9.799422E+01  1.311597E+01  1.313877E+01  1.379420E+01  1.443240E+01  1.571625E+01  1.807426E+01
  2.237935E+01  2.930659E+01  3.883403E+01  4.904531E+01  5.858715E+01  6.794808E+01  7.735744E+01  8.560899E+01  9.163828E+01  9.538314E+01
  9.743930E+01  9.840887E+01  4.939002E+01  4.947270E+01  5.024467E+01  5.085343E+01  5.171050E+01  5.300818E+01  5.461885E+01  5.699944E+01
  6.021179E+01  6.459614E+01  7.021320E+01  7.663767E+01  8.343467E+01  8.947784E+01  9.387997E+01  9.663123E+01  9.813016E+01  9.883846E+01
  2.562918E+00  2.569224E+00  2.641760E+00  2.710947E+00  2.860869E+00  3.154039E+00  3.742774E+00  4.901377E+00  7.247367E+00  1.177668E+01
  2.007990E+01  3.362031E+01  5.153098E+01  6.903720E+01  8.200789E+01  9.007749E+01  9.448811E+01  9.654920E+01  2.602324E+00  2.607970E+00
  2.681332E+00  2.753371E+00  2.901767E+00  3.205134E+00  3.804576E+00  4.992599E+00  7.385881E+00  1.199295E+01  2.041174E+01  3.405482E+01
  5.195021E+01  6.932449E+01  8.217494E+01  9.016947E+01  9.453902E+01  9.658088E+01  2.723846E+00  2.731169E+00  2.808639E+00  2.886321E+00
  3.045574E+00  3.364277E+00  4.007466E+00  5.274030E+00  7.811986E+00  1.267340E+01  2.145088E+01  3.539226E+01  5.321243E+01  7.017950E+01
  8.267173E+01  9.044298E+01  9.469032E+01  9.667509E+01  2.948456E+00  2.955358E+00  3.041397E+00  3.127825E+00  3.307264E+00  3.670855E+00
  4.383931E+00  5.791071E+00  8.604723E+00  1.392369E+01  2.333246E+01  3.773143E+01  5.531905E+01  7.158146E+01  8.348708E+01  9.089143E+01
  9.493851E+01  9.682969E+01  3.317889E+00  3.324744E+00  3.432388E+00  3.538018E+00  3.747628E+00  4.166273E+00  5.009075E+00  6.663262E+00
  9.925200E+00  1.598603E+01  2.631747E+01  4.121432E+01  5.826041E+01  7.349981E+01  8.460016E+01  9.150422E+01  9.527772E+01  9.704115E+01
  3.935173E+00  3.944569E+00  4.076468E+00  4.204947E+00  4.473294E+00  5.003200E+00  6.058973E+00  8.124611E+00  1.213239E+01  1.931965E+01
  3.083548E+01  4.599727E+01  6.199230E+01  7.589037E+01  8.598744E+01  9.226823E+01  9.570094E+01  9.730518E+01  4.996170E+00  5.008668E+00
  5.192505E+00  5.375545E+00  5.751934E+00  6.497028E+00  7.960425E+00  1.076493E+01  1.601117E+01  2.483531E+01  3.752669E+01  5.216011E+01
  6.644968E+01  7.871680E+01  8.762743E+01  9.317214E+01  9.620200E+01  9.761820E+01  7.137172E+00  7.152179E+00  7.461047E+00  7.763271E+00
  8.369110E+00  9.562212E+00  1.188473E+01  1.611335E+01  2.342476E+01  3.416182E+01  4.693778E+01  5.956924E+01  7.157386E+01  8.196502E+01
  8.951327E+01  9.421133E+01  9.677877E+01  9.797897E+01  1.311597E+01  1.315377E+01  1.379911E+01  1.443783E+01  1.573414E+01  1.814579E+01
  2.247615E+01  2.941446E+01  3.897483E+01  4.920229E+01  5.872509E+01  6.808041E+01  7.748045E+01  8.571148E+01  9.168983E+01  9.541167E+01
  9.744572E+01  9.839687E+01  4.939002E+01  4.951442E+01  5.026810E+01  5.085960E+01  5.169462E+01  5.305441E+01  5.462896E+01  5.699849E+01
  6.023992E+01  6.466418E+01  7.028583E+01  7.671642E+01  8.352305E+01  8.953460E+01  9.391290E+01  9.665017E+01  9.813377E+01  9.883060E+01
  2.562918E+00  2.567740E+00  2.641739E+00  2.713841E+00  2.861799E+00  3.155729E+00  3.749550E+00  4.916256E+00  7.260685E+00  1.182134E+01
  2.016640E+01  3.380421E+01  5.172760E+01  6.920605E+01  8.212032E+01  9.013889E+01  9.449859E+01  9.651752E+01  2.602324E+00  2.606876E+00
  2.681748E+00  2.755925E+00  2.902962E+00  3.206614E+00  3.812690E+00  5.008079E+00  7.399417E+00  1.204054E+01  2.050077E+01  3.424239E+01
  5.214663E+01  6.949225E+01  8.228641E+01  9.023038E+01  9.454938E+01  9.654945E+01  2.723846E+00  2.728997E+00  2.808639E+00  2.888942E+00
  3.046642E+00  3.367236E+00  4.016205E+00  5.291322E+00  7.829172E+00  1.272459E+01  2.154690E+01  3.558537E+01  5.340673E+01  7.034290E+01
  8.278008E+01  9.050229E+01  9.470039E+01  9.664448E+01  2.948456E+00  2.953277E+00  3.040809E+00  3.131627E+00  3.310254E+00  3.673420E+00
  4.395051E+00  5.811825E+00  8.625795E+00  1.398400E+01  2.344079E+01  3.793231E+01  5.550873E+01  7.173762E+01  8.359054E+01  9.094820E+01
  9.494807E+01  9.680041E+01  3.317889E+00  3.323190E+00  3.433344E+00  3.541839E+00  3.749182E+00  4.172159E+00  5.022257E+00  6.688607E+00
  9.954771E+00  1.606211E+01  2.644427E+01  4.142207E+01  5.844107E+01  7.364570E+01  8.469695E+01  9.155742E+01  9.528660E+01  9.701364E+01
  3.935173E+00  3.940948E+00  4.077508E+00  4.210059E+00  4.474815E+00  5.012637E+00  6.079485E+00  8.163672E+00  1.217912E+01  1.942092E+01
  3.098520E+01  4.620780E+01  6.215851E+01  7.602383E+01  8.607549E+01  9.231719E+01  9.570907E+01  9.728003E+01  4.996170E+00  5.006551E+00
  5.194995E+00  5.382502E+00  5.758732E+00  6.508345E+00  7.991301E+00  1.082360E+01  1.608859E+01  2.497164E+01  3.769851E+01  5.236083E+01
  6.659815E+01  7.883586E+01  8.770605E+01  9.321624E+01  9.620933E+01  9.759591E+01  7.137172E+00  7.148046E+00  7.465564E+00  7.776084E+00
  8.382955E+00  9.589269E+00  1.194538E+01  1.621827E+01  2.355132E+01  3.433430E+01  4.710194E+01  5.974362E+01  7.170210E+01  8.206753E+01
  8.958168E+01  9.424986E+01  9.678545E+01  9.796010E+01  1.311597E+01  1.314124E+01  1.380778E+01  1.446833E+01  1.577389E+01  1.820495E+01
  2.258766E+01  2.959088E+01  3.914203E+01  4.934109E+01  5.884285E+01  6.822345E+01  7.758575E+01  8.579563E+01  9.174682E+01  9.544444E+01
  9.745165E+01  9.838207E+01  4.939002E+01  4.950096E+01  5.028569E+01  5.088717E+01  5.172463E+01  5.309446E+01  5.466425E+01  5.705142E+01
  6.028514E+01  6.474798E+01  7.035406E+01  7.680769E+01  8.359982E+01  8.959461E+01  9.395560E+01  9.667146E+01  9.813821E+01  9.882066E+01
  2.562918E+00  2.564077E+00  2.641468E+00  2.712401E+00  2.861681E+00  3.155184E+00  3.746171E+00  4.910960E+00  7.254719E+00  1.181983E+01
  2.012820E+01  3.371418E+01  5.163724E+01  6.912349E+01  8.205881E+01  9.009018E+01  9.445567E+01  9.646116E+01  2.602324E+00  2.603931E+00
  2.681502E+00  2.754605E+00  2.902474E+00  3.206162E+00  3.808358E+00  5.002738E+00  7.393274E+00  1.203792E+01  2.046198E+01  3.415090E+01
  5.205603E+01  6.941024E+01  8.222534E+01  9.018198E+01  9.450685E+01  9.649358E+01  2.723846E+00  2.725269E+00  2.808008E+00  2.887977E+00
  3.045837E+00  3.366473E+00  4.011689E+00  5.285511E+00  7.821406E+00  1.272102E+01  2.150457E+01  3.549129E+01  5.331690E+01  7.026288E+01
  8.272070E+01  9.045510E+01  9.465894E+01  9.659008E+01  2.948456E+00  2.948879E+00  3.040917E+00  3.130352E+00  3.308962E+00  3.672086E+00
  4.389255E+00  5.803805E+00  8.616685E+00  1.397695E+01  2.339336E+01  3.783438E+01  5.542122E+01  7.166106E+01  8.353368E+01  9.090285E+01
  9.490842E+01  9.674843E+01  3.317889E+00  3.318294E+00  3.432311E+00  3.540401E+00  3.749202E+00  4.169974E+00  5.015601E+00  6.678383E+00
  9.941215E+00  1.605004E+01  2.638740E+01  4.132137E+01  5.835694E+01  7.357409E+01  8.464341E+01  9.151469E+01  9.524945E+01  9.696500E+01
  3.935173E+00  3.939675E+00  4.077042E+00  4.207467E+00  4.473860E+00  5.009918E+00  6.067730E+00  8.148965E+00  1.215795E+01  1.939914E+01
  3.091906E+01  4.610565E+01  6.208119E+01  7.595789E+01  8.602659E+01  9.227778E+01  9.567503E+01  9.723551E+01  4.996170E+00  4.999671E+00
  5.193037E+00  5.379161E+00  5.756865E+00  6.505033E+00  7.976120E+00  1.079975E+01  1.605355E+01  2.493697E+01  3.761943E+01  5.226403E+01
  6.652791E+01  7.877676E+01  8.766197E+01  9.318073E+01  9.617905E+01  9.755637E+01  7.137172E+00  7.144049E+00  7.465879E+00  7.768124E+00
  8.376369E+00  9.577418E+00  1.191612E+01  1.617360E+01  2.349509E+01  3.428706E+01  4.702612E+01  5.965830E+01  7.164095E+01  8.201638E+01
  8.954339E+01  9.421889E+01  9.675951E+01  9.792622E+01  1.311597E+01  1.313094E+01  1.380620E+01  1.445378E+01  1.575672E+01  1.818269E+01
  2.253314E+01  2.951790E+01  3.906614E+01  4.930845E+01  5.878370E+01  6.815265E+01  7.753310E+01  8.575430E+01  9.171447E+01  9.541835E+01
  9.743099E+01  9.835500E+01  4.939002E+01  4.945631E+01  5.031025E+01  5.087439E+01  5.171616E+01  5.306920E+01  5.463473E+01  5.701624E+01
  6.028306E+01  6.471492E+01  7.030831E+01  7.675815E+01  8.354816E+01  8.956830E+01  9.393284E+01  9.665376E+01  9.812470E+01  9.879689E+01
  2.562918E+00  2.572518E+00  2.641457E+00  2.712642E+00  2.860029E+00  3.152562E+00  3.740952E+00  4.903246E+00  7.224765E+00  1.174426E+01
  2.000062E+01  3.348842E+01  5.136849E+01  6.889517E+01  8.190781E+01  8.999171E+01  9.438534E+01  9.639397E+01  2.602324E+00  2.611384E+00
  2.680997E+00  2.754777E+00  2.901448E+00  3.203225E+00  3.803569E+00  4.992737E+00  7.361327E+00  1.196033E+01  2.033149E+01  3.392168E+01
  5.178773E+01  6.918396E+01  8.207578E+01  9.008440E+01  9.443704E+01  9.642698E+01  2.723846E+00  2.732522E+00  2.808269E+00  2.887993E+00
  3.044544E+00  3.362631E+00  4.006112E+00  5.274934E+00  7.786256E+00  1.263588E+01  2.136434E+01  3.525587E+01  5.305096E+01  7.004227E+01
  8.257513E+01  9.036026E+01  9.459100E+01  9.652525E+01  2.948456E+00  2.959196E+00  3.040387E+00  3.130030E+00  3.306422E+00  3.667583E+00
  4.379673E+00  5.790717E+00  8.575175E+00  1.388150E+01  2.323801E+01  3.758934E+01  5.516109E+01  7.145055E+01  8.339479E+01  9.081229E+01
  9.484352E+01  9.668648E+01  3.317889E+00  3.329973E+00  3.431738E+00  3.539419E+00  3.746033E+00  4.162395E+00  5.005592E+00  6.658672E+00
  9.889156E+00  1.593192E+01  2.620910E+01  4.106673E+01  5.810820E+01  7.337684E+01  8.451357E+01  9.143008E+01  9.518867E+01  9.690703E+01
  3.935173E+00  3.949306E+00  4.075527E+00  4.207022E+00  4.470685E+00  4.998629E+00  6.052814E+00  8.117222E+00  1.208446E+01  1.924937E+01
  3.071137E+01  4.584938E+01  6.185081E+01  7.577766E+01  8.590826E+01  9.220029E+01  9.561940E+01  9.718255E+01  4.996170E+00  5.014870E+00
  5.190986E+00  5.377086E+00  5.748569E+00  6.487784E+00  7.947011E+00  1.074692E+01  1.593910E+01  2.473914E+01  3.738728E+01  5.202105E+01
  6.632183E+01  7.861626E+01  8.755688E+01  9.311180E+01  9.612958E+01  9.750932E+01  7.137172E+00  7.164382E+00  7.457432E+00  7.763396E+00
  8.360145E+00  9.546665E+00  1.185388E+01  1.607344E+01  2.331845E+01  3.404041E+01  4.680662E+01  5.944975E+01  7.146191E+01  8.187794E+01
  8.945218E+01  9.415961E+01  9.671686E+01  9.788593E+01  1.311597E+01  1.315816E+01  1.379269E+01  1.443995E+01  1.571178E+01  1.810011E+01
  2.240698E+01  2.934672E+01  3.884322E+01  4.910323E+01  5.862793E+01  6.798682E+01  7.738577E+01  8.564019E+01  9.164057E+01  9.537025E+01
  9.739657E+01  9.832251E+01  4.939002E+01  4.954581E+01  5.023307E+01  5.085353E+01  5.169753E+01  5.300948E+01  5.461687E+01  5.699017E+01
  6.017020E+01  6.460253E+01  7.023315E+01  7.666653E+01  8.345741E+01  8.950208E+01  9.388428E+01  9.662331E+01  9.810159E+01  9.877567E+01
  2.562918E+00  2.570956E+00  2.640707E+00  2.712023E+00  2.860651E+00  3.149506E+00  3.734318E+00  4.886324E+00  7.198253E+00  1.167908E+01
  1.987876E+01  3.330120E+01  5.111700E+01  6.866106E+01  8.174955E+01  8.988925E+01  9.431150E+01  9.632411E+01  2.602324E+00  2.609874E+00
  2.679915E+00  2.754053E+00  2.901929E+00  3.199124E+00  3.796221E+00  4.974239E+00  7.334245E+00  1.189346E+01  2.020612E+01  3.373331E+01
  5.153718E+01  6.895152E+01  8.191847E+01  8.998280E+01  9.436388E+01  9.635774E+01  2.723846E+00  2.732033E+00  2.806475E+00  2.886907E+00
  3.045165E+00  3.358972E+00  3.998162E+00  5.255088E+00  7.754334E+00  1.256211E+01  2.123099E+01  3.506010E+01  5.280269E+01  6.981594E+01
  8.242259E+01  9.026130E+01  9.451977E+01  9.645782E+01  2.948456E+00  2.956485E+00  3.039058E+00  3.128120E+00  3.306109E+00  3.663979E+00
  4.369990E+00  5.768211E+00  8.535573E+00  1.379587E+01  2.308763E+01  3.738322E+01  5.491880E+01  7.123460E+01  8.324912E+01  9.071775E+01
  9.477544E+01  9.662206E+01  3.317889E+00  3.326459E+00  3.431081E+00  3.538244E+00  3.745809E+00  4.157230E+00  4.993084E+00  6.629326E+00
  9.837989E+00  1.582730E+01  2.603501E+01  4.085134E+01  5.787746E+01  7.317512E+01  8.437776E+01  9.134166E+01  9.512498E+01  9.684676E+01
  3.935173E+00  3.947026E+00  4.073341E+00  4.204425E+00  4.467885E+00  4.988431E+00  6.034508E+00  8.075455E+00  1.201164E+01  1.910997E+01
  3.050838E+01  4.563066E+01  6.163917E+01  7.559364E+01  8.578434E+01  9.211929E+01  9.556113E+01  9.712743E+01  4.996170E+00  5.010149E+00
  5.187752E+00  5.373728E+00  5.743663E+00  6.469089E+00  7.914942E+00  1.067946E+01  1.582894E+01  2.455004E+01  3.715628E+01  5.181469E+01
  6.613485E+01  7.845234E+01  8.744695E+01  9.303954E+01  9.607755E+01  9.746024E+01  7.137172E+00  7.160286E+00  7.451955E+00  7.756298E+00
  8.345162E+00  9.509031E+00  1.178703E+01  1.595313E+01  2.314614E+01  3.379916E+01  4.658124E+01  5.927439E+01  7.130359E+01  8.173492E+01
  8.935746E+01  9.409721E+01  9.667200E+01  9.784385E+01  1.311597E+01  1.315536E+01  1.377848E+01  1.442088E+01  1.567440E+01  1.802369E+01
  2.227265E+01  2.914986E+01  3.862472E+01  4.889469E+01  5.846207E+01  6.784698E+01  7.725697E+01  8.552319E+01  9.156216E+01  9.531969E+01
  9.735987E+01  9.828844E+01  4.939002E+01  4.949492E+01  5.019685E+01  5.085199E+01  5.167115E+01  5.301039E+01  5.460369E+01  5.688864E+01
  6.012949E+01  6.450348E+01  7.010474E+01  7.652740E+01  8.337302E+01  8.941788E+01  9.383083E+01  9.658502E+01  9.807314E+01  9.874989E+01
  2.562918E+00  2.561826E+00  2.640404E+00  2.709820E+00  2.856740E+00  3.145107E+00  3.726958E+00  4.867723E+00  7.181375E+00  1.160805E+01
  1.971106E+01  3.306112E+01  5.086049E+01  6.842975E+01  8.158908E+01  8.978053E+01  9.423618E+01  9.625446E+01  2.602324E+00  2.601892E+00
  2.679517E+00  2.752038E+00  2.897409E+00  3.194695E+00  3.788365E+00  4.955858E+00  7.314369E+00  1.182154E+01  2.003540E+01  3.349050E+01
  5.128137E+01  6.872225E+01  8.175951E+01  8.987506E+01  9.428920E+01  9.628870E+01  2.723846E+00  2.720450E+00  2.806071E+00  2.884807E+00
  3.040617E+00  3.354147E+00  3.989310E+00  5.233910E+00  7.734932E+00  1.248229E+01  2.105050E+01  3.481294E+01  5.254979E+01  6.959315E+01
  8.226814E+01  9.015619E+01  9.444708E+01  9.639059E+01  2.948456E+00  2.946539E+00  3.038583E+00  3.125634E+00  3.300509E+00  3.658010E+00
  4.360086E+00  5.743315E+00  8.509534E+00  1.370494E+01  2.288783E+01  3.712619E+01  5.467246E+01  7.102212E+01  8.310195E+01  9.061762E+01
  9.470596E+01  9.655785E+01  3.317889E+00  3.316276E+00  3.429246E+00  3.534675E+00  3.739104E+00  4.149720E+00  4.978884E+00  6.597118E+00
  9.801342E+00  1.571422E+01  2.580953E+01  4.058530E+01  5.764362E+01  7.297717E+01  8.424072E+01  9.124773E+01  9.505989E+01  9.678667E+01
  3.935173E+00  3.932110E+00  4.071801E+00  4.200114E+00  4.460491E+00  4.976862E+00  6.015345E+00  8.031876E+00  1.195455E+01  1.896549E+01
  3.024994E+01  4.536466E+01  6.142690E+01  7.541379E+01  8.565968E+01  9.203345E+01  9.550152E+01  9.707252E+01  4.996170E+00  4.996183E+00
  5.186886E+00  5.366589E+00  5.730834E+00  6.451474E+00  7.882871E+00  1.060987E+01  1.573675E+01  2.435421E+01  3.686606E+01  5.156884E+01
  6.595055E+01  7.829360E+01  8.733660E+01  9.296288E+01  9.602453E+01  9.741145E+01  7.137172E+00  7.136825E+00  7.448862E+00  7.739460E+00
  8.320675E+00  9.473146E+00  1.171532E+01  1.583111E+01  2.299512E+01  3.355143E+01  4.629597E+01  5.906997E+01  7.114822E+01  8.159892E+01
  8.926272E+01  9.403085E+01  9.662617E+01  9.780199E+01  1.311597E+01  1.310582E+01  1.376916E+01  1.438973E+01  1.562063E+01  1.794530E+01
  2.213897E+01  2.893244E+01  3.843602E+01  4.867444E+01  5.823675E+01  6.768778E+01  7.713581E+01  8.541122E+01  9.148570E+01  9.526500E+01
  9.732218E+01  9.825463E+01  4.939002E+01  4.942274E+01  5.020361E+01  5.078982E+01  5.165035E+01  5.294225E+01  5.457600E+01  5.682592E+01
  6.010831E+01  6.444714E+01  6.997637E+01  7.644367E+01  8.329050E+01  8.932832E+01  9.377785E+01  9.654574E+01  9.804642E+01  9.872483E+01
  4.803475E+00  4.761427E+00  5.025828E+00  5.232964E+00  5.557990E+00  6.434075E+00  8.071389E+00  1.098273E+01  1.589236E+01  2.378061E+01
  3.538242E+01  4.999143E+01  6.553256E+01  7.863725E+01  8.787530E+01  9.349449E+01  9.661045E+01  9.824689E+01  4.803475E+00  4.605126E+00
  4.982061E+00  5.179361E+00  5.461810E+00  6.428227E+00  7.846059E+00  1.075599E+01  1.552755E+01  2.323688E+01  3.472900E+01  4.917479E+01
  6.473895E+01  7.806101E+01  8.751626E+01  9.326997E+01  9.647483E+01  9.814122E+01  4.803475E+00  4.633742E+00  5.016651E+00  5.222068E+00
  5.457470E+00  6.366368E+00  7.805366E+00  1.068360E+01  1.539847E+01  2.298698E+01  3.445382E+01  4.889285E+01  6.444432E+01  7.784865E+01
  8.733887E+01  9.317278E+01  9.641275E+01  9.808015E+01  4.803475E+00  4.820212E+00  5.008461E+00  5.171627E+00  5.464475E+00  6.382461E+00
  7.779315E+00  1.061892E+01  1.530800E+01  2.284511E+01  3.429698E+01  4.867932E+01  6.423002E+01  7.767007E+01  8.722988E+01  9.310416E+01
  9.635705E+01  9.802069E+01  4.803475E+00  4.811632E+00  5.012862E+00  5.200435E+00  5.412283E+00  6.345797E+00  7.768906E+00  1.057041E+01
  1.521496E+01  2.270347E+01  3.405805E+01  4.845610E+01  6.405333E+01  7.751350E+01  8.713699E+01  9.303748E+01  9.630746E+01  9.796755E+01
  4.803475E+00  4.841230E+00  4.975724E+00  5.173998E+00  5.426972E+00  6.327359E+00  7.750846E+00  1.052623E+01  1.508794E+01  2.257530E+01
  3.390988E+01  4.821094E+01  6.377898E+01  7.732669E+01  8.700938E+01  9.295992E+01  9.625029E+01  9.790852E+01  4.803475E+00  4.698299E+00
  4.969570E+00  5.155932E+00  5.457757E+00  6.313860E+00  7.694979E+00  1.049001E+01  1.504574E+01  2.239911E+01  3.360502E+01  4.794861E+01
  6.352566E+01  7.710526E+01  8.686739E+01  9.287144E+01  9.618400E+01  9.784346E+01  4.803475E+00  4.786127E+00  4.946722E+00  5.126953E+00
  5.349950E+00  6.286409E+00  7.690295E+00  1.039556E+01  1.487454E+01  2.221074E+01  3.337833E+01  4.763028E+01  6.317892E+01  7.686620E+01
  8.670076E+01  9.277348E+01  9.611882E+01  9.778260E+01  4.803475E+00  4.819401E+00  4.933322E+00  5.134445E+00  5.365183E+00  6.157477E+00
  7.456433E+00  9.902257E+00  1.431571E+01  2.134567E+01  3.208894E+01  4.613393E+01  6.170895E+01  7.568949E+01  8.592577E+01  9.230634E+01
  9.585365E+01  9.761189E+01  4.803475E+00  4.848907E+00  4.936689E+00  5.173868E+00  5.419232E+00  6.130817E+00  7.443449E+00  9.789321E+00
  1.403995E+01  2.106563E+01  3.165471E+01  4.559581E+01  6.119141E+01  7.527079E+01  8.563279E+01  9.213487E+01  9.574471E+01  9.752612E+01
  4.803475E+00  4.813120E+00  4.932519E+00  5.088315E+00  5.396694E+00  6.008229E+00  7.392591E+00  9.626688E+00  1.388548E+01  2.067330E+01
  3.112479E+01  4.495556E+01  6.059840E+01  7.477361E+01  8.531963E+01  9.194640E+01  9.561779E+01  9.743312E+01  4.803475E+00  4.819179E+00
  4.978329E+00  5.125324E+00  5.397222E+00  6.003245E+00  7.343115E+00  9.511073E+00  1.375569E+01  2.054519E+01  3.100283E+01  4.476557E+01
  6.036974E+01  7.459586E+01  8.520112E+01  9.185615E+01  9.556074E+01  9.738026E+01  4.803475E+00  4.668296E+00  4.937830E+00  5.130043E+00
  5.393294E+00  6.020916E+00  7.394291E+00  9.593650E+00  1.387494E+01  2.068078E+01  3.110969E+01  4.491870E+01  6.056115E+01  7.477409E+01
  8.530302E+01  9.192353E+01  9.557726E+01  9.736185E+01  4.803475E+00  4.889693E+00  4.932548E+00  5.098588E+00  5.404898E+00  6.047657E+00
  7.416322E+00  9.642382E+00  1.395095E+01  2.085641E+01  3.128819E+01  4.514283E+01  6.077942E+01  7.493850E+01  8.539779E+01  9.197709E+01
  9.559158E+01  9.734646E+01  4.803475E+00  4.682437E+00  4.923378E+00  5.130062E+00  5.406104E+00  6.069506E+00  7.428927E+00  9.656000E+00
  1.399978E+01  2.094313E+01  3.142430E+01  4.537355E+01  6.102904E+01  7.508362E+01  8.550567E+01  9.201562E+01  9.560932E+01  9.732932E+01
  4.803475E+00  4.855505E+00  4.949919E+00  5.136130E+00  5.378393E+00  6.137796E+00  7.411565E+00  9.756327E+00  1.403752E+01  2.105100E+01
  3.161567E+01  4.553207E+01  6.116984E+01  7.523772E+01  8.559344E+01  9.207109E+01  9.562223E+01  9.730862E+01  4.803475E+00  4.848992E+00
  4.961108E+00  5.140833E+00  5.432543E+00  6.123218E+00  7.475457E+00  9.870791E+00  1.415638E+01  2.116582E+01  3.182852E+01  4.573180E+01
  6.132849E+01  7.537818E+01  8.569419E+01  9.211594E+01  9.563270E+01  9.729006E+01  4.803475E+00  4.837363E+00  4.967994E+00  5.133955E+00
  5.353776E+00  6.124515E+00  7.451900E+00  9.835928E+00  1.417833E+01  2.124650E+01  3.197693E+01  4.591193E+01  6.149912E+01  7.553059E+01
  8.577895E+01  9.216256E+01  9.564376E+01  9.727011E+01  4.803475E+00  4.798888E+00  5.004229E+00  5.141504E+00  5.393867E+00  6.161327E+00
  7.500596E+00  9.896171E+00  1.423602E+01  2.133954E+01  3.208278E+01  4.608872E+01  6.166470E+01  7.567029E+01  8.586741E+01  9.221061E+01
  9.565199E+01  9.724461E+01  4.803475E+00  4.842988E+00  5.007506E+00  5.131757E+00  5.391463E+00  6.160051E+00  7.462087E+00  9.887055E+00
  1.422768E+01  2.132101E+01  3.203315E+01  4.599911E+01  6.158062E+01  7.559523E+01  8.581898E+01  9.217107E+01  9.561800E+01  9.719867E+01
  4.803475E+00  4.895050E+00  4.941843E+00  5.135062E+00  5.357105E+00  6.132647E+00  7.451923E+00  9.868184E+00  1.409486E+01  2.116375E+01
  3.188306E+01  4.579007E+01  6.136550E+01  7.542101E+01  8.570265E+01  9.209610E+01  9.556166E+01  9.714561E+01  4.803475E+00  4.823333E+00
  4.934586E+00  5.168756E+00  5.390258E+00  6.143931E+00  7.434422E+00  9.760799E+00  1.404613E+01  2.106642E+01  3.162060E+01  4.555036E+01
  6.115625E+01  7.523337E+01  8.557471E+01  9.201463E+01  9.549990E+01  9.708921E+01  4.803475E+00  4.665318E+00  4.953944E+00  5.095923E+00
  5.398989E+00  6.111604E+00  7.423771E+00  9.681377E+00  1.401724E+01  2.091590E+01  3.136077E+01  4.533390E+01  6.095444E+01  7.504440E+01
  8.544934E+01  9.193157E+01  9.544056E+01  9.703416E+01
