  6.463671E-01
          18 10.0000000
 -2.000000E+01 -1.000000E+01 -2.107210E+00 -1.806180E+00 -1.505150E+00 -1.204120E+00 -9.030900E-01 -6.020600E-01 -3.010300E-01  0.000000E+00
  3.010300E-01  6.020600E-01  9.030900E-01  1.204120E+00  1.505150E+00  1.806180E+00  2.107210E+00  2.408240E+00
          10 10.0000000
  0.000000E+00  1.000000E+01  2.000000E+01  3.000000E+01  4.000000E+01  5.000000E+01  6.000000E+01  7.000000E+01  8.000000E+01  8.900000E+01
          20  2.0000000
  1.000000E+00  3.000000E+00  5.000000E+00  7.000000E+00  9.000000E+00  1.100000E+01  1.300000E+01  1.500000E+01  1.700000E+01  1.900000E+01
  2.100000E+01  2.300000E+01  2.500000E+01  2.700000E+01  2.900000E+01  3.100000E+01  3.300000E+01  3.500000E+01  3.700000E+01  3.900000E+01
  2.450268E+00  2.448462E+00  2.508809E+00  2.557858E+00  2.665129E+00  2.902242E+00  3.358630E+00  4.260306E+00  6.211066E+00  1.026792E+01
  1.794390E+01  3.160985E+01  5.015871E+01  6.809865E+01  8.148795E+01  8.993439E+01  9.472938E+01  9.730405E+01  2.484934E+00  2.483817E+00
  2.543894E+00  2.599581E+00  2.706681E+00  2.949763E+00  3.420144E+00  4.349776E+00  6.343489E+00  1.047366E+01  1.833230E+01  3.209201E+01
  5.061923E+01  6.839574E+01  8.166160E+01  9.002929E+01  9.477892E+01  9.732966E+01  2.602388E+00  2.599682E+00  2.667928E+00  2.722626E+00
  2.843508E+00  3.104420E+00  3.614982E+00  4.626658E+00  6.792638E+00  1.125894E+01  1.959526E+01  3.367886E+01  5.199353E+01  6.929427E+01
  8.218218E+01  9.031225E+01  9.492671E+01  9.740556E+01  2.817017E+00  2.814106E+00  2.892226E+00  2.957177E+00  3.098174E+00  3.400130E+00
  3.986087E+00  5.174883E+00  7.661408E+00  1.273764E+01  2.191868E+01  3.642527E+01  5.426981E+01  7.076210E+01  8.303710E+01  9.077676E+01
  9.517004E+01  9.752982E+01  3.172115E+00  3.170745E+00  3.263757E+00  3.347085E+00  3.525012E+00  3.900133E+00  4.633734E+00  6.109800E+00
  9.168399E+00  1.526860E+01  2.542529E+01  4.038849E+01  5.739788E+01  7.278056E+01  8.420734E+01  9.141214E+01  9.550240E+01  9.770000E+01
  3.760241E+00  3.758084E+00  3.883237E+00  3.999696E+00  4.243200E+00  4.759767E+00  5.773782E+00  7.777152E+00  1.181562E+01  1.929568E+01
  3.075081E+01  4.566506E+01  6.134343E+01  7.530168E+01  8.567033E+01  9.220936E+01  9.591870E+01  9.791336E+01  4.783269E+00  4.780080E+00
  4.977724E+00  5.168031E+00  5.553491E+00  6.347231E+00  7.916046E+00  1.093554E+01  1.660814E+01  2.603060E+01  3.836713E+01  5.223931E+01
  6.603549E+01  7.830303E+01  8.741161E+01  9.315582E+01  9.641423E+01  9.816681E+01  6.840964E+00  6.834533E+00  7.205049E+00  7.565994E+00
  8.280935E+00  9.742309E+00  1.251498E+01  1.747372E+01  2.569822E+01  3.666196E+01  4.820467E+01  5.990231E+01  7.146992E+01  8.177190E+01
  8.942609E+01  9.425134E+01  9.698745E+01  9.846005E+01  1.260486E+01  1.259998E+01  1.354906E+01  1.444472E+01  1.620183E+01  1.952202E+01
  2.510573E+01  3.316704E+01  4.258073E+01  5.152963E+01  5.986421E+01  6.871456E+01  7.774324E+01  8.577290E+01  9.174863E+01  9.551427E+01
  9.764910E+01  9.879830E+01  4.905381E+01  4.902396E+01  5.014117E+01  5.092860E+01  5.192300E+01  5.339730E+01  5.518607E+01  5.752905E+01
  6.093917E+01  6.509182E+01  7.032142E+01  7.666081E+01  8.341545E+01  8.937762E+01  9.383950E+01  9.665326E+01  9.824699E+01  9.910301E+01
  2.450268E+00  2.451076E+00  2.495991E+00  2.529488E+00  2.610620E+00  2.775775E+00  3.097039E+00  3.776786E+00  5.221149E+00  8.066050E+00
  1.387134E+01  2.479459E+01  4.165665E+01  6.061496E+01  7.626461E+01  8.675183E+01  9.297009E+01  9.637716E+01  2.484934E+00  2.486670E+00
  2.532024E+00  2.568203E+00  2.653840E+00  2.827979E+00  3.152561E+00  3.852731E+00  5.333527E+00  8.265819E+00  1.419788E+01  2.528220E+01
  4.216851E+01  6.099883E+01  7.649276E+01  8.687808E+01  9.303687E+01  9.641171E+01  2.602388E+00  2.603864E+00  2.652944E+00  2.690739E+00
  2.785259E+00  2.970828E+00  3.326540E+00  4.090382E+00  5.685759E+00  8.873871E+00  1.523641E+01  2.677106E+01  4.371938E+01  6.211382E+01
  7.716571E+01  8.725479E+01  9.323653E+01  9.651483E+01  2.817017E+00  2.818057E+00  2.875927E+00  2.919095E+00  3.027547E+00  3.251003E+00
  3.662180E+00  4.549860E+00  6.433469E+00  1.006330E+01  1.716693E+01  2.941171E+01  4.630766E+01  6.393540E+01  7.827299E+01  8.787160E+01
  9.356367E+01  9.668391E+01  3.172115E+00  3.174678E+00  3.245481E+00  3.303196E+00  3.437104E+00  3.708797E+00  4.237973E+00  5.343957E+00
  7.626764E+00  1.207347E+01  2.031781E+01  3.340265E+01  4.993989E+01  6.644922E+01  7.978889E+01  8.871613E+01  9.401220E+01  9.691484E+01
  3.760241E+00  3.761778E+00  3.858211E+00  3.938931E+00  4.127273E+00  4.496658E+00  5.233699E+00  6.753491E+00  9.836608E+00  1.548185E+01
  2.524614E+01  3.893696E+01  5.456376E+01  6.958842E+01  8.168427E+01  8.977296E+01  9.457180E+01  9.720412E+01  4.783269E+00  4.784090E+00
  4.935401E+00  5.071036E+00  5.367081E+00  5.951011E+00  7.099235E+00  9.389543E+00  1.381002E+01  2.135796E+01  3.266080E+01  4.612087E+01
  6.012577E+01  7.331271E+01  8.393545E+01  9.102900E+01  9.523856E+01  9.754752E+01  6.840964E+00  6.841640E+00  7.122753E+00  7.383819E+00
  7.928545E+00  8.997306E+00  1.105758E+01  1.495872E+01  2.169494E+01  3.146907E+01  4.317949E+01  5.485869E+01  6.656343E+01  7.762287E+01
  8.653118E+01  9.247834E+01  9.600702E+01  9.794388E+01  1.260486E+01  1.261212E+01  1.329655E+01  1.393431E+01  1.524508E+01  1.771275E+01
  2.203906E+01  2.909642E+01  3.832619E+01  4.754243E+01  5.625671E+01  6.492913E+01  7.393143E+01  8.254723E+01  8.950510E+01  9.413628E+01
  9.688759E+01  9.839773E+01  4.905381E+01  4.911003E+01  4.995031E+01  5.057679E+01  5.149532E+01  5.257881E+01  5.422050E+01  5.642826E+01
  5.943657E+01  6.318045E+01  6.807478E+01  7.393671E+01  8.050337E+01  8.691214E+01  9.215085E+01  9.561092E+01  9.767314E+01  9.880125E+01
  2.450268E+00  2.452385E+00  2.489503E+00  2.528790E+00  2.581085E+00  2.717294E+00  3.006428E+00  3.590203E+00  4.764834E+00  7.133314E+00
  1.221190E+01  2.198175E+01  3.796793E+01  5.712162E+01  7.363917E+01  8.512709E+01  9.204851E+01  9.588177E+01  2.484934E+00  2.485943E+00
  2.524355E+00  2.568655E+00  2.623686E+00  2.762993E+00  3.060690E+00  3.651437E+00  4.886655E+00  7.293316E+00  1.251639E+01  2.244058E+01
  3.852320E+01  5.752636E+01  7.389132E+01  8.526279E+01  9.212294E+01  9.592003E+01  2.602388E+00  2.604146E+00  2.644806E+00  2.689627E+00
  2.752131E+00  2.899346E+00  3.224654E+00  3.883392E+00  5.220332E+00  7.858467E+00  1.346890E+01  2.391752E+01  4.013172E+01  5.873619E+01
  7.463980E+01  8.569086E+01  9.234976E+01  9.603693E+01  2.817017E+00  2.818270E+00  2.866755E+00  2.914576E+00  2.988496E+00  3.165579E+00
  3.537078E+00  4.298112E+00  5.863001E+00  8.941181E+00  1.530849E+01  2.653770E+01  4.284575E+01  6.072712E+01  7.586454E+01  8.638170E+01
  9.272028E+01  9.622892E+01  3.172115E+00  3.173702E+00  3.232404E+00  3.296805E+00  3.392829E+00  3.617314E+00  4.091032E+00  5.057635E+00
  7.061654E+00  1.082868E+01  1.835085E+01  3.053915E+01  4.665688E+01  6.346226E+01  7.754471E+01  8.732346E+01  9.322697E+01  9.649162E+01
  3.760241E+00  3.762554E+00  3.841921E+00  3.926208E+00  4.071512E+00  4.390527E+00  5.043820E+00  6.392673E+00  9.067097E+00  1.410541E+01
  2.316671E+01  3.618491E+01  5.159820E+01  6.688595E+01  7.964784E+01  8.852079E+01  9.386195E+01  9.682047E+01  4.783269E+00  4.787230E+00
  4.915273E+00  5.049325E+00  5.293794E+00  5.802225E+00  6.853731E+00  8.931516E+00  1.292927E+01  1.979697E+01  3.056379E+01  4.366307E+01
  5.753833E+01  7.096244E+01  8.215639E+01  8.992467E+01  9.461810E+01  9.721237E+01  6.840964E+00  6.847401E+00  7.091603E+00  7.349648E+00
  7.821980E+00  8.795593E+00  1.072967E+01  1.433738E+01  2.054278E+01  2.982702E+01  4.126621E+01  5.281758E+01  6.441688E+01  7.567358E+01
  8.504902E+01  9.156610E+01  9.549276E+01  9.766470E+01  1.260486E+01  1.261667E+01  1.323328E+01  1.384494E+01  1.503100E+01  1.730616E+01
  2.143455E+01  2.809464E+01  3.706494E+01  4.623779E+01  5.489774E+01  6.340854E+01  7.231097E+01  8.106618E+01  8.835664E+01  9.343166E+01
  9.649233E+01  9.818258E+01  4.905381E+01  4.914698E+01  4.982445E+01  5.036803E+01  5.123971E+01  5.240506E+01  5.396821E+01  5.606861E+01
  5.876244E+01  6.240277E+01  6.700960E+01  7.278580E+01  7.917127E+01  8.577874E+01  9.125119E+01  9.505158E+01  9.736665E+01  9.863634E+01
  2.450268E+00  2.443995E+00  2.487426E+00  2.517747E+00  2.573936E+00  2.689291E+00  2.956084E+00  3.478288E+00  4.573668E+00  6.761186E+00
  1.151868E+01  2.073837E+01  3.628690E+01  5.545935E+01  7.234457E+01  8.430251E+01  9.157468E+01  9.563081E+01  2.484934E+00  2.478121E+00
  2.523225E+00  2.555808E+00  2.617507E+00  2.732930E+00  3.004747E+00  3.549307E+00  4.669514E+00  6.935443E+00  1.181527E+01  2.121020E+01
  3.682406E+01  5.588562E+01  7.260175E+01  8.445089E+01  9.165289E+01  9.566972E+01  2.602388E+00  2.594702E+00  2.643436E+00  2.677040E+00
  2.742893E+00  2.872749E+00  3.170048E+00  3.758756E+00  4.991550E+00  7.471826E+00  1.274674E+01  2.265894E+01  3.846747E+01  5.713803E+01
  7.338832E+01  8.489580E+01  9.189173E+01  9.579469E+01  2.817017E+00  2.809690E+00  2.865032E+00  2.901720E+00  2.978017E+00  3.134193E+00
  3.472771E+00  4.168080E+00  5.608422E+00  8.516488E+00  1.452228E+01  2.526488E+01  4.122628E+01  5.921177E+01  7.466881E+01  8.562640E+01
  9.228426E+01  9.599805E+01  3.172115E+00  3.165083E+00  3.230398E+00  3.281132E+00  3.379563E+00  3.578843E+00  4.013113E+00  4.900496E+00
  6.730886E+00  1.038489E+01  1.749432E+01  2.924652E+01  4.515296E+01  6.205141E+01  7.643358E+01  8.662949E+01  9.282201E+01  9.627678E+01
  3.760241E+00  3.750878E+00  3.839947E+00  3.908208E+00  4.055986E+00  4.342603E+00  4.958189E+00  6.211513E+00  8.721663E+00  1.357187E+01
  2.225417E+01  3.493654E+01  5.018592E+01  6.561456E+01  7.864526E+01  8.788499E+01  9.349496E+01  9.662682E+01  4.783269E+00  4.769792E+00
  4.910887E+00  5.025237E+00  5.275912E+00  5.742421E+00  6.743769E+00  8.702769E+00  1.248373E+01  1.916655E+01  2.964275E+01  4.250589E+01
  5.630001E+01  6.986030E+01  8.127687E+01  8.937978E+01  9.429795E+01  9.704242E+01  6.840964E+00  6.824084E+00  7.086369E+00  7.306480E+00
  7.794567E+00  8.699951E+00  1.056883E+01  1.403064E+01  2.005068E+01  2.917108E+01  4.045493E+01  5.186829E+01  6.340992E+01  7.476962E+01
  8.431947E+01  9.111069E+01  9.522585E+01  9.752422E+01  1.260486E+01  1.257525E+01  1.322177E+01  1.378045E+01  1.496928E+01  1.713436E+01
  2.114358E+01  2.763331E+01  3.642621E+01  4.573647E+01  5.431574E+01  6.269538E+01  7.154213E+01  8.038551E+01  8.779562E+01  9.308685E+01
  9.628671E+01  9.807405E+01  4.905381E+01  4.895860E+01  4.983958E+01  5.029142E+01  5.123650E+01  5.226211E+01  5.387333E+01  5.585878E+01
  5.854087E+01  6.216452E+01  6.665598E+01  7.221809E+01  7.864664E+01  8.524801E+01  9.080595E+01  9.479634E+01  9.720946E+01  9.854795E+01
  2.450268E+00  2.450998E+00  2.462823E+00  2.516044E+00  2.561069E+00  2.681132E+00  2.927264E+00  3.418672E+00  4.462396E+00  6.552861E+00
  1.100819E+01  1.997412E+01  3.527313E+01  5.441004E+01  7.155044E+01  8.377670E+01  9.126077E+01  9.546523E+01  2.484934E+00  2.486234E+00
  2.499449E+00  2.554171E+00  2.604069E+00  2.725541E+00  2.979947E+00  3.480859E+00  4.556334E+00  6.717799E+00  1.130579E+01  2.042184E+01
  3.580235E+01  5.484340E+01  7.182106E+01  8.392887E+01  9.134256E+01  9.550590E+01  2.602388E+00  2.602678E+00  2.618374E+00  2.675240E+00
  2.729385E+00  2.861322E+00  3.133701E+00  3.697646E+00  4.862237E+00  7.232886E+00  1.219334E+01  2.187060E+01  3.744865E+01  5.612730E+01
  7.262711E+01  8.438747E+01  9.158876E+01  9.563496E+01  2.817017E+00  2.817327E+00  2.840194E+00  2.901320E+00  2.962928E+00  3.119903E+00
  3.439784E+00  4.093696E+00  5.475768E+00  8.252800E+00  1.395420E+01  2.444853E+01  4.025676E+01  5.823962E+01  7.395229E+01  8.514497E+01
  9.199665E+01  9.584638E+01  3.172115E+00  3.172959E+00  3.209253E+00  3.278212E+00  3.362933E+00  3.560775E+00  3.974412E+00  4.808755E+00
  6.547411E+00  1.005989E+01  1.686101E+01  2.843551E+01  4.419172E+01  6.114665E+01  7.576682E+01  8.617899E+01  9.255383E+01  9.613587E+01
  3.760241E+00  3.760769E+00  3.815635E+00  3.907651E+00  4.034381E+00  4.322134E+00  4.914262E+00  6.093019E+00  8.530081E+00  1.318786E+01
  2.156789E+01  3.414187E+01  4.934932E+01  6.479218E+01  7.804408E+01  8.747878E+01  9.325253E+01  9.649873E+01  4.783269E+00  4.782843E+00
  4.884614E+00  5.025870E+00  5.246342E+00  5.713066E+00  6.675088E+00  8.551624E+00  1.223411E+01  1.875576E+01  2.893794E+01  4.177678E+01
  5.556200E+01  6.913895E+01  8.075716E+01  8.902462E+01  9.408427E+01  9.693136E+01  6.840964E+00  6.842067E+00  7.060749E+00  7.312356E+00
  7.753570E+00  8.671701E+00  1.047455E+01  1.382100E+01  1.974228E+01  2.873471E+01  3.980457E+01  5.125274E+01  6.282643E+01  7.417756E+01
  8.390031E+01  9.081668E+01  9.504897E+01  9.743227E+01  1.260486E+01  1.260387E+01  1.319364E+01  1.378932E+01  1.489740E+01  1.705610E+01
  2.098755E+01  2.732106E+01  3.605303E+01  4.536471E+01  5.384266E+01  6.224328E+01  7.109392E+01  7.992484E+01  8.748780E+01  9.286338E+01
  9.615042E+01  9.800386E+01  4.905381E+01  4.907531E+01  4.976726E+01  5.037953E+01  5.112424E+01  5.228234E+01  5.377883E+01  5.572160E+01
  5.840379E+01  6.184270E+01  6.634595E+01  7.180961E+01  7.822238E+01  8.487913E+01  9.058419E+01  9.462654E+01  9.709666E+01  9.849634E+01
  2.450268E+00  2.450458E+00  2.480075E+00  2.512495E+00  2.564371E+00  2.678334E+00  2.908915E+00  3.389297E+00  4.384420E+00  6.437329E+00
  1.069229E+01  1.946614E+01  3.453628E+01  5.371298E+01  7.098251E+01  8.339668E+01  9.105824E+01  9.535500E+01  2.484934E+00  2.485511E+00
  2.515784E+00  2.550924E+00  2.605876E+00  2.724529E+00  2.954614E+00  3.457744E+00  4.482260E+00  6.588617E+00  1.097584E+01  1.993943E+01
  3.509238E+01  5.414491E+01  7.125293E+01  8.355104E+01  9.114050E+01  9.539631E+01  2.602388E+00  2.601980E+00  2.634232E+00  2.672285E+00
  2.730372E+00  2.860485E+00  3.112933E+00  3.657129E+00  4.775362E+00  7.091639E+00  1.186643E+01  2.136110E+01  3.675996E+01  5.544604E+01
  7.207834E+01  8.402236E+01  9.139436E+01  9.552856E+01  2.817017E+00  2.816913E+00  2.855815E+00  2.897068E+00  2.965500E+00  3.114710E+00
  3.409265E+00  4.052861E+00  5.383512E+00  8.101278E+00  1.358875E+01  2.393745E+01  3.956152E+01  5.759682E+01  7.342664E+01  8.479362E+01
  9.181038E+01  9.574499E+01  3.172115E+00  3.172752E+00  3.221102E+00  3.274616E+00  3.362986E+00  3.556064E+00  3.938727E+00  4.757329E+00
  6.442507E+00  9.865808E+00  1.648424E+01  2.791415E+01  4.356192E+01  6.054846E+01  7.527502E+01  8.585294E+01  9.238054E+01  9.604171E+01
  3.760241E+00  3.758632E+00  3.828047E+00  3.902475E+00  4.033094E+00  4.320004E+00  4.875542E+00  6.040709E+00  8.389175E+00  1.298793E+01
  2.117609E+01  3.363943E+01  4.876278E+01  6.424784E+01  7.759614E+01  8.718016E+01  9.309586E+01  9.641397E+01  4.783269E+00  4.781066E+00
  4.894318E+00  5.021042E+00  5.243792E+00  5.707655E+00  6.625247E+00  8.484164E+00  1.209044E+01  1.851893E+01  2.851589E+01  4.134235E+01
  5.506667E+01  6.867276E+01  8.036508E+01  8.876241E+01  9.394977E+01  9.685780E+01  6.840964E+00  6.836538E+00  7.065022E+00  7.309159E+00
  7.748870E+00  8.662688E+00  1.041322E+01  1.373778E+01  1.956348E+01  2.845212E+01  3.941923E+01  5.094989E+01  6.239300E+01  7.379483E+01
  8.356959E+01  9.059515E+01  9.493632E+01  9.737173E+01  1.260486E+01  1.260092E+01  1.317835E+01  1.378260E+01  1.488481E+01  1.704730E+01
  2.088526E+01  2.715837E+01  3.588096E+01  4.516358E+01  5.355077E+01  6.206200E+01  7.078841E+01  7.963685E+01  8.722980E+01  9.268883E+01
  9.606323E+01  9.795893E+01  4.905381E+01  4.907993E+01  4.971550E+01  5.037140E+01  5.111051E+01  5.234418E+01  5.375517E+01  5.562968E+01
  5.830231E+01  6.180525E+01  6.613612E+01  7.170318E+01  7.797750E+01  8.464891E+01  9.038487E+01  9.449179E+01  9.703278E+01  9.846269E+01
  2.450268E+00  2.446702E+00  2.479009E+00  2.504686E+00  2.563110E+00  2.667048E+00  2.890329E+00  3.373558E+00  4.333903E+00  6.350385E+00
  1.050486E+01  1.909221E+01  3.400629E+01  5.312612E+01  7.055687E+01  8.312592E+01  9.089391E+01  9.526066E+01  2.484934E+00  2.483515E+00
  2.514314E+00  2.540883E+00  2.605561E+00  2.708209E+00  2.941719E+00  3.438164E+00  4.416454E+00  6.505161E+00  1.077535E+01  1.955224E+01
  3.455330E+01  5.357019E+01  7.083607E+01  8.328346E+01  9.097852E+01  9.530327E+01  2.602388E+00  2.598729E+00  2.634277E+00  2.662976E+00
  2.729498E+00  2.842314E+00  3.092673E+00  3.637490E+00  4.722175E+00  6.997860E+00  1.165634E+01  2.098048E+01  3.622509E+01  5.489838E+01
  7.167075E+01  8.376290E+01  9.123645E+01  9.543779E+01  2.817017E+00  2.812019E+00  2.854309E+00  2.887797E+00  2.964469E+00  3.099280E+00
  3.394867E+00  4.023467E+00  5.329218E+00  7.996006E+00  1.336719E+01  2.354144E+01  3.905074E+01  5.705906E+01  7.303937E+01  8.454642E+01
  9.166024E+01  9.565794E+01  3.172115E+00  3.169022E+00  3.219882E+00  3.263559E+00  3.361845E+00  3.537117E+00  3.917942E+00  4.737413E+00
  6.370431E+00  9.750060E+00  1.626184E+01  2.751564E+01  4.307972E+01  6.005322E+01  7.491941E+01  8.562571E+01  9.224155E+01  9.596024E+01
  3.760241E+00  3.755635E+00  3.828307E+00  3.889594E+00  4.032036E+00  4.289279E+00  4.845395E+00  6.000054E+00  8.300768E+00  1.284793E+01
  2.091974E+01  3.324760E+01  4.829156E+01  6.380349E+01  7.727766E+01  8.697505E+01  9.296994E+01  9.633942E+01  4.783269E+00  4.777792E+00
  4.895458E+00  5.005378E+00  5.235882E+00  5.673654E+00  6.587458E+00  8.448353E+00  1.196853E+01  1.835943E+01  2.827445E+01  4.095695E+01
  5.464116E+01  6.828138E+01  8.008778E+01  8.858584E+01  9.383958E+01  9.679128E+01  6.840964E+00  6.829002E+00  7.064480E+00  7.286920E+00
  7.748767E+00  8.619306E+00  1.035431E+01  1.368575E+01  1.944588E+01  2.825682E+01  3.921507E+01  5.058268E+01  6.205712E+01  7.346306E+01
  8.334727E+01  9.045212E+01  9.484605E+01  9.731621E+01  1.260486E+01  1.259034E+01  1.318260E+01  1.374754E+01  1.486843E+01  1.694631E+01
  2.078481E+01  2.712024E+01  3.573642E+01  4.501804E+01  5.342654E+01  6.175121E+01  7.052960E+01  7.938303E+01  8.706550E+01  9.258363E+01
  9.599651E+01  9.791493E+01  4.905381E+01  4.899960E+01  4.971672E+01  5.027539E+01  5.110313E+01  5.217701E+01  5.367714E+01  5.566629E+01
  5.826232E+01  6.169880E+01  6.604627E+01  7.149107E+01  7.783402E+01  8.445076E+01  9.025180E+01  9.441018E+01  9.698172E+01  9.842612E+01
  2.450268E+00  2.449963E+00  2.474611E+00  2.503167E+00  2.555101E+00  2.659957E+00  2.882194E+00  3.351785E+00  4.314188E+00  6.255429E+00
  1.028339E+01  1.877789E+01  3.358885E+01  5.269134E+01  7.021622E+01  8.289835E+01  9.076595E+01  9.518681E+01  2.484934E+00  2.483882E+00
  2.508571E+00  2.538787E+00  2.595617E+00  2.703459E+00  2.934247E+00  3.414358E+00  4.392058E+00  6.400119E+00  1.055654E+01  1.922442E+01
  3.413453E+01  5.313891E+01  7.049702E+01  8.305824E+01  9.085143E+01  9.523065E+01  2.602388E+00  2.601127E+00  2.628278E+00  2.661237E+00
  2.719126E+00  2.836589E+00  3.082973E+00  3.618104E+00  4.688694E+00  6.888891E+00  1.142708E+01  2.064437E+01  3.581116E+01  5.446555E+01
  7.134391E+01  8.354360E+01  9.111340E+01  9.536669E+01  2.817017E+00  2.816093E+00  2.848332E+00  2.885964E+00  2.952919E+00  3.090219E+00
  3.381454E+00  3.999520E+00  5.285859E+00  7.889310E+00  1.309790E+01  2.318183E+01  3.865110E+01  5.665656E+01  7.272807E+01  8.434013E+01
  9.154431E+01  9.559087E+01  3.172115E+00  3.171406E+00  3.213634E+00  3.261597E+00  3.348418E+00  3.529105E+00  3.902009E+00  4.693834E+00
  6.306976E+00  9.616453E+00  1.595783E+01  2.716937E+01  4.268923E+01  5.967441E+01  7.463343E+01  8.543297E+01  9.213398E+01  9.589781E+01
  3.760241E+00  3.760558E+00  3.820593E+00  3.887173E+00  4.017697E+00  4.278683E+00  4.825256E+00  5.960512E+00  8.236083E+00  1.270665E+01
  2.066364E+01  3.290203E+01  4.794233E+01  6.346308E+01  7.701574E+01  8.680377E+01  9.287298E+01  9.628273E+01  4.783269E+00  4.780380E+00
  4.886212E+00  5.004972E+00  5.218052E+00  5.659992E+00  6.556272E+00  8.382517E+00  1.188586E+01  1.819985E+01  2.798714E+01  4.062388E+01
  5.434260E+01  6.798487E+01  7.986050E+01  8.843816E+01  9.375639E+01  9.674332E+01  6.840964E+00  6.841993E+00  7.055021E+00  7.286671E+00
  7.721244E+00  8.604934E+00  1.031582E+01  1.360271E+01  1.932349E+01  2.810066E+01  3.893253E+01  5.027901E+01  6.182050E+01  7.322588E+01
  8.315955E+01  9.033282E+01  9.477838E+01  9.727652E+01  1.260486E+01  1.260668E+01  1.316586E+01  1.375228E+01  1.483645E+01  1.691001E+01
  2.072013E+01  2.699053E+01  3.556293E+01  4.485056E+01  5.320685E+01  6.150576E+01  7.035241E+01  7.921030E+01  8.692595E+01  9.249654E+01
  9.594674E+01  9.788485E+01  4.905381E+01  4.905668E+01  4.970846E+01  5.027474E+01  5.107796E+01  5.216502E+01  5.362331E+01  5.560049E+01
  5.815257E+01  6.161116E+01  6.590437E+01  7.131435E+01  7.767479E+01  8.431233E+01  9.013384E+01  9.434292E+01  9.694268E+01  9.840408E+01
  2.450268E+00  2.441525E+00  2.474901E+00  2.503227E+00  2.554502E+00  2.655341E+00  2.883364E+00  3.345798E+00  4.270805E+00  6.188972E+00
  1.020236E+01  1.851341E+01  3.323955E+01  5.222316E+01  6.994562E+01  8.270974E+01  9.065421E+01  9.512814E+01  2.484934E+00  2.476989E+00
  2.509686E+00  2.539390E+00  2.593202E+00  2.699497E+00  2.931948E+00  3.387694E+00  4.356365E+00  6.331187E+00  1.047648E+01  1.897342E+01
  3.379594E+01  5.265201E+01  7.022968E+01  8.287296E+01  9.074146E+01  9.517176E+01  2.602388E+00  2.593504E+00  2.629783E+00  2.661498E+00
  2.718640E+00  2.832273E+00  3.081948E+00  3.593704E+00  4.645160E+00  6.821431E+00  1.134477E+01  2.037281E+01  3.547441E+01  5.400108E+01
  7.108185E+01  8.336162E+01  9.100616E+01  9.531023E+01  2.817017E+00  2.807099E+00  2.849650E+00  2.886115E+00  2.950167E+00  3.085230E+00
  3.376374E+00  3.978566E+00  5.233553E+00  7.786106E+00  1.302938E+01  2.294088E+01  3.831811E+01  5.622031E+01  7.248038E+01  8.416546E+01
  9.144060E+01  9.553686E+01  3.172115E+00  3.162900E+00  3.215259E+00  3.261439E+00  3.345360E+00  3.521336E+00  3.902354E+00  4.678276E+00
  6.265975E+00  9.527772E+00  1.588956E+01  2.693010E+01  4.236196E+01  5.925487E+01  7.440018E+01  8.527087E+01  9.203761E+01  9.584792E+01
  3.760241E+00  3.750067E+00  3.822291E+00  3.887302E+00  4.013338E+00  4.266269E+00  4.819425E+00  5.930525E+00  8.185322E+00  1.256846E+01
  2.050657E+01  3.267043E+01  4.767284E+01  6.306583E+01  7.680733E+01  8.665466E+01  9.278537E+01  9.623805E+01  4.783269E+00  4.769119E+00
  4.884576E+00  5.004611E+00  5.212607E+00  5.646776E+00  6.547890E+00  8.348861E+00  1.183505E+01  1.808307E+01  2.782619E+01  4.040401E+01
  5.411401E+01  6.764423E+01  7.967802E+01  8.830862E+01  9.367927E+01  9.670374E+01  6.840964E+00  6.822646E+00  7.051840E+00  7.284242E+00
  7.709864E+00  8.578209E+00  1.031301E+01  1.356128E+01  1.927483E+01  2.796264E+01  3.880108E+01  5.014720E+01  6.161124E+01  7.288902E+01
  8.301003E+01  9.022369E+01  9.471481E+01  9.724354E+01  1.260486E+01  1.257626E+01  1.315273E+01  1.374830E+01  1.481439E+01  1.687426E+01
  2.069705E+01  2.693236E+01  3.551589E+01  4.474615E+01  5.311280E+01  6.138626E+01  7.019453E+01  7.895983E+01  8.681050E+01  9.241148E+01
  9.589687E+01  9.785978E+01  4.905381E+01  4.896603E+01  4.964640E+01  5.028279E+01  5.103933E+01  5.212664E+01  5.363450E+01  5.555951E+01
  5.816848E+01  6.158709E+01  6.585341E+01  7.117806E+01  7.754468E+01  8.415654E+01  9.004178E+01  9.427273E+01  9.690398E+01  9.838589E+01
  2.450268E+00  2.449336E+00  2.470262E+00  2.507764E+00  2.544164E+00  2.656102E+00  2.872274E+00  3.331563E+00  4.248687E+00  6.123921E+00
  1.012640E+01  1.839061E+01  3.297669E+01  5.199820E+01  6.967933E+01  8.254018E+01  9.056043E+01  9.507661E+01  2.484934E+00  2.484792E+00
  2.505368E+00  2.542231E+00  2.583348E+00  2.700144E+00  2.911611E+00  3.390666E+00  4.326084E+00  6.251040E+00  1.038135E+01  1.883663E+01
  3.354393E+01  5.245230E+01  6.996605E+01  8.270440E+01  9.064774E+01  9.512112E+01  2.602388E+00  2.602389E+00  2.625160E+00  2.665394E+00
  2.708938E+00  2.832664E+00  3.073227E+00  3.587367E+00  4.619306E+00  6.733584E+00  1.124311E+01  2.023854E+01  3.523239E+01  5.379815E+01
  7.082327E+01  8.319751E+01  9.091518E+01  9.526063E+01  2.817017E+00  2.816951E+00  2.844889E+00  2.889123E+00  2.940743E+00  3.086472E+00
  3.360448E+00  3.968748E+00  5.182673E+00  7.698243E+00  1.292111E+01  2.279385E+01  3.807649E+01  5.601926E+01  7.223610E+01  8.400813E+01
  9.135458E+01  9.549007E+01  3.172115E+00  3.172321E+00  3.212394E+00  3.264390E+00  3.336548E+00  3.520114E+00  3.883459E+00  4.656734E+00
  6.217350E+00  9.416875E+00  1.577100E+01  2.676819E+01  4.215524E+01  5.907645E+01  7.416957E+01  8.512312E+01  9.195696E+01  9.580407E+01
  3.760241E+00  3.759868E+00  3.817482E+00  3.892154E+00  4.001999E+00  4.268022E+00  4.799767E+00  5.906375E+00  8.137070E+00  1.248501E+01
  2.039038E+01  3.249192E+01  4.745827E+01  6.291617E+01  7.659713E+01  8.652036E+01  9.271350E+01  9.619833E+01  4.783269E+00  4.780364E+00
  4.882597E+00  5.007001E+00  5.202334E+00  5.646022E+00  6.525168E+00  8.325770E+00  1.176888E+01  1.795670E+01  2.773477E+01  4.025959E+01
  5.392353E+01  6.750464E+01  7.949480E+01  8.818901E+01  9.361636E+01  9.666904E+01  6.840964E+00  6.838041E+00  7.053600E+00  7.287280E+00
  7.701547E+00  8.583587E+00  1.028660E+01  1.353998E+01  1.917714E+01  2.782739E+01  3.872723E+01  4.999405E+01  6.145832E+01  7.282001E+01
  8.285535E+01  9.012222E+01  9.466279E+01  9.721498E+01  1.260486E+01  1.260423E+01  1.316248E+01  1.375506E+01  1.480049E+01  1.689209E+01
  2.064935E+01  2.689109E+01  3.541177E+01  4.463602E+01  5.308293E+01  6.130299E+01  7.009060E+01  7.889549E+01  8.669012E+01  9.233043E+01
  9.585780E+01  9.783812E+01  4.905381E+01  4.906204E+01  4.969640E+01  5.029544E+01  5.101596E+01  5.219170E+01  5.364352E+01  5.555309E+01
  5.811336E+01  6.147720E+01  6.581626E+01  7.115379E+01  7.744756E+01  8.408808E+01  8.995251E+01  9.421381E+01  9.687362E+01  9.836915E+01
  2.450268E+00  2.445393E+00  2.478566E+00  2.503996E+00  2.559487E+00  2.654534E+00  2.896576E+00  3.319064E+00  4.225512E+00  6.079814E+00
  9.941618E+00  1.819629E+01  3.275750E+01  5.180366E+01  6.948681E+01  8.241365E+01  9.048142E+01  9.503408E+01  2.484934E+00  2.481575E+00
  2.513637E+00  2.539169E+00  2.598565E+00  2.697692E+00  2.938519E+00  3.377792E+00  4.307764E+00  6.225082E+00  1.022528E+01  1.863076E+01
  3.332091E+01  5.225318E+01  6.977332E+01  8.257925E+01  9.056931E+01  9.507869E+01  2.602388E+00  2.597515E+00  2.634163E+00  2.661889E+00
  2.723048E+00  2.829607E+00  3.100861E+00  3.574985E+00  4.592262E+00  6.705571E+00  1.111145E+01  2.004023E+01  3.499221E+01  5.360491E+01
  7.063948E+01  8.307663E+01  9.083936E+01  9.522012E+01  2.817017E+00  2.812146E+00  2.852707E+00  2.885263E+00  2.952830E+00  3.082568E+00
  3.396616E+00  3.950073E+00  5.156353E+00  7.658030E+00  1.275003E+01  2.260212E+01  3.785669E+01  5.583723E+01  7.205201E+01  8.389512E+01
  9.128259E+01  9.545038E+01  3.172115E+00  3.166402E+00  3.218670E+00  3.262573E+00  3.350058E+00  3.516218E+00  3.937248E+00  4.638778E+00
  6.189987E+00  9.371477E+00  1.558274E+01  2.657814E+01  4.193764E+01  5.891350E+01  7.400404E+01  8.501677E+01  9.188882E+01  9.576704E+01
  3.760241E+00  3.754232E+00  3.825597E+00  3.886006E+00  4.014528E+00  4.263494E+00  4.830835E+00  5.885754E+00  8.087421E+00  1.240371E+01
  2.019844E+01  3.230863E+01  4.724912E+01  6.276701E+01  7.644425E+01  8.642517E+01  9.265113E+01  9.616490E+01  4.783269E+00  4.772831E+00
  4.892323E+00  5.002409E+00  5.217400E+00  5.640216E+00  6.582318E+00  8.294822E+00  1.171305E+01  1.786991E+01  2.755336E+01  4.008953E+01
  5.373571E+01  6.738691E+01  7.936030E+01  8.810597E+01  9.356149E+01  9.663978E+01  6.840964E+00  6.832341E+00  7.062122E+00  7.278575E+00
  7.721744E+00  8.569288E+00  1.032942E+01  1.349591E+01  1.910978E+01  2.776661E+01  3.856972E+01  4.982310E+01  6.131828E+01  7.273872E+01
  8.274181E+01  9.005663E+01  9.461729E+01  9.719030E+01  1.260486E+01  1.258613E+01  1.317332E+01  1.373793E+01  1.482227E+01  1.685790E+01
  2.074980E+01  2.683182E+01  3.535481E+01  4.459237E+01  5.277631E+01  6.118205E+01  6.997742E+01  7.883421E+01  8.659873E+01  9.228175E+01
  9.582162E+01  9.781902E+01  4.905381E+01  4.903178E+01  4.971758E+01  5.025286E+01  5.108097E+01  5.215002E+01  5.359969E+01  5.550533E+01
  5.806703E+01  6.148920E+01  6.552429E+01  7.103469E+01  7.737307E+01  8.400891E+01  8.986967E+01  9.417605E+01  9.684531E+01  9.835355E+01
  2.450268E+00  2.444020E+00  2.472517E+00  2.504323E+00  2.547973E+00  2.646375E+00  2.858042E+00  3.305474E+00  4.249613E+00  6.043056E+00
  9.988308E+00  1.803675E+01  3.259032E+01  5.162505E+01  6.930454E+01  8.230348E+01  9.042671E+01  9.500375E+01  2.484934E+00  2.480074E+00
  2.508664E+00  2.540202E+00  2.587063E+00  2.689472E+00  2.902823E+00  3.365651E+00  4.313483E+00  6.151192E+00  1.023821E+01  1.848136E+01
  3.314193E+01  5.208034E+01  6.959713E+01  8.247001E+01  9.051538E+01  9.504914E+01  2.602388E+00  2.596018E+00  2.627532E+00  2.662402E+00
  2.710627E+00  2.823344E+00  3.057525E+00  3.556816E+00  4.604444E+00  6.629769E+00  1.110351E+01  1.989290E+01  3.482924E+01  5.344310E+01
  7.046881E+01  8.297057E+01  9.078618E+01  9.519111E+01  2.817017E+00  2.810229E+00  2.847980E+00  2.886534E+00  2.943066E+00  3.072560E+00
  3.344033E+00  3.936654E+00  5.212825E+00  7.609186E+00  1.276394E+01  2.242472E+01  3.770358E+01  5.567459E+01  7.189385E+01  8.379318E+01
  9.123145E+01  9.542316E+01  3.172115E+00  3.165301E+00  3.212601E+00  3.261740E+00  3.336372E+00  3.506580E+00  3.862370E+00  4.623234E+00
  6.283463E+00  9.334932E+00  1.560861E+01  2.638637E+01  4.178782E+01  5.876159E+01  7.384984E+01  8.492111E+01  9.184181E+01  9.574226E+01
  3.760241E+00  3.751793E+00  3.819444E+00  3.884445E+00  4.003450E+00  4.252225E+00  4.774128E+00  5.866445E+00  8.137614E+00  1.232142E+01
  2.020355E+01  3.213660E+01  4.712027E+01  6.264669E+01  7.630497E+01  8.633841E+01  9.261019E+01  9.614253E+01  4.783269E+00  4.771354E+00
  4.885393E+00  4.997878E+00  5.201463E+00  5.628849E+00  6.497870E+00  8.274016E+00  1.173286E+01  1.778705E+01  2.753341E+01  3.996389E+01
  5.362568E+01  6.728173E+01  7.923775E+01  8.803001E+01  9.352664E+01  9.662061E+01  6.840964E+00  6.826588E+00  7.051956E+00  7.273457E+00
  7.703515E+00  8.549029E+00  1.024331E+01  1.346076E+01  1.913833E+01  2.767855E+01  3.854786E+01  4.970757E+01  6.123397E+01  7.264593E+01
  8.264056E+01  8.999293E+01  9.458745E+01  9.717482E+01  1.260486E+01  1.257689E+01  1.316021E+01  1.372601E+01  1.480674E+01  1.683350E+01
  2.058769E+01  2.679373E+01  3.541145E+01  4.453220E+01  5.299817E+01  6.109772E+01  6.991974E+01  7.877946E+01  8.652547E+01  9.223272E+01
  9.579921E+01  9.780766E+01  4.905381E+01  4.898712E+01  4.970237E+01  5.025574E+01  5.104607E+01  5.210598E+01  5.360161E+01  5.551474E+01
  5.814014E+01  6.137638E+01  6.571157E+01  7.096170E+01  7.732661E+01  8.397437E+01  8.981004E+01  9.413871E+01  9.682413E+01  9.834472E+01
  2.450268E+00  2.445545E+00  2.480807E+00  2.496264E+00  2.543199E+00  2.647837E+00  2.863758E+00  3.314275E+00  4.192450E+00  5.996408E+00
  9.901410E+00  1.781914E+01  3.243127E+01  5.141204E+01  6.920588E+01  8.220654E+01  9.036250E+01  9.497401E+01  2.484934E+00  2.481176E+00
  2.515845E+00  2.532316E+00  2.583660E+00  2.690680E+00  2.905941E+00  3.374769E+00  4.275942E+00  6.119373E+00  1.014091E+01  1.833670E+01
  3.299542E+01  5.186981E+01  6.949541E+01  8.237296E+01  9.045184E+01  9.501929E+01  2.602388E+00  2.597035E+00  2.634928E+00  2.654459E+00
  2.706165E+00  2.822048E+00  3.058544E+00  3.572338E+00  4.559915E+00  6.603950E+00  1.100654E+01  1.970530E+01  3.468890E+01  5.323835E+01
  7.036591E+01  8.287590E+01  9.072465E+01  9.516160E+01  2.817017E+00  2.812756E+00  2.854594E+00  2.877566E+00  2.937181E+00  3.074238E+00
  3.345038E+00  3.949533E+00  5.118739E+00  7.554985E+00  1.270024E+01  2.229605E+01  3.756632E+01  5.548785E+01  7.179524E+01  8.370361E+01
  9.117233E+01  9.539525E+01  3.172115E+00  3.167989E+00  3.220226E+00  3.252846E+00  3.332765E+00  3.505490E+00  3.864160E+00  4.630544E+00
  6.146940E+00  9.258477E+00  1.549425E+01  2.614262E+01  4.165150E+01  5.858004E+01  7.376109E+01  8.483832E+01  9.178679E+01  9.571656E+01
  3.760241E+00  3.754461E+00  3.827081E+00  3.877788E+00  3.998682E+00  4.248146E+00  4.777915E+00  5.873554E+00  8.046227E+00  1.228650E+01
  2.015177E+01  3.231335E+01  4.699563E+01  6.246349E+01  7.622573E+01  8.626060E+01  9.255894E+01  9.611822E+01  4.783269E+00  4.776320E+00
  4.894248E+00  4.992342E+00  5.194481E+00  5.623699E+00  6.502140E+00  8.277302E+00  1.165862E+01  1.772082E+01  2.745392E+01  4.006524E+01
  5.352450E+01  6.711169E+01  7.917398E+01  8.796088E+01  9.347957E+01  9.659983E+01  6.840964E+00  6.830342E+00  7.062719E+00  7.270129E+00
  7.693419E+00  8.542418E+00  1.023413E+01  1.346818E+01  1.905166E+01  2.758840E+01  3.845667E+01  4.997013E+01  6.114093E+01  7.250330E+01
  8.258748E+01  8.993478E+01  9.454925E+01  9.715673E+01  1.260486E+01  1.258835E+01  1.317463E+01  1.372871E+01  1.478803E+01  1.682017E+01
  2.059595E+01  2.679185E+01  3.527213E+01  4.447285E+01  5.287701E+01  6.120663E+01  6.984914E+01  7.864912E+01  8.648740E+01  9.218626E+01
  9.576918E+01  9.779276E+01  4.905381E+01  4.899070E+01  4.971644E+01  5.024350E+01  5.102221E+01  5.209826E+01  5.362392E+01  5.552589E+01
  5.804014E+01  6.138541E+01  6.558542E+01  7.101435E+01  7.728947E+01  8.386623E+01  8.979385E+01  9.410658E+01  9.680448E+01  9.833211E+01
  2.450268E+00  2.446310E+00  2.473026E+00  2.502134E+00  2.550711E+00  2.643591E+00  2.859757E+00  3.301362E+00  4.207146E+00  5.962960E+00
  9.822349E+00  1.781327E+01  3.229059E+01  5.124300E+01  6.907996E+01  8.213354E+01  9.031236E+01  9.494900E+01  2.484934E+00  2.482106E+00
  2.508734E+00  2.537466E+00  2.592096E+00  2.688159E+00  2.904730E+00  3.363676E+00  4.286293E+00  6.109849E+00  1.006116E+01  1.825452E+01
  3.284321E+01  5.171642E+01  6.937182E+01  8.230078E+01  9.040205E+01  9.499429E+01  2.602388E+00  2.597811E+00  2.627415E+00  2.659788E+00
  2.713348E+00  2.819979E+00  3.055463E+00  3.559095E+00  4.574339E+00  6.579614E+00  1.092116E+01  1.966466E+01  3.453413E+01  5.307325E+01
  7.024836E+01  8.280669E+01  9.067664E+01  9.513837E+01  2.817017E+00  2.812402E+00  2.846987E+00  2.883596E+00  2.946765E+00  3.076749E+00
  3.347593E+00  3.932166E+00  5.120335E+00  7.514694E+00  1.256486E+01  2.220712E+01  3.740536E+01  5.534017E+01  7.168557E+01  8.363818E+01
  9.112657E+01  9.537337E+01  3.172115E+00  3.168579E+00  3.211563E+00  3.258266E+00  3.339079E+00  3.505468E+00  3.858998E+00  4.609476E+00
  6.151318E+00  9.217151E+00  1.539734E+01  2.617279E+01  4.151916E+01  5.844458E+01  7.365859E+01  8.477773E+01  9.174459E+01  9.569536E+01
  3.760241E+00  3.755506E+00  3.818861E+00  3.883506E+00  4.005144E+00  4.247473E+00  4.767935E+00  5.855319E+00  8.037049E+00  1.224287E+01
  1.998457E+01  3.194181E+01  4.687276E+01  6.233905E+01  7.613620E+01  8.620868E+01  9.252087E+01  9.610068E+01  4.783269E+00  4.775262E+00
  4.884056E+00  4.997887E+00  5.203284E+00  5.623550E+00  6.493157E+00  8.260176E+00  1.167659E+01  1.768591E+01  2.730842E+01  3.974676E+01
  5.341882E+01  6.700801E+01  7.909687E+01  8.791714E+01  9.344718E+01  9.658366E+01  6.840964E+00  6.830945E+00  7.048774E+00  7.275146E+00
  7.704058E+00  8.548325E+00  1.022807E+01  1.343899E+01  1.906774E+01  2.755987E+01  3.835101E+01  4.953555E+01  6.105922E+01  7.241977E+01
  8.253020E+01  8.989995E+01  9.452313E+01  9.714423E+01  1.260486E+01  1.259044E+01  1.315353E+01  1.373585E+01  1.480018E+01  1.681232E+01
  2.056999E+01  2.675600E+01  3.531670E+01  4.442294E+01  5.278634E+01  6.098946E+01  6.980666E+01  7.858703E+01  8.644730E+01  9.216252E+01
  9.575010E+01  9.778415E+01  4.905381E+01  4.899815E+01  4.969563E+01  5.027523E+01  5.105603E+01  5.212337E+01  5.359906E+01  5.551308E+01
  5.810395E+01  6.134640E+01  6.558511E+01  7.086475E+01  7.724182E+01  8.381429E+01  8.976552E+01  9.408376E+01  9.678996E+01  9.832481E+01
  2.450268E+00  2.448387E+00  2.469787E+00  2.501740E+00  2.549826E+00  2.629051E+00  2.849358E+00  3.302263E+00  4.163747E+00  5.943418E+00
  9.788526E+00  1.772916E+01  3.208313E+01  5.111742E+01  6.891132E+01  8.203979E+01  9.026051E+01  9.491960E+01  2.484934E+00  2.483724E+00
  2.504062E+00  2.536383E+00  2.590378E+00  2.671631E+00  2.895003E+00  3.357280E+00  4.254105E+00  6.071090E+00  1.002875E+01  1.816022E+01
  3.265071E+01  5.157682E+01  6.920677E+01  8.220975E+01  9.035088E+01  9.496591E+01  2.602388E+00  2.600158E+00  2.624440E+00  2.659279E+00
  2.712213E+00  2.806042E+00  3.045726E+00  3.551428E+00  4.529794E+00  6.534029E+00  1.087847E+01  1.956568E+01  3.435669E+01  5.294954E+01
  7.008679E+01  8.271924E+01  9.062619E+01  9.510976E+01  2.817017E+00  2.815345E+00  2.842013E+00  2.884065E+00  2.944782E+00  3.065838E+00
  3.333114E+00  3.921076E+00  5.078320E+00  7.480224E+00  1.254188E+01  2.215312E+01  3.725159E+01  5.521059E+01  7.153059E+01  8.355122E+01
  9.107876E+01  9.534642E+01  3.172115E+00  3.171317E+00  3.209045E+00  3.258240E+00  3.336945E+00  3.493294E+00  3.845313E+00  4.611160E+00
  6.104238E+00  9.175560E+00  1.537283E+01  2.605432E+01  4.134095E+01  5.832496E+01  7.351304E+01  8.469843E+01  9.170069E+01  9.567048E+01
  3.760241E+00  3.758457E+00  3.815658E+00  3.882329E+00  4.002143E+00  4.248677E+00  4.751006E+00  5.842454E+00  7.989222E+00  1.221589E+01
  1.995542E+01  3.181502E+01  4.670668E+01  6.223629E+01  7.600396E+01  8.613506E+01  9.248023E+01  9.607780E+01  4.783269E+00  4.780136E+00
  4.880280E+00  4.998318E+00  5.198617E+00  5.610927E+00  6.481287E+00  8.250841E+00  1.159394E+01  1.762518E+01  2.728958E+01  3.968958E+01
  5.325779E+01  6.692054E+01  7.897141E+01  8.785085E+01  9.341195E+01  9.656461E+01  6.840964E+00  6.836668E+00  7.047378E+00  7.272429E+00
  7.695158E+00  8.557035E+00  1.020408E+01  1.342890E+01  1.897539E+01  2.750098E+01  3.832213E+01  4.944210E+01  6.091722E+01  7.235075E+01
  8.241824E+01  8.984349E+01  9.449331E+01  9.712859E+01  1.260486E+01  1.259609E+01  1.315193E+01  1.372270E+01  1.478418E+01  1.683783E+01
  2.054183E+01  2.672417E+01  3.518466E+01  4.436781E+01  5.277511E+01  6.096396E+01  6.967132E+01  7.854729E+01  8.635590E+01  9.211819E+01
  9.572723E+01  9.777225E+01  4.905381E+01  4.902599E+01  4.969135E+01  5.020713E+01  5.101681E+01  5.220430E+01  5.360878E+01  5.550996E+01
  5.796702E+01  6.136280E+01  6.560056E+01  7.088271E+01  7.708719E+01  8.379737E+01  8.968768E+01  9.404028E+01  9.677294E+01  9.831676E+01
  2.450268E+00  2.446388E+00  2.470729E+00  2.496390E+00  2.545171E+00  2.639686E+00  2.849793E+00  3.280578E+00  4.206476E+00  5.940110E+00
  9.678523E+00  1.766861E+01  3.200578E+01  5.099058E+01  6.882546E+01  8.194591E+01  9.021804E+01  9.489407E+01  2.484934E+00  2.482144E+00
  2.505783E+00  2.531829E+00  2.586987E+00  2.680153E+00  2.894311E+00  3.337254E+00  4.248104E+00  6.084420E+00  9.934950E+00  1.811169E+01
  3.255644E+01  5.145034E+01  6.912000E+01  8.212370E+01  9.030869E+01  9.494003E+01  2.602388E+00  2.598711E+00  2.625688E+00  2.654668E+00
  2.709437E+00  2.815961E+00  3.044511E+00  3.531813E+00  4.528453E+00  6.550258E+00  1.078727E+01  1.951494E+01  3.425963E+01  5.283010E+01
  7.000224E+01  8.263449E+01  9.058559E+01  9.508502E+01  2.817017E+00  2.813086E+00  2.843714E+00  2.876507E+00  2.941986E+00  3.073667E+00
  3.332502E+00  3.901446E+00  5.107994E+00  7.487642E+00  1.243889E+01  2.205096E+01  3.713100E+01  5.509835E+01  7.145045E+01  8.347271E+01
  9.103981E+01  9.532289E+01  3.172115E+00  3.168448E+00  3.210137E+00  3.250465E+00  3.334781E+00  3.499954E+00  3.843983E+00  4.579878E+00
  6.206884E+00  9.162585E+00  1.527644E+01  2.600766E+01  4.125154E+01  5.822169E+01  7.344100E+01  8.462797E+01  9.166384E+01  9.564793E+01
  3.760241E+00  3.756341E+00  3.816516E+00  3.876566E+00  3.999570E+00  4.246728E+00  4.749795E+00  5.816697E+00  8.021575E+00  1.218097E+01
  1.986360E+01  3.177723E+01  4.663627E+01  6.214644E+01  7.593671E+01  8.606648E+01  9.244742E+01  9.605753E+01  4.783269E+00  4.777126E+00
  4.881666E+00  4.989668E+00  5.197151E+00  5.625007E+00  6.471184E+00  8.218474E+00  1.162214E+01  1.762827E+01  2.717245E+01  3.963323E+01
  5.319713E+01  6.683826E+01  7.892032E+01  8.778822E+01  9.338262E+01  9.654567E+01  6.840964E+00  6.833952E+00  7.047956E+00  7.267446E+00
  7.697233E+00  8.548280E+00  1.019246E+01  1.338883E+01  1.903328E+01  2.748265E+01  3.819231E+01  4.944499E+01  6.087890E+01  7.228031E+01
  8.238007E+01  8.978903E+01  9.446839E+01  9.711229E+01  1.260486E+01  1.259060E+01  1.315168E+01  1.372206E+01  1.479334E+01  1.682359E+01
  2.052489E+01  2.670236E+01  3.524008E+01  4.436879E+01  5.267147E+01  6.093156E+01  6.965655E+01  7.849733E+01  8.633205E+01  9.206068E+01
  9.570724E+01  9.775927E+01  4.905381E+01  4.902532E+01  4.970063E+01  5.023350E+01  5.106649E+01  5.214040E+01  5.355250E+01  5.548561E+01
  5.802157E+01  6.134705E+01  6.552930E+01  7.082780E+01  7.711066E+01  8.373784E+01  8.967775E+01  9.399447E+01  9.675702E+01  9.830428E+01
  2.450268E+00  2.446494E+00  2.477583E+00  2.499410E+00  2.553554E+00  2.642417E+00  2.848947E+00  3.274485E+00  4.192158E+00  5.918609E+00
  9.658504E+00  1.759669E+01  3.188002E+01  5.087799E+01  6.872657E+01  8.193204E+01  9.019308E+01  9.487640E+01  2.484934E+00  2.482212E+00
  2.512642E+00  2.534582E+00  2.593557E+00  2.684523E+00  2.895525E+00  3.329686E+00  4.244528E+00  6.037785E+00  9.883201E+00  1.804415E+01
  3.243826E+01  5.132970E+01  6.901993E+01  8.210310E+01  9.028445E+01  9.492327E+01  2.602388E+00  2.598621E+00  2.631283E+00  2.657567E+00
  2.716179E+00  2.816922E+00  3.045554E+00  3.523301E+00  4.522704E+00  6.522862E+00  1.074209E+01  1.944885E+01  3.414173E+01  5.270601E+01
  6.990452E+01  8.261446E+01  9.056219E+01  9.506853E+01  2.817017E+00  2.812800E+00  2.850753E+00  2.880062E+00  2.947580E+00  3.065529E+00
  3.327590E+00  3.891031E+00  5.100090E+00  7.479135E+00  1.243987E+01  2.200134E+01  3.701664E+01  5.497069E+01  7.135711E+01  8.345425E+01
  9.102116E+01  9.530660E+01  3.172115E+00  3.168625E+00  3.216552E+00  3.253447E+00  3.340815E+00  3.498117E+00  3.844918E+00  4.565807E+00
  6.196911E+00  9.204775E+00  1.521894E+01  2.596121E+01  4.114302E+01  5.809653E+01  7.335553E+01  8.460762E+01  9.164381E+01  9.563351E+01
  3.760241E+00  3.755669E+00  3.822251E+00  3.879078E+00  4.006818E+00  4.241587E+00  4.751834E+00  5.806202E+00  8.027038E+00  1.219209E+01
  1.981369E+01  3.172384E+01  4.654171E+01  6.203865E+01  7.585705E+01  8.605677E+01  9.243102E+01  9.604385E+01  4.783269E+00  4.776149E+00
  4.887764E+00  4.990968E+00  5.202276E+00  5.616633E+00  6.470147E+00  8.197618E+00  1.163804E+01  1.762044E+01  2.714015E+01  3.955401E+01
  5.310508E+01  6.674313E+01  7.884451E+01  8.778593E+01  9.336893E+01  9.653397E+01  6.840964E+00  6.831951E+00  7.056090E+00  7.267577E+00
  7.701707E+00  8.532954E+00  1.019767E+01  1.336774E+01  1.902608E+01  2.748419E+01  3.821756E+01  4.940959E+01  6.079829E+01  7.219370E+01
  8.231549E+01  8.979147E+01  9.445532E+01  9.710301E+01  1.260486E+01  1.259118E+01  1.316159E+01  1.372273E+01  1.478759E+01  1.680089E+01
  2.052836E+01  2.664692E+01  3.526713E+01  4.437226E+01  5.261536E+01  6.089605E+01  6.959507E+01  7.842515E+01  8.627946E+01  9.208253E+01
  9.569801E+01  9.775218E+01  4.905381E+01  4.900628E+01  4.971095E+01  5.022198E+01  5.101060E+01  5.212733E+01  5.355741E+01  5.546556E+01
  5.807815E+01  6.130407E+01  6.546507E+01  7.080510E+01  7.703899E+01  8.368257E+01  8.964066E+01  9.401783E+01  9.674888E+01  9.830089E+01
  2.450268E+00  2.445923E+00  2.472058E+00  2.495555E+00  2.547472E+00  2.636389E+00  2.845339E+00  3.277324E+00  4.136343E+00  5.900208E+00
  9.589848E+00  1.756359E+01  3.175678E+01  5.080307E+01  6.867513E+01  8.186382E+01  9.015907E+01  9.485976E+01  2.484934E+00  2.481896E+00
  2.506476E+00  2.530770E+00  2.587921E+00  2.681890E+00  2.891372E+00  3.335306E+00  4.177082E+00  6.050923E+00  9.861779E+00  1.799486E+01
  3.233506E+01  5.126571E+01  6.897099E+01  8.203526E+01  9.025102E+01  9.490709E+01  2.602388E+00  2.598637E+00  2.626343E+00  2.653584E+00
  2.709890E+00  2.814912E+00  3.039647E+00  3.527475E+00  4.469590E+00  6.509530E+00  1.072460E+01  1.938922E+01  3.400696E+01  5.264945E+01
  6.985799E+01  8.254847E+01  9.052911E+01  9.505290E+01  2.817017E+00  2.812288E+00  2.844970E+00  2.875572E+00  2.942926E+00  3.075902E+00
  3.327287E+00  3.891155E+00  5.028054E+00  7.441036E+00  1.235359E+01  2.192627E+01  3.693436E+01  5.492059E+01  7.131313E+01  8.339025E+01
  9.098666E+01  9.529162E+01  3.172115E+00  3.167433E+00  3.210396E+00  3.249373E+00  3.334621E+00  3.500961E+00  3.833628E+00  4.571702E+00
  6.035475E+00  9.121332E+00  1.517801E+01  2.591047E+01  4.104144E+01  5.805414E+01  7.331376E+01  8.454613E+01  9.161440E+01  9.561942E+01
  3.760241E+00  3.755583E+00  3.815331E+00  3.872729E+00  3.999994E+00  4.245038E+00  4.738900E+00  5.807886E+00  7.942060E+00  1.215439E+01
  1.979672E+01  3.167339E+01  4.641919E+01  6.199852E+01  7.581885E+01  8.599985E+01  9.240244E+01  9.603085E+01  4.783269E+00  4.775722E+00
  4.880741E+00  4.986501E+00  5.197016E+00  5.614731E+00  6.457792E+00  8.190509E+00  1.151311E+01  1.757575E+01  2.713873E+01  3.950631E+01
  5.302443E+01  6.670803E+01  7.882125E+01  8.773447E+01  9.334399E+01  9.652285E+01  6.840964E+00  6.829585E+00  7.046865E+00  7.257715E+00
  7.696608E+00  8.547847E+00  1.018596E+01  1.335674E+01  1.888848E+01  2.740563E+01  3.818833E+01  4.938589E+01  6.071034E+01  7.217711E+01
  8.230003E+01  8.974855E+01  9.443762E+01  9.709309E+01  1.260486E+01  1.258805E+01  1.314673E+01  1.370484E+01  1.478210E+01  1.682023E+01
  2.050146E+01  2.665079E+01  3.513614E+01  4.431170E+01  5.260861E+01  6.089620E+01  6.951502E+01  7.842057E+01  8.626900E+01  9.204617E+01
  9.568398E+01  9.774438E+01  4.905381E+01  4.898525E+01  4.966513E+01  5.017247E+01  5.104933E+01  5.208347E+01  5.356845E+01  5.545838E+01
  5.792083E+01  6.129637E+01  6.543800E+01  7.081826E+01  7.698716E+01  8.369364E+01  8.963102E+01  9.398947E+01  9.673936E+01  9.829479E+01
  2.450268E+00  2.448050E+00  2.478677E+00  2.500335E+00  2.545703E+00  2.636331E+00  2.849156E+00  3.266058E+00  4.138627E+00  5.908310E+00
  9.596722E+00  1.748169E+01  3.168220E+01  5.071693E+01  6.860372E+01  8.181040E+01  9.013522E+01  9.484227E+01  2.484934E+00  2.482259E+00
  2.513924E+00  2.535977E+00  2.586214E+00  2.679863E+00  2.893510E+00  3.324845E+00  4.223078E+00  6.054530E+00  9.841938E+00  1.792233E+01
  3.224075E+01  5.117730E+01  6.890126E+01  8.198174E+01  9.022809E+01  9.488974E+01  2.602388E+00  2.600100E+00  2.633245E+00  2.657036E+00
  2.708056E+00  2.810753E+00  3.044170E+00  3.515219E+00  4.504766E+00  6.500309E+00  1.067498E+01  1.935643E+01  3.393934E+01  5.255163E+01
  6.979065E+01  8.249551E+01  9.050771E+01  9.503562E+01  2.817017E+00  2.813340E+00  2.851614E+00  2.880605E+00  2.941147E+00  3.061993E+00
  3.328432E+00  3.879266E+00  5.048597E+00  7.446191E+00  1.233162E+01  2.186869E+01  3.685033E+01  5.483689E+01  7.124785E+01  8.334030E+01
  9.096633E+01  9.527531E+01  3.172115E+00  3.169826E+00  3.217093E+00  3.255407E+00  3.331624E+00  3.490405E+00  3.840804E+00  4.557315E+00
  6.069380E+00  9.127525E+00  1.514900E+01  2.582646E+01  4.098233E+01  5.798069E+01  7.325108E+01  8.449954E+01  9.159543E+01  9.560407E+01
  3.760241E+00  3.757773E+00  3.823020E+00  3.877987E+00  3.996192E+00  4.234015E+00  4.748728E+00  5.786177E+00  7.937825E+00  1.213868E+01
  1.971508E+01  3.159741E+01  4.635995E+01  6.193538E+01  7.576828E+01  8.595529E+01  9.238610E+01  9.601737E+01  4.783269E+00  4.776858E+00
  4.887850E+00  4.990202E+00  5.190963E+00  5.607595E+00  6.456167E+00  8.173466E+00  1.153185E+01  1.758086E+01  2.705583E+01  3.944346E+01
  5.296332E+01  6.664207E+01  7.876778E+01  8.769595E+01  9.333008E+01  9.651072E+01  6.840964E+00  6.835905E+00  7.053911E+00  7.268279E+00
  7.691032E+00  8.522986E+00  1.017880E+01  1.334306E+01  1.892382E+01  2.745260E+01  3.810400E+01  4.929490E+01  6.067031E+01  7.213155E+01
  8.225670E+01  8.971562E+01  9.442453E+01  9.708354E+01  1.260486E+01  1.259650E+01  1.316287E+01  1.370695E+01  1.475973E+01  1.678803E+01
  2.051985E+01  2.661734E+01  3.515406E+01  4.433781E+01  5.264667E+01  6.082719E+01  6.949653E+01  7.838086E+01  8.623367E+01  9.201958E+01
  9.567532E+01  9.773690E+01  4.905381E+01  4.904280E+01  4.969582E+01  5.021000E+01  5.104376E+01  5.212441E+01  5.362410E+01  5.541389E+01
  5.798735E+01  6.133382E+01  6.547021E+01  7.073396E+01  7.696975E+01  8.365645E+01  8.960256E+01  9.396720E+01  9.672749E+01  9.828923E+01
  2.450268E+00  2.446289E+00  2.467272E+00  2.501610E+00  2.548228E+00  2.629266E+00  2.839821E+00  3.264371E+00  4.150660E+00  5.900172E+00
  9.509808E+00  1.744112E+01  3.159904E+01  5.060711E+01  6.850775E+01  8.175631E+01  9.010873E+01  9.482880E+01  2.484934E+00  2.480653E+00
  2.502608E+00  2.537045E+00  2.589747E+00  2.671577E+00  2.885024E+00  3.322573E+00  4.238790E+00  6.012115E+00  9.765275E+00  1.788282E+01
  3.217422E+01  5.107588E+01  6.880660E+01  8.192867E+01  9.020052E+01  9.487637E+01  2.602388E+00  2.598656E+00  2.620818E+00  2.659356E+00
  2.711941E+00  2.802883E+00  3.033523E+00  3.515638E+00  4.518937E+00  6.500397E+00  1.061952E+01  1.928720E+01  3.391147E+01  5.245000E+01
  6.969803E+01  8.244269E+01  9.048028E+01  9.502281E+01  2.817017E+00  2.813313E+00  2.839230E+00  2.881716E+00  2.943348E+00  3.061351E+00
  3.322610E+00  3.875270E+00  5.064124E+00  7.417628E+00  1.223579E+01  2.180814E+01  3.672733E+01  5.473043E+01  7.116119E+01  8.329169E+01
  9.094035E+01  9.526340E+01  3.172115E+00  3.168304E+00  3.205961E+00  3.254305E+00  3.334295E+00  3.488100E+00  3.829253E+00  4.554445E+00
  6.081750E+00  9.079758E+00  1.507447E+01  2.579565E+01  4.088646E+01  5.787944E+01  7.317157E+01  8.445275E+01  9.157195E+01  9.559325E+01
  3.760241E+00  3.753476E+00  3.811089E+00  3.879014E+00  3.998769E+00  4.237411E+00  4.735013E+00  5.781748E+00  7.958417E+00  1.210340E+01
  1.962408E+01  3.156215E+01  4.630945E+01  6.184269E+01  7.569338E+01  8.591512E+01  9.236474E+01  9.600762E+01  4.783269E+00  4.773590E+00
  4.876502E+00  4.989232E+00  5.196448E+00  5.599191E+00  6.443995E+00  8.170640E+00  1.154456E+01  1.752366E+01  2.694377E+01  3.940363E+01
  5.293094E+01  6.657997E+01  7.870606E+01  8.765949E+01  9.331155E+01  9.650291E+01  6.840964E+00  6.829736E+00  7.043396E+00  7.265204E+00
  7.692518E+00  8.527908E+00  1.016919E+01  1.333899E+01  1.891463E+01  2.738133E+01  3.799833E+01  4.928676E+01  6.067393E+01  7.207108E+01
  8.220366E+01  8.968258E+01  9.441099E+01  9.707739E+01  1.260486E+01  1.258643E+01  1.314808E+01  1.371079E+01  1.477114E+01  1.681622E+01
  2.048258E+01  2.660723E+01  3.513398E+01  4.429812E+01  5.257723E+01  6.082346E+01  6.950679E+01  7.833751E+01  8.619478E+01  9.199413E+01
  9.566545E+01  9.773338E+01  4.905381E+01  4.898795E+01  4.968723E+01  5.020778E+01  5.101895E+01  5.212640E+01  5.356513E+01  5.545493E+01
  5.801934E+01  6.129310E+01  6.541167E+01  7.077624E+01  7.694711E+01  8.362419E+01  8.956767E+01  9.395406E+01  9.672459E+01  9.828544E+01
  4.667372E+00  4.692966E+00  4.811860E+00  4.952124E+00  5.155845E+00  5.976544E+00  7.425854E+00  9.758623E+00  1.419840E+01  2.108100E+01
  3.130173E+01  4.516199E+01  6.080024E+01  7.492783E+01  8.545283E+01  9.209200E+01  9.585957E+01  9.788264E+01  4.667372E+00  4.670838E+00
  4.907585E+00  4.936969E+00  5.162428E+00  5.568046E+00  6.610684E+00  8.616495E+00  1.214388E+01  1.773095E+01  2.653354E+01  3.892149E+01
  5.396277E+01  6.906976E+01  8.140750E+01  8.961356E+01  9.449143E+01  9.716162E+01  4.667372E+00  4.589107E+00  4.803797E+00  4.891229E+00
  5.016698E+00  5.504029E+00  6.437042E+00  8.268837E+00  1.122516E+01  1.642151E+01  2.456891E+01  3.633723E+01  5.092144E+01  6.639450E+01
  7.933156E+01  8.832106E+01  9.377171E+01  9.677420E+01  4.667372E+00  4.472868E+00  4.841165E+00  4.804096E+00  5.092816E+00  5.372521E+00
  6.385465E+00  8.046647E+00  1.098283E+01  1.597226E+01  2.380393E+01  3.513285E+01  4.962578E+01  6.511311E+01  7.829754E+01  8.769914E+01
  9.340077E+01  9.657185E+01  4.667372E+00  4.682553E+00  4.876802E+00  4.938440E+00  4.985039E+00  5.440525E+00  6.320835E+00  7.914965E+00
  1.084572E+01  1.557962E+01  2.320778E+01  3.434702E+01  4.870957E+01  6.427741E+01  7.772294E+01  8.729345E+01  9.314324E+01  9.644649E+01
  4.667372E+00  4.653224E+00  4.714262E+00  4.974412E+00  4.988949E+00  5.517924E+00  6.282047E+00  7.816752E+00  1.071649E+01  1.543614E+01
  2.282501E+01  3.393496E+01  4.814896E+01  6.372142E+01  7.727461E+01  8.699444E+01  9.299044E+01  9.636176E+01  4.667372E+00  4.656272E+00
  4.697874E+00  4.829340E+00  5.048333E+00  5.311035E+00  6.206718E+00  7.860647E+00  1.061539E+01  1.530283E+01  2.261585E+01  3.355905E+01
  4.774860E+01  6.325963E+01  7.694347E+01  8.678487E+01  9.286616E+01  9.628403E+01  4.667372E+00  4.645384E+00  4.728696E+00  4.860387E+00
  4.953079E+00  5.273297E+00  6.154463E+00  7.794100E+00  1.049518E+01  1.513585E+01  2.233825E+01  3.321586E+01  4.738563E+01  6.291833E+01
  7.667616E+01  8.661048E+01  9.276788E+01  9.622771E+01  4.667372E+00  4.494577E+00  4.635958E+00  4.863472E+00  4.890894E+00  5.250505E+00
  6.181899E+00  7.725496E+00  1.050790E+01  1.505319E+01  2.223726E+01  3.294686E+01  4.708828E+01  6.249148E+01  7.646448E+01  8.645915E+01
  9.268150E+01  9.618302E+01  4.667372E+00  4.676026E+00  4.745879E+00  4.893786E+00  4.924459E+00  5.328663E+00  6.147994E+00  7.758020E+00
  1.041021E+01  1.493034E+01  2.215991E+01  3.284519E+01  4.688345E+01  6.238153E+01  7.625178E+01  8.632403E+01  9.260667E+01  9.614252E+01
  4.667372E+00  4.522041E+00  4.751105E+00  4.876353E+00  5.030058E+00  5.305418E+00  6.162387E+00  7.701475E+00  1.038091E+01  1.490843E+01
  2.183168E+01  3.262576E+01  4.668623E+01  6.219684E+01  7.608161E+01  8.622612E+01  9.254383E+01  9.610897E+01  4.667372E+00  4.595194E+00
  4.745986E+00  4.886893E+00  4.979816E+00  5.248006E+00  6.126734E+00  7.709660E+00  1.052496E+01  1.475100E+01  2.199354E+01  3.247323E+01
  4.655796E+01  6.207529E+01  7.593340E+01  8.613548E+01  9.249663E+01  9.608611E+01  4.667372E+00  4.631469E+00  4.765106E+00  4.852736E+00
  4.945613E+00  5.226084E+00  6.134829E+00  7.741395E+00  1.036686E+01  1.474131E+01  2.181273E+01  3.227480E+01  4.645178E+01  6.189421E+01
  7.587619E+01  8.605994E+01  9.245051E+01  9.605872E+01  4.667372E+00  4.624384E+00  4.724616E+00  4.882282E+00  4.974734E+00  5.264416E+00
  6.152606E+00  7.709244E+00  1.043414E+01  1.469701E+01  2.175147E+01  3.226913E+01  4.630876E+01  6.176604E+01  7.578699E+01  8.600755E+01
  9.241152E+01  9.604121E+01  4.667372E+00  4.664908E+00  4.720168E+00  4.850217E+00  4.910272E+00  5.368471E+00  6.106575E+00  7.723296E+00
  1.027118E+01  1.471730E+01  2.176143E+01  3.218740E+01  4.608450E+01  6.169128E+01  7.562846E+01  8.591891E+01  9.236916E+01  9.602089E+01
  4.667372E+00  4.649724E+00  4.730784E+00  4.833684E+00  4.999131E+00  5.334322E+00  6.060559E+00  7.664104E+00  1.033020E+01  1.469342E+01
  2.161689E+01  3.213083E+01  4.607496E+01  6.156765E+01  7.558263E+01  8.583942E+01  9.233709E+01  9.599718E+01  4.667372E+00  4.647016E+00
  4.766247E+00  4.806689E+00  4.959437E+00  5.275886E+00  6.062870E+00  7.642557E+00  1.038033E+01  1.467995E+01  2.158333E+01  3.208642E+01
  4.596626E+01  6.146567E+01  7.550165E+01  8.585162E+01  9.231387E+01  9.598617E+01  4.667372E+00  4.604072E+00  4.703507E+00  4.795573E+00
  4.971417E+00  5.242364E+00  6.079414E+00  7.644958E+00  1.019433E+01  1.462346E+01  2.149449E+01  3.207910E+01  4.582924E+01  6.145063E+01
  7.546578E+01  8.579401E+01  9.229170E+01  9.597267E+01  4.667372E+00  4.611130E+00  4.735518E+00  4.849790E+00  4.923276E+00  5.257770E+00
  6.111767E+00  7.610877E+00  1.030011E+01  1.468639E+01  2.149573E+01  3.196141E+01  4.576543E+01  6.135192E+01  7.541089E+01  8.574934E+01
  9.226640E+01  9.595935E+01  4.667372E+00  4.523091E+00  4.739974E+00  4.793597E+00  4.952882E+00  5.337695E+00  6.092063E+00  7.644442E+00
  1.036013E+01  1.464405E+01  2.138892E+01  3.197595E+01  4.571780E+01  6.127611E+01  7.533409E+01  8.570911E+01  9.225365E+01  9.594928E+01
