  6.463671E-01
          18 10.0000000
 -2.000000E+01 -1.000000E+01 -2.107210E+00 -1.806180E+00 -1.505150E+00 -1.204120E+00 -9.030900E-01 -6.020600E-01 -3.010300E-01  0.000000E+00
  3.010300E-01  6.020600E-01  9.030900E-01  1.204120E+00  1.505150E+00  1.806180E+00  2.107210E+00  2.408240E+00
          10 10.0000000
  0.000000E+00  1.000000E+01  2.000000E+01  3.000000E+01  4.000000E+01  5.000000E+01  6.000000E+01  7.000000E+01  8.000000E+01  8.900000E+01
          23  4.0000000
  4.000000E+00  8.000000E+00  1.200000E+01  1.600000E+01  2.000000E+01  2.400000E+01  2.800000E+01  3.200000E+01  3.600000E+01  4.000000E+01
  4.400000E+01  4.800000E+01  5.200000E+01  5.600000E+01  6.000000E+01  6.400000E+01  6.800000E+01  7.200000E+01  7.600000E+01  8.000000E+01
  8.400000E+01  8.800000E+01  9.200000E+01
  2.453446E+00  2.457012E+00  2.536770E+00  2.616324E+00  2.778507E+00  3.102272E+00  3.758590E+00  5.109521E+00  7.753536E+00  1.296143E+01
  2.248629E+01  3.774011E+01  5.638587E+01  7.299537E+01  8.469650E+01  9.178635E+01  9.572134E+01  9.778157E+01  2.489550E+00  2.493631E+00
  2.574196E+00  2.657645E+00  2.823469E+00  3.154725E+00  3.826549E+00  5.210110E+00  7.908681E+00  1.321836E+01  2.287793E+01  3.821535E+01
  5.678337E+01  7.324740E+01  8.483945E+01  9.186297E+01  9.576123E+01  9.780231E+01  2.605088E+00  2.608861E+00  2.696677E+00  2.785277E+00
  2.965556E+00  3.320767E+00  4.046030E+00  5.526804E+00  8.413720E+00  1.402767E+01  2.409245E+01  3.965718E+01  5.797114E+01  7.399645E+01
  8.526401E+01  9.209077E+01  9.587988E+01  9.786383E+01  2.819566E+00  2.823602E+00  2.929788E+00  3.027783E+00  3.226383E+00  3.631282E+00
  4.450023E+00  6.119132E+00  9.345035E+00  1.552861E+01  2.628064E+01  4.213007E+01  5.993264E+01  7.522437E+01  8.596026E+01  9.246430E+01
  9.607436E+01  9.796468E+01  3.177321E+00  3.182091E+00  3.298310E+00  3.420785E+00  3.665478E+00  4.152751E+00  5.128616E+00  7.114426E+00
  1.091850E+01  1.800311E+01  2.969268E+01  4.570668E+01  6.263255E+01  7.690158E+01  8.691114E+01  9.297426E+01  9.634001E+01  9.810241E+01
  3.762428E+00  3.767673E+00  3.925344E+00  4.079375E+00  4.399650E+00  5.027530E+00  6.296674E+00  8.833602E+00  1.357592E+01  2.197556E+01
  3.469662E+01  5.042328E+01  6.601676E+01  7.899471E+01  8.809736E+01  9.361058E+01  9.667143E+01  9.827425E+01  4.783542E+00  4.791131E+00
  5.016762E+00  5.248438E+00  5.715616E+00  6.638130E+00  8.446446E+00  1.197314E+01  1.824793E+01  2.834653E+01  4.168618E+01  5.624526E+01
  7.003543E+01  8.147614E+01  8.950412E+01  9.436534E+01  9.706456E+01  9.847810E+01  6.836820E+00  6.852322E+00  7.248286E+00  7.656935E+00
  8.446422E+00  1.000221E+01  1.295899E+01  1.833438E+01  2.687638E+01  3.837882E+01  5.077567E+01  6.306105E+01  7.467802E+01  8.434286E+01
  9.112890E+01  9.523702E+01  9.751865E+01  9.871355E+01  1.258348E+01  1.260309E+01  1.353887E+01  1.443533E+01  1.616850E+01  1.936164E+01
  2.485024E+01  3.314526E+01  4.304421E+01  5.260689E+01  6.153334E+01  7.092963E+01  8.005084E+01  8.766185E+01  9.300987E+01  9.624658E+01
  9.804453E+01  9.898624E+01  4.901827E+01  4.908396E+01  5.004972E+01  5.085706E+01  5.202303E+01  5.348842E+01  5.539704E+01  5.812265E+01
  6.171301E+01  6.640674E+01  7.212192E+01  7.877705E+01  8.541249E+01  9.098404E+01  9.488753E+01  9.725568E+01  9.857025E+01  9.925870E+01
  2.453446E+00  2.452623E+00  2.534136E+00  2.614714E+00  2.772177E+00  3.089179E+00  3.732220E+00  5.044598E+00  7.627409E+00  1.267559E+01
  2.200471E+01  3.688713E+01  5.541248E+01  7.226286E+01  8.420930E+01  9.150033E+01  9.554689E+01  9.764463E+01  2.489550E+00  2.488177E+00
  2.571432E+00  2.654350E+00  2.814937E+00  3.141474E+00  3.799595E+00  5.143505E+00  7.780759E+00  1.292292E+01  2.238215E+01  3.735653E+01
  5.581562E+01  7.252129E+01  8.435635E+01  9.157951E+01  9.558843E+01  9.766657E+01  2.605088E+00  2.604073E+00  2.694142E+00  2.782560E+00
  2.957483E+00  3.304717E+00  4.015262E+00  5.450217E+00  8.265571E+00  1.370759E+01  2.356305E+01  3.878352E+01  5.702177E+01  7.328997E+01
  8.479420E+01  9.181509E+01  9.571182E+01  9.773181E+01  2.819566E+00  2.818678E+00  2.926710E+00  3.024282E+00  3.216666E+00  3.610701E+00
  4.411316E+00  6.024698E+00  9.166543E+00  1.515312E+01  2.569201E+01  4.123859E+01  5.901619E+01  7.455080E+01  8.551173E+01  9.220125E+01
  9.591404E+01  9.783868E+01  3.177321E+00  3.176764E+00  3.295626E+00  3.415380E+00  3.650785E+00  4.125145E+00  5.075427E+00  6.990413E+00
  1.068249E+01  1.753732E+01  2.902608E+01  4.480944E+01  6.176606E+01  7.627242E+01  8.649168E+01  9.272860E+01  9.619034E+01  9.798466E+01
  3.762428E+00  3.761113E+00  3.919365E+00  4.070572E+00  4.377595E+00  4.983222E+00  6.211030E+00  8.648006E+00  1.323894E+01  2.137893E+01
  3.394964E+01  4.955509E+01  6.521734E+01  7.841987E+01  8.771407E+01  9.338641E+01  9.653501E+01  9.816685E+01  4.783542E+00  4.782335E+00
  5.007654E+00  5.232929E+00  5.675195E+00  6.557153E+00  8.302374E+00  1.167674E+01  1.774266E+01  2.758544E+01  4.090801E+01  5.545301E+01
  6.931797E+01  8.096516E+01  8.916286E+01  9.416608E+01  9.694358E+01  9.838280E+01  6.836820E+00  6.834761E+00  7.227268E+00  7.617049E+00
  8.361241E+00  9.842641E+00  1.266855E+01  1.781648E+01  2.613466E+01  3.751606E+01  5.008754E+01  6.238159E+01  7.405458E+01  8.390209E+01
  9.083460E+01  9.506580E+01  9.741508E+01  9.863206E+01  1.258348E+01  1.258066E+01  1.347606E+01  1.432451E+01  1.595173E+01  1.899150E+01
  2.426777E+01  3.234595E+01  4.223994E+01  5.193868E+01  6.103375E+01  7.036749E+01  7.953208E+01  8.730186E+01  9.276952E+01  9.610722E+01
  9.796085E+01  9.892075E+01  4.901827E+01  4.899081E+01  4.998473E+01  5.072493E+01  5.190388E+01  5.334487E+01  5.522163E+01  5.785563E+01
  6.139993E+01  6.606789E+01  7.178532E+01  7.837586E+01  8.503910E+01  9.071841E+01  9.471471E+01  9.715453E+01  9.850796E+01  9.921040E+01
  2.453446E+00  2.447943E+00  2.534241E+00  2.612818E+00  2.770838E+00  3.083025E+00  3.722049E+00  5.023604E+00  7.565828E+00  1.254866E+01
  2.175858E+01  3.655654E+01  5.506900E+01  7.198959E+01  8.400305E+01  9.137127E+01  9.545747E+01  9.756021E+01  2.489550E+00  2.483375E+00
  2.571559E+00  2.653008E+00  2.813123E+00  3.134522E+00  3.789285E+00  5.122354E+00  7.718505E+00  1.279347E+01  2.213155E+01  3.702222E+01
  5.547495E+01  7.225105E+01  8.415211E+01  9.145163E+01  9.549976E+01  9.758289E+01  2.605088E+00  2.599106E+00  2.693914E+00  2.780422E+00
  2.955655E+00  3.297666E+00  4.004171E+00  5.425459E+00  8.195036E+00  1.356284E+01  2.329688E+01  3.844273E+01  5.668798E+01  7.302850E+01
  8.459544E+01  9.169067E+01  9.562560E+01  9.765037E+01  2.819566E+00  2.812951E+00  2.926271E+00  3.022437E+00  3.215036E+00  3.600917E+00
  4.395065E+00  5.992992E+00  9.083324E+00  1.498669E+01  2.539860E+01  4.088933E+01  5.869550E+01  7.430309E+01  8.532215E+01  9.208237E+01
  9.583173E+01  9.776094E+01  3.177321E+00  3.170674E+00  3.294633E+00  3.411910E+00  3.646428E+00  4.113944E+00  5.054873E+00  6.947586E+00
  1.057542E+01  1.733678E+01  2.869734E+01  4.445570E+01  6.146428E+01  7.604388E+01  8.631454E+01  9.261743E+01  9.611340E+01  9.791200E+01
  3.762428E+00  3.753288E+00  3.918580E+00  4.065220E+00  4.372516E+00  4.965143E+00  6.180931E+00  8.583358E+00  1.309105E+01  2.112221E+01
  3.358278E+01  4.921262E+01  6.494449E+01  7.821523E+01  8.755247E+01  9.328487E+01  9.646481E+01  9.810049E+01  4.783542E+00  4.773080E+00
  5.004804E+00  5.223523E+00  5.663069E+00  6.525815E+00  8.247583E+00  1.156708E+01  1.752320E+01  2.725936E+01  4.052251E+01  5.514260E+01
  6.908010E+01  8.078771E+01  8.901924E+01  9.407579E+01  9.688126E+01  9.832400E+01  6.836820E+00  6.827975E+00  7.219179E+00  7.598982E+00
  8.331326E+00  9.776538E+00  1.255923E+01  1.762329E+01  2.580977E+01  3.714060E+01  4.973757E+01  6.211631E+01  7.385188E+01  8.375471E+01
  9.071107E+01  9.498819E+01  9.736182E+01  9.858192E+01  1.258348E+01  1.255739E+01  1.345309E+01  1.427733E+01  1.588082E+01  1.884841E+01
  2.403515E+01  3.203038E+01  4.187370E+01  5.164132E+01  6.076454E+01  7.015305E+01  7.936947E+01  8.718650E+01  9.266846E+01  9.604413E+01
  9.791802E+01  9.888062E+01  4.901827E+01  4.892212E+01  4.996947E+01  5.070384E+01  5.188413E+01  5.329519E+01  5.515969E+01  5.779221E+01
  6.126627E+01  6.590028E+01  7.159739E+01  7.823296E+01  8.492297E+01  9.063611E+01  9.464107E+01  9.710885E+01  9.847713E+01  9.918155E+01
  2.453446E+00  2.452474E+00  2.534836E+00  2.610969E+00  2.768614E+00  3.078312E+00  3.717053E+00  5.004993E+00  7.544210E+00  1.248834E+01
  2.162782E+01  3.629671E+01  5.478870E+01  7.175584E+01  8.386530E+01  9.128584E+01  9.538780E+01  9.748340E+01  2.489550E+00  2.487900E+00
  2.572541E+00  2.651621E+00  2.810895E+00  3.129511E+00  3.783997E+00  5.102229E+00  7.695291E+00  1.273052E+01  2.199896E+01  3.676062E+01
  5.519618E+01  7.201904E+01  8.401563E+01  9.136700E+01  9.543071E+01  9.750679E+01  2.605088E+00  2.603824E+00  2.694780E+00  2.778868E+00
  2.953568E+00  3.292355E+00  3.996527E+00  5.403626E+00  8.167940E+00  1.349319E+01  2.315408E+01  3.817682E+01  5.641410E+01  7.280238E+01
  8.446300E+01  9.160847E+01  9.555834E+01  9.757631E+01  2.819566E+00  2.818563E+00  2.927139E+00  3.019136E+00  3.212100E+00  3.593375E+00
  4.386684E+00  5.966136E+00  9.047592E+00  1.490062E+01  2.523809E+01  4.061721E+01  5.843079E+01  7.408656E+01  8.519598E+01  9.200423E+01
  9.576758E+01  9.769029E+01  3.177321E+00  3.175365E+00  3.294365E+00  3.409961E+00  3.642164E+00  4.105200E+00  5.041976E+00  6.913462E+00
  1.052588E+01  1.722758E+01  2.851594E+01  4.418040E+01  6.121465E+01  7.584039E+01  8.619693E+01  9.254481E+01  9.605341E+01  9.784602E+01
  3.762428E+00  3.760626E+00  3.919020E+00  4.062812E+00  4.365801E+00  4.952154E+00  6.160632E+00  8.532786E+00  1.301779E+01  2.098071E+01
  3.337990E+01  4.894423E+01  6.471473E+01  7.802786E+01  8.744559E+01  9.321906E+01  9.640996E+01  9.804035E+01  4.783542E+00  4.781451E+00
  5.004627E+00  5.218349E+00  5.651414E+00  6.500868E+00  8.207693E+00  1.148265E+01  1.740761E+01  2.706951E+01  4.030889E+01  5.489515E+01
  6.887478E+01  8.061933E+01  8.892476E+01  9.401791E+01  9.683251E+01  9.827073E+01  6.836820E+00  6.833127E+00  7.218047E+00  7.588751E+00
  8.308576E+00  9.731284E+00  1.248152E+01  1.747958E+01  2.563128E+01  3.691243E+01  4.954974E+01  6.190459E+01  7.367481E+01  8.360736E+01
  9.063074E+01  9.493922E+01  9.732001E+01  9.853661E+01  1.258348E+01  1.257558E+01  1.344223E+01  1.425136E+01  1.583316E+01  1.874091E+01
  2.387821E+01  3.179696E+01  4.167029E+01  5.145921E+01  6.063176E+01  6.997858E+01  7.922438E+01  8.706339E+01  9.260435E+01  9.600505E+01
  9.788411E+01  9.884454E+01  4.901827E+01  4.898645E+01  4.997082E+01  5.066915E+01  5.183203E+01  5.322346E+01  5.511515E+01  5.771381E+01
  6.119086E+01  6.580020E+01  7.151343E+01  7.810269E+01  8.482248E+01  9.054741E+01  9.459675E+01  9.707654E+01  9.845275E+01  9.915549E+01
  2.453446E+00  2.455262E+00  2.534193E+00  2.610477E+00  2.766353E+00  3.075014E+00  3.711420E+00  4.986572E+00  7.513356E+00  1.240791E+01
  2.148346E+01  3.609256E+01  5.453825E+01  7.156139E+01  8.374928E+01  9.120146E+01  9.532848E+01  9.741167E+01  2.489550E+00  2.491546E+00
  2.571580E+00  2.650919E+00  2.808777E+00  3.126170E+00  3.777924E+00  5.082706E+00  7.662594E+00  1.264805E+01  2.184929E+01  3.655476E+01
  5.494725E+01  7.182652E+01  8.390078E+01  9.128338E+01  9.537194E+01  9.743570E+01  2.605088E+00  2.607032E+00  2.693792E+00  2.778072E+00
  2.951086E+00  3.287951E+00  3.989690E+00  5.383214E+00  8.129874E+00  1.340330E+01  2.299637E+01  3.796650E+01  5.616954E+01  7.261449E+01
  8.435131E+01  9.152711E+01  9.550126E+01  9.750711E+01  2.819566E+00  2.821771E+00  2.925585E+00  3.018741E+00  3.208394E+00  3.586118E+00
  4.378922E+00  5.941570E+00  9.004293E+00  1.479957E+01  2.506657E+01  4.040342E+01  5.819368E+01  7.390640E+01  8.508985E+01  9.192649E+01
  9.571320E+01  9.762418E+01  3.177321E+00  3.179755E+00  3.293848E+00  3.407979E+00  3.638709E+00  4.097523E+00  5.030982E+00  6.880453E+00
  1.046774E+01  1.710265E+01  2.832188E+01  4.396399E+01  6.099001E+01  7.567114E+01  8.609840E+01  9.247203E+01  9.600274E+01  9.778414E+01
  3.762428E+00  3.765460E+00  3.916608E+00  4.060635E+00  4.359256E+00  4.942070E+00  6.143267E+00  8.488545E+00  1.293652E+01  2.082240E+01
  3.316454E+01  4.873259E+01  6.450793E+01  7.787234E+01  8.735634E+01  9.315247E+01  9.636397E+01  9.798380E+01  4.783542E+00  4.787867E+00
  5.001141E+00  5.214041E+00  5.641695E+00  6.483100E+00  8.174942E+00  1.141231E+01  1.728583E+01  2.687054E+01  4.007951E+01  5.470244E+01
  6.868957E+01  8.047941E+01  8.884635E+01  9.395856E+01  9.679195E+01  9.822051E+01  6.836820E+00  6.848117E+00  7.210775E+00  7.578817E+00
  8.288883E+00  9.692641E+00  1.241965E+01  1.735631E+01  2.544887E+01  3.668249E+01  4.933720E+01  6.173940E+01  7.351307E+01  8.348507E+01
  9.056425E+01  9.488810E+01  9.728560E+01  9.849373E+01  1.258348E+01  1.259587E+01  1.342796E+01  1.423029E+01  1.578910E+01  1.865807E+01
  2.374911E+01  3.160066E+01  4.146233E+01  5.127444E+01  6.046937E+01  6.984359E+01  7.908929E+01  8.696191E+01  9.255106E+01  9.596319E+01
  9.785670E+01  9.881019E+01  4.901827E+01  4.906155E+01  4.996017E+01  5.066055E+01  5.180625E+01  5.319093E+01  5.508976E+01  5.762085E+01
  6.112783E+01  6.570253E+01  7.140883E+01  7.799978E+01  8.472399E+01  9.047319E+01  9.455686E+01  9.704582E+01  9.843193E+01  9.913096E+01
  2.453446E+00  2.456768E+00  2.534547E+00  2.609306E+00  2.766710E+00  3.073397E+00  3.704346E+00  4.961767E+00  7.476393E+00  1.235175E+01
  2.134792E+01  3.587149E+01  5.427319E+01  7.134156E+01  8.358994E+01  9.110275E+01  9.525105E+01  9.733591E+01  2.489550E+00  2.492379E+00
  2.572187E+00  2.649751E+00  2.808907E+00  3.124276E+00  3.769966E+00  5.055500E+00  7.626495E+00  1.258848E+01  2.171161E+01  3.633137E+01
  5.468359E+01  7.160861E+01  8.374286E+01  9.118559E+01  9.529518E+01  9.736058E+01  2.605088E+00  2.607626E+00  2.694449E+00  2.776382E+00
  2.951249E+00  3.286327E+00  3.980561E+00  5.354178E+00  8.088406E+00  1.333762E+01  2.284853E+01  3.773689E+01  5.590985E+01  7.240280E+01
  8.419761E+01  9.143192E+01  9.542647E+01  9.743402E+01  2.819566E+00  2.822976E+00  2.927242E+00  3.017342E+00  3.206854E+00  3.583828E+00
  4.366180E+00  5.908066E+00  8.952395E+00  1.471933E+01  2.489888E+01  4.016534E+01  5.794309E+01  7.370491E+01  8.494306E+01  9.183573E+01
  9.564170E+01  9.755444E+01  3.177321E+00  3.180916E+00  3.293701E+00  3.406227E+00  3.637709E+00  4.090438E+00  5.015113E+00  6.837872E+00
  1.040032E+01  1.700010E+01  2.812890E+01  4.372203E+01  6.075338E+01  7.548336E+01  8.596097E+01  9.238718E+01  9.593571E+01  9.771895E+01
  3.762428E+00  3.767468E+00  3.917671E+00  4.056446E+00  4.356488E+00  4.934928E+00  6.118372E+00  8.427375E+00  1.284227E+01  2.068299E+01
  3.294126E+01  4.849636E+01  6.429070E+01  7.770126E+01  8.723055E+01  9.307499E+01  9.630252E+01  9.792426E+01  4.783542E+00  4.789543E+00
  5.001366E+00  5.208488E+00  5.634369E+00  6.465146E+00  8.134778E+00  1.131659E+01  1.714052E+01  2.668146E+01  3.983950E+01  5.448801E+01
  6.849699E+01  8.032780E+01  8.873414E+01  9.388980E+01  9.673718E+01  9.816772E+01  6.836820E+00  6.849623E+00  7.209190E+00  7.568079E+00
  8.273467E+00  9.655502E+00  1.233849E+01  1.719213E+01  2.522877E+01  3.646051E+01  4.911518E+01  6.155902E+01  7.334693E+01  8.335556E+01
  9.046724E+01  9.482903E+01  9.723843E+01  9.844865E+01  1.258348E+01  1.260028E+01  1.341444E+01  1.419709E+01  1.574482E+01  1.856623E+01
  2.357665E+01  3.133965E+01  4.120653E+01  5.110388E+01  6.030384E+01  6.970200E+01  7.895327E+01  8.685571E+01  9.247144E+01  9.591529E+01
  9.781844E+01  9.877404E+01  4.901827E+01  4.906465E+01  4.994842E+01  5.063480E+01  5.178564E+01  5.315813E+01  5.503539E+01  5.751820E+01
  6.102884E+01  6.561885E+01  7.129648E+01  7.790222E+01  8.462505E+01  9.039142E+01  9.449638E+01  9.701093E+01  9.840446E+01  9.910442E+01
  2.453446E+00  2.447973E+00  2.532617E+00  2.608111E+00  2.764194E+00  3.068054E+00  3.691382E+00  4.943269E+00  7.421580E+00  1.226838E+01
  2.117973E+01  3.555987E+01  5.394885E+01  7.104277E+01  8.338776E+01  9.098363E+01  9.516631E+01  9.725300E+01  2.489550E+00  2.483465E+00
  2.570699E+00  2.647810E+00  2.807118E+00  3.119579E+00  3.757743E+00  5.036508E+00  7.568028E+00  1.250298E+01  2.153942E+01  3.601659E+01
  5.436046E+01  7.131236E+01  8.354243E+01  9.106754E+01  9.521123E+01  9.727843E+01  2.605088E+00  2.598217E+00  2.692426E+00  2.775155E+00
  2.948749E+00  3.281356E+00  3.966746E+00  5.330863E+00  8.025892E+00  1.324193E+01  2.266259E+01  3.741370E+01  5.559319E+01  7.211414E+01
  8.400237E+01  9.131715E+01  9.534475E+01  9.735410E+01  2.819566E+00  2.812351E+00  2.924414E+00  3.015419E+00  3.203542E+00  3.576383E+00
  4.348188E+00  5.880578E+00  8.876333E+00  1.460627E+01  2.469208E+01  3.983233E+01  5.763700E+01  7.342863E+01  8.475626E+01  9.172623E+01
  9.556364E+01  9.747819E+01  3.177321E+00  3.168494E+00  3.291357E+00  3.402836E+00  3.633322E+00  4.082293E+00  4.990407E+00  6.800750E+00
  1.030328E+01  1.685578E+01  2.789096E+01  4.338214E+01  6.046541E+01  7.522435E+01  8.578574E+01  9.228496E+01  9.586272E+01  9.764771E+01
  3.762428E+00  3.752450E+00  3.913217E+00  4.053681E+00  4.349546E+00  4.918742E+00  6.085563E+00  8.370128E+00  1.271114E+01  2.049000E+01
  3.267062E+01  4.816166E+01  6.402869E+01  7.746377E+01  8.706960E+01  9.298177E+01  9.623580E+01  9.785931E+01  4.783542E+00  4.771524E+00
  4.996169E+00  5.200749E+00  5.620391E+00  6.439509E+00  8.078018E+00  1.121866E+01  1.694601E+01  2.642678E+01  3.955040E+01  5.417784E+01
  6.826623E+01  8.011523E+01  8.858984E+01  9.380707E+01  9.667788E+01  9.811018E+01  6.836820E+00  6.823106E+00  7.199559E+00  7.553303E+00
  8.241677E+00  9.600356E+00  1.223168E+01  1.701675E+01  2.494178E+01  3.615033E+01  4.885634E+01  6.129208E+01  7.315154E+01  8.317033E+01
  9.034162E+01  9.475803E+01  9.718754E+01  9.839958E+01  1.258348E+01  1.255522E+01  1.339170E+01  1.416217E+01  1.567768E+01  1.844427E+01
  2.337272E+01  3.105590E+01  4.087794E+01  5.085971E+01  6.012373E+01  6.948183E+01  7.879706E+01  8.670293E+01  9.236738E+01  9.585750E+01
  9.777728E+01  9.873481E+01  4.901827E+01  4.890790E+01  4.990744E+01  5.059639E+01  5.171918E+01  5.310564E+01  5.494059E+01  5.745569E+01
  6.089060E+01  6.548618E+01  7.118093E+01  7.775502E+01  8.451114E+01  9.027859E+01  9.442371E+01  9.697012E+01  9.837421E+01  9.907552E+01
  2.453446E+00  2.450523E+00  2.534321E+00  2.608712E+00  2.761040E+00  3.061278E+00  3.678699E+00  4.924910E+00  7.390859E+00  1.216302E+01
  2.101436E+01  3.524457E+01  5.354440E+01  7.074075E+01  8.319182E+01  9.085008E+01  9.507669E+01  9.717066E+01  2.489550E+00  2.486592E+00
  2.572105E+00  2.648320E+00  2.803883E+00  3.113052E+00  3.745599E+00  5.015968E+00  7.533689E+00  1.239449E+01  2.136989E+01  3.569770E+01
  5.395735E+01  7.101305E+01  8.334837E+01  9.093518E+01  9.512240E+01  9.719684E+01  2.605088E+00  2.601536E+00  2.693426E+00  2.775251E+00
  2.945060E+00  3.273551E+00  3.953603E+00  5.306724E+00  7.987289E+00  1.312158E+01  2.248048E+01  3.708821E+01  5.519643E+01  7.182295E+01
  8.381388E+01  9.118820E+01  9.525826E+01  9.727467E+01  2.819566E+00  2.816365E+00  2.926132E+00  3.015747E+00  3.200273E+00  3.567977E+00
  4.332679E+00  5.852086E+00  8.827769E+00  1.446675E+01  2.448803E+01  3.949533E+01  5.725086E+01  7.315125E+01  8.457676E+01  9.160297E+01
  9.548109E+01  9.740232E+01  3.177321E+00  3.173505E+00  3.291822E+00  3.402308E+00  3.627776E+00  4.069107E+00  4.967398E+00  6.761650E+00
  1.023730E+01  1.668299E+01  2.765603E+01  4.303833E+01  6.009820E+01  7.496540E+01  8.561866E+01  9.216946E+01  9.578547E+01  9.757677E+01
  3.762428E+00  3.758125E+00  3.914741E+00  4.053292E+00  4.342584E+00  4.900755E+00  6.052718E+00  8.311399E+00  1.261014E+01  2.027028E+01
  3.240073E+01  4.782214E+01  6.368793E+01  7.722773E+01  8.691787E+01  9.287592E+01  9.616516E+01  9.779446E+01  4.783542E+00  4.778487E+00
  4.996089E+00  5.196664E+00  5.607579E+00  6.411314E+00  8.023340E+00  1.112122E+01  1.679012E+01  2.613935E+01  3.925950E+01  5.386474E+01
  6.795921E+01  7.990580E+01  8.845592E+01  9.371255E+01  9.661500E+01  9.805257E+01  6.836820E+00  6.834512E+00  7.197299E+00  7.540749E+00
  8.215035E+00  9.538649E+00  1.212423E+01  1.684376E+01  2.469891E+01  3.580639E+01  4.859427E+01  6.102494E+01  7.288110E+01  8.299041E+01
  9.022737E+01  9.467647E+01  9.713348E+01  9.835030E+01  1.258348E+01  1.257390E+01  1.338036E+01  1.412969E+01  1.561044E+01  1.830855E+01
  2.315748E+01  3.076866E+01  4.058724E+01  5.057846E+01  5.994329E+01  6.926493E+01  7.856767E+01  8.655537E+01  9.227533E+01  9.579131E+01
  9.773338E+01  9.869518E+01  4.901827E+01  4.895418E+01  4.992076E+01  5.058557E+01  5.167521E+01  5.306081E+01  5.486641E+01  5.737040E+01
  6.080360E+01  6.534861E+01  7.107303E+01  7.760506E+01  8.435174E+01  9.017445E+01  9.435670E+01  9.692313E+01  9.834309E+01  9.904703E+01
  2.453446E+00  2.454328E+00  2.530681E+00  2.604426E+00  2.749708E+00  3.039715E+00  3.633360E+00  4.812809E+00  7.177912E+00  1.172907E+01
  2.012031E+01  3.374286E+01  5.173977E+01  6.922384E+01  8.219595E+01  9.025639E+01  9.473217E+01  9.695376E+01  2.489550E+00  2.490672E+00
  2.568631E+00  2.643986E+00  2.793888E+00  3.091449E+00  3.699411E+00  4.902160E+00  7.313187E+00  1.194593E+01  2.045508E+01  3.418070E+01
  5.215882E+01  6.950957E+01  8.236166E+01  9.034689E+01  9.478096E+01  9.698186E+01  2.605088E+00  2.606186E+00  2.690526E+00  2.769856E+00
  2.931852E+00  3.247509E+00  3.897427E+00  5.177786E+00  7.741856E+00  1.262812E+01  2.150054E+01  3.552579E+01  5.341799E+01  7.035953E+01
  8.285461E+01  9.061618E+01  9.492612E+01  9.706553E+01  2.819566E+00  2.820277E+00  2.920291E+00  3.008855E+00  3.184584E+00  3.536284E+00
  4.264945E+00  5.695614E+00  8.531698E+00  1.388442E+01  2.339266E+01  3.787154E+01  5.552058E+01  7.175439E+01  8.366254E+01  9.105757E+01
  9.516409E+01  9.720269E+01  3.177321E+00  3.178665E+00  3.286461E+00  3.392905E+00  3.607175E+00  4.025805E+00  4.878379E+00  6.554241E+00
  9.850918E+00  1.595384E+01  2.639442E+01  4.135949E+01  5.845283E+01  7.366017E+01  8.476562E+01  9.166037E+01  9.548923E+01  9.739021E+01
  3.762428E+00  3.764715E+00  3.905519E+00  4.040432E+00  4.306709E+00  4.836686E+00  5.914852E+00  8.011848E+00  1.206239E+01  1.930549E+01
  3.093992E+01  4.614562E+01  6.217274E+01  7.603609E+01  8.614034E+01  9.241175E+01  9.589467E+01  9.762414E+01  4.783542E+00  4.785989E+00
  4.980566E+00  5.168301E+00  5.543947E+00  6.290368E+00  7.783855E+00  1.063784E+01  1.595205E+01  2.484583E+01  3.764920E+01  5.230119E+01
  6.660951E+01  7.884554E+01  8.776588E+01  9.330053E+01  9.637446E+01  9.790118E+01  6.836820E+00  6.844891E+00  7.165101E+00  7.475076E+00
  8.089694E+00  9.304152E+00  1.164809E+01  1.597983E+01  2.339542E+01  3.420494E+01  4.706873E+01  5.968661E+01  7.171436E+01  8.207478E+01
  8.963383E+01  9.432226E+01  9.692638E+01  9.822015E+01  1.258348E+01  1.259205E+01  1.329624E+01  1.396623E+01  1.527920E+01  1.773785E+01
  2.217493E+01  2.930340E+01  3.899970E+01  4.924123E+01  5.882555E+01  6.817680E+01  7.759956E+01  8.580325E+01  9.179001E+01  9.550222E+01
  9.756438E+01  9.858919E+01  4.901827E+01  4.903534E+01  4.983221E+01  5.045435E+01  5.146940E+01  5.283316E+01  5.453292E+01  5.689945E+01
  6.028493E+01  6.471059E+01  7.036878E+01  7.683407E+01  8.364567E+01  8.963466E+01  9.400018E+01  9.671413E+01  9.822131E+01  9.897021E+01
  2.453446E+00  2.449871E+00  2.530020E+00  2.601753E+00  2.746049E+00  3.030588E+00  3.618128E+00  4.780736E+00  7.105059E+00  1.160039E+01
  1.977635E+01  3.325040E+01  5.110562E+01  6.868520E+01  8.183126E+01  9.002775E+01  9.459190E+01  9.684033E+01  2.489550E+00  2.486045E+00
  2.567462E+00  2.640841E+00  2.790504E+00  3.080938E+00  3.684258E+00  4.867626E+00  7.239741E+00  1.181270E+01  2.010328E+01  3.368290E+01
  5.152546E+01  6.897569E+01  8.200037E+01  9.012033E+01  9.464199E+01  9.686949E+01  2.605088E+00  2.601010E+00  2.688862E+00  2.766721E+00
  2.927202E+00  3.236866E+00  3.880946E+00  5.140590E+00  7.658328E+00  1.248028E+01  2.112512E+01  3.501059E+01  5.279086E+01  6.984030E+01
  8.250335E+01  9.039574E+01  9.479099E+01  9.695621E+01  2.819566E+00  2.815212E+00  2.918488E+00  3.004975E+00  3.179154E+00  3.524123E+00
  4.243172E+00  5.647756E+00  8.432158E+00  1.370771E+01  2.297549E+01  3.733248E+01  5.490676E+01  7.125900E+01  8.332768E+01  9.084716E+01
  9.503530E+01  9.709836E+01  3.177321E+00  3.172456E+00  3.284573E+00  3.388073E+00  3.600050E+00  4.007586E+00  4.849088E+00  6.492158E+00
  9.721740E+00  1.572997E+01  2.591670E+01  4.079826E+01  5.786520E+01  7.319798E+01  8.445316E+01  9.146360E+01  9.536904E+01  9.729261E+01
  3.762428E+00  3.757473E+00  3.904021E+00  4.032158E+00  4.294813E+00  4.812459E+00  5.865750E+00  7.919721E+00  1.187832E+01  1.900502E+01
  3.038633E+01  4.557797E+01  6.162940E+01  7.561532E+01  8.585558E+01  9.223198E+01  9.578516E+01  9.753504E+01  4.783542E+00  4.776876E+00
  4.975192E+00  5.156630E+00  5.523495E+00  6.247144E+00  7.704307E+00  1.048925E+01  1.567049E+01  2.443456E+01  3.702623E+01  5.176854E+01
  6.612514E+01  7.847219E+01  8.751302E+01  9.314033E+01  9.627737E+01  9.782205E+01  6.836820E+00  6.830941E+00  7.153631E+00  7.450618E+00
  8.048449E+00  9.209311E+00  1.149307E+01  1.570679E+01  2.295406E+01  3.368049E+01  4.645796E+01  5.923446E+01  7.129557E+01  8.175299E+01
  8.941622E+01  9.418390E+01  9.684320E+01  9.815229E+01  1.258348E+01  1.256657E+01  1.326794E+01  1.390903E+01  1.516578E+01  1.753379E+01
  2.185304E+01  2.882804E+01  3.844160E+01  4.880923E+01  5.836276E+01  6.781731E+01  7.725288E+01  8.553895E+01  9.161186E+01  9.538872E+01
  9.749693E+01  9.853432E+01  4.901827E+01  4.897654E+01  4.981579E+01  5.041154E+01  5.141095E+01  5.270009E+01  5.445656E+01  5.680273E+01
  6.010263E+01  6.453214E+01  7.006956E+01  7.658902E+01  8.339568E+01  8.943813E+01  9.387266E+01  9.663264E+01  9.817194E+01  9.893111E+01
  2.453446E+00  2.455428E+00  2.527617E+00  2.598863E+00  2.742888E+00  3.021158E+00  3.597550E+00  4.744806E+00  7.019477E+00  1.142677E+01
  1.943476E+01  3.267599E+01  5.043211E+01  6.807968E+01  8.140714E+01  8.978146E+01  9.443513E+01  9.672350E+01  2.489550E+00  2.491553E+00
  2.565314E+00  2.638018E+00  2.787574E+00  3.071318E+00  3.662003E+00  4.830007E+00  7.151052E+00  1.163435E+01  1.975490E+01  3.310069E+01
  5.085399E+01  6.837538E+01  8.157999E+01  8.987631E+01  9.448660E+01  9.675369E+01  2.605088E+00  2.606741E+00  2.686619E+00  2.763680E+00
  2.923974E+00  3.226543E+00  3.856832E+00  5.099807E+00  7.560255E+00  1.228609E+01  2.075320E+01  3.441219E+01  5.212425E+01  6.925523E+01
  8.209406E+01  9.015847E+01  9.463976E+01  9.684347E+01  2.819566E+00  2.821204E+00  2.915850E+00  3.001425E+00  3.175404E+00  3.511834E+00
  4.214708E+00  5.595631E+00  8.315239E+00  1.348459E+01  2.256198E+01  3.670849E+01  5.425555E+01  7.069959E+01  8.293671E+01  9.062096E+01
  9.489085E+01  9.699072E+01  3.177321E+00  3.179319E+00  3.281021E+00  3.382904E+00  3.592998E+00  3.989916E+00  4.813308E+00  6.426607E+00
  9.574379E+00  1.545597E+01  2.544034E+01  4.014682E+01  5.724334E+01  7.267434E+01  8.408713E+01  9.125257E+01  9.523391E+01  9.719198E+01
  3.762428E+00  3.765897E+00  3.898824E+00  4.024648E+00  4.285247E+00  4.786016E+00  5.813760E+00  7.826216E+00  1.167776E+01  1.865250E+01
  2.982961E+01  4.491795E+01  6.105547E+01  7.513624E+01  8.552034E+01  9.203966E+01  9.566161E+01  9.744305E+01  4.783542E+00  4.787750E+00
  4.968359E+00  5.145529E+00  5.505201E+00  6.206647E+00  7.615355E+00  1.033450E+01  1.536826E+01  2.396030E+01  3.639558E+01  5.114161E+01
  6.561698E+01  7.804468E+01  8.721369E+01  9.296988E+01  9.616738E+01  9.774025E+01  6.836820E+00  6.847808E+00  7.141033E+00  7.427097E+00
  8.011399E+00  9.124278E+00  1.133608E+01  1.542848E+01  2.248287E+01  3.307933E+01  4.583276E+01  5.869785E+01  7.086305E+01  8.138171E+01
  8.915673E+01  9.403767E+01  9.674841E+01  9.808199E+01  1.258348E+01  1.260114E+01  1.323836E+01  1.385645E+01  1.506649E+01  1.734545E+01
  2.151021E+01  2.834546E+01  3.782524E+01  4.828802E+01  5.789083E+01  6.738676E+01  7.690131E+01  8.522977E+01  9.139820E+01  9.527016E+01
  9.741969E+01  9.847728E+01  4.901827E+01  4.907307E+01  4.978683E+01  5.037004E+01  5.136988E+01  5.259222E+01  5.433142E+01  5.665881E+01
  5.990040E+01  6.429919E+01  6.977991E+01  7.629387E+01  8.314581E+01  8.921753E+01  9.372014E+01  9.654836E+01  9.811747E+01  9.888941E+01
  2.453446E+00  2.455271E+00  2.529447E+00  2.597826E+00  2.740091E+00  3.016798E+00  3.586844E+00  4.724546E+00  6.978816E+00  1.132970E+01
  1.933537E+01  3.246347E+01  5.014050E+01  6.785394E+01  8.124062E+01  8.967487E+01  9.435966E+01  9.665197E+01  2.489550E+00  2.491281E+00
  2.567769E+00  2.636909E+00  2.784220E+00  3.067492E+00  3.650936E+00  4.809347E+00  7.108802E+00  1.153549E+01  1.965237E+01  3.288679E+01
  5.056255E+01  6.815154E+01  8.141486E+01  8.977066E+01  9.441181E+01  9.668279E+01  2.605088E+00  2.606600E+00  2.688202E+00  2.763123E+00
  2.920548E+00  3.221418E+00  3.844707E+00  5.077852E+00  7.514282E+00  1.217894E+01  2.064270E+01  3.419133E+01  5.183569E+01  6.903727E+01
  8.193343E+01  9.005560E+01  9.456695E+01  9.677444E+01  2.819566E+00  2.820978E+00  2.916463E+00  3.000323E+00  3.172335E+00  3.506204E+00
  4.200328E+00  5.570678E+00  8.261029E+00  1.336581E+01  2.243812E+01  3.647757E+01  5.397129E+01  7.049165E+01  8.278311E+01  9.052270E+01
  9.482132E+01  9.692475E+01  3.177321E+00  3.179016E+00  3.283736E+00  3.381869E+00  3.587786E+00  3.983350E+00  4.795873E+00  6.394549E+00
  9.509813E+00  1.531587E+01  2.529629E+01  3.990802E+01  5.697080E+01  7.248058E+01  8.394332E+01  9.116055E+01  9.516885E+01  9.713026E+01
  3.762428E+00  3.764555E+00  3.900795E+00  4.021989E+00  4.278683E+00  4.774977E+00  5.790998E+00  7.780582E+00  1.159270E+01  1.847850E+01
  2.966097E+01  4.467683E+01  6.080204E+01  7.495988E+01  8.538866E+01  9.195541E+01  9.560210E+01  9.738662E+01  4.783542E+00  4.786457E+00
  4.970511E+00  5.141210E+00  5.495411E+00  6.189564E+00  7.578529E+00  1.026284E+01  1.524370E+01  2.373422E+01  3.620382E+01  5.091601E+01
  6.538963E+01  7.788860E+01  8.709608E+01  9.289475E+01  9.611446E+01  9.769009E+01  6.836820E+00  6.845319E+00  7.142550E+00  7.419198E+00
  7.991806E+00  9.090302E+00  1.126929E+01  1.530997E+01  2.229212E+01  3.279320E+01  4.564641E+01  5.850832E+01  7.066485E+01  8.124807E+01
  8.905482E+01  9.397271E+01  9.670291E+01  9.803902E+01  1.258348E+01  1.259627E+01  1.323509E+01  1.383710E+01  1.502523E+01  1.727325E+01
  2.137017E+01  2.813615E+01  3.757912E+01  4.802158E+01  5.776958E+01  6.723889E+01  7.673481E+01  8.512231E+01  9.131413E+01  9.521638E+01
  9.738274E+01  9.844264E+01  4.901827E+01  4.905381E+01  4.980424E+01  5.032836E+01  5.132157E+01  5.256174E+01  5.426899E+01  5.658531E+01
  5.980809E+01  6.416367E+01  6.970657E+01  7.618089E+01  8.302380E+01  8.914609E+01  9.365948E+01  9.651014E+01  9.809135E+01  9.886553E+01
  2.453446E+00  2.448744E+00  2.528674E+00  2.599085E+00  2.740623E+00  3.022275E+00  3.592655E+00  4.742728E+00  7.010244E+00  1.140755E+01
  1.942240E+01  3.264311E+01  5.039248E+01  6.805772E+01  8.136961E+01  8.974453E+01  9.438448E+01  9.663069E+01  2.489550E+00  2.484519E+00
  2.566251E+00  2.638129E+00  2.785416E+00  3.073011E+00  3.656896E+00  4.827600E+00  7.141479E+00  1.161456E+01  1.974253E+01  3.306787E+01
  5.081397E+01  6.835349E+01  8.154256E+01  8.983963E+01  9.443638E+01  9.666171E+01  2.605088E+00  2.599683E+00  2.687734E+00  2.764240E+00
  2.921210E+00  3.227910E+00  3.851822E+00  5.096922E+00  7.549882E+00  1.226529E+01  2.074057E+01  3.437875E+01  5.208511E+01  6.923395E+01
  8.205730E+01  9.012254E+01  9.459081E+01  9.675389E+01  2.819566E+00  2.813530E+00  2.915744E+00  3.002169E+00  3.173027E+00  3.513268E+00
  4.208831E+00  5.592706E+00  8.303969E+00  1.346235E+01  2.254804E+01  3.667383E+01  5.421629E+01  7.067941E+01  8.290084E+01  9.058633E+01
  9.484398E+01  9.690513E+01  3.177321E+00  3.171422E+00  3.282302E+00  3.383738E+00  3.589704E+00  3.992345E+00  4.807685E+00  6.423574E+00
  9.561593E+00  1.543096E+01  2.542487E+01  4.011262E+01  5.720573E+01  7.265550E+01  8.405269E+01  9.121970E+01  9.518995E+01  9.711189E+01
  3.762428E+00  3.755139E+00  3.899745E+00  4.024584E+00  4.281799E+00  4.787453E+00  5.806512E+00  7.819609E+00  1.166241E+01  1.862337E+01
  2.981273E+01  4.488490E+01  6.101998E+01  7.511911E+01  8.548771E+01  9.200909E+01  9.562132E+01  9.736990E+01  4.783542E+00  4.774524E+00
  4.969857E+00  5.145155E+00  5.501324E+00  6.208757E+00  7.604968E+00  1.032606E+01  1.534749E+01  2.392540E+01  3.637715E+01  5.111213E+01
  6.558427E+01  7.802975E+01  8.718331E+01  9.294212E+01  9.613150E+01  9.767538E+01  6.836820E+00  6.828715E+00  7.142945E+00  7.426827E+00
  8.003599E+00  9.127063E+00  1.132011E+01  1.541815E+01  2.245290E+01  3.303860E+01  4.581636E+01  5.867382E+01  7.083363E+01  8.136916E+01
  8.912932E+01  9.401344E+01  9.671770E+01  9.802676E+01  1.258348E+01  1.256150E+01  1.323980E+01  1.385704E+01  1.505652E+01  1.734885E+01
  2.148447E+01  2.832905E+01  3.778740E+01  4.824614E+01  5.788180E+01  6.736755E+01  7.687656E+01  8.522011E+01  9.137490E+01  9.525021E+01
  9.739507E+01  9.843336E+01  4.901827E+01  4.892537E+01  4.978764E+01  5.037330E+01  5.133631E+01  5.260836E+01  5.430888E+01  5.664957E+01
  5.987474E+01  6.427711E+01  6.977131E+01  7.627708E+01  8.312768E+01  8.921103E+01  9.370374E+01  9.653392E+01  9.809975E+01  9.885815E+01
  2.453446E+00  2.450766E+00  2.528222E+00  2.599932E+00  2.742830E+00  3.023449E+00  3.601422E+00  4.749850E+00  7.037719E+00  1.147526E+01
  1.954874E+01  3.284363E+01  5.062931E+01  6.825756E+01  8.151121E+01  8.982598E+01  9.440119E+01  9.660886E+01  2.489550E+00  2.486094E+00
  2.566078E+00  2.639294E+00  2.787805E+00  3.073891E+00  3.665980E+00  4.836907E+00  7.170020E+00  1.168403E+01  1.987045E+01  3.327076E+01
  5.105084E+01  6.855156E+01  8.168294E+01  8.992041E+01  9.445291E+01  9.664005E+01  2.605088E+00  2.601703E+00  2.687440E+00  2.765028E+00
  2.923645E+00  3.229297E+00  3.861029E+00  5.106436E+00  7.582103E+00  1.234098E+01  2.087734E+01  3.458744E+01  5.232065E+01  6.942666E+01
  8.219384E+01  9.020128E+01  9.460675E+01  9.673278E+01  2.819566E+00  2.816275E+00  2.916736E+00  3.002379E+00  3.176614E+00  3.515102E+00
  4.220412E+00  5.604670E+00  8.342043E+00  1.354706E+01  2.269951E+01  3.689104E+01  5.444775E+01  7.086305E+01  8.303128E+01  9.066173E+01
  9.485901E+01  9.688493E+01  3.177321E+00  3.173110E+00  3.281639E+00  3.384800E+00  3.593749E+00  3.994984E+00  4.820940E+00  6.439514E+00
  9.610258E+00  1.553255E+01  2.559851E+01  4.033943E+01  5.742830E+01  7.282694E+01  8.417467E+01  9.129057E+01  9.520374E+01  9.709289E+01
  3.762428E+00  3.757696E+00  3.899977E+00  4.027676E+00  4.287610E+00  4.792617E+00  5.826262E+00  7.846107E+00  1.172966E+01  1.875438E+01
  3.001369E+01  4.511554E+01  6.122781E+01  7.527505E+01  8.559930E+01  9.207433E+01  9.563364E+01  9.735251E+01  4.783542E+00  4.777747E+00
  4.969849E+00  5.148851E+00  5.509651E+00  6.218048E+00  7.636232E+00  1.037100E+01  1.544746E+01  2.409745E+01  3.660649E+01  5.133155E+01
  6.577087E+01  7.816782E+01  8.728301E+01  9.300089E+01  9.614220E+01  9.765990E+01  6.836820E+00  6.828111E+00  7.144343E+00  7.437292E+00
  8.021141E+00  9.147802E+00  1.137700E+01  1.549840E+01  2.261432E+01  3.325494E+01  4.604430E+01  5.886192E+01  7.099555E+01  8.148796E+01
  8.921589E+01  9.406490E+01  9.672680E+01  9.801371E+01  1.258348E+01  1.256821E+01  1.324689E+01  1.387344E+01  1.509183E+01  1.740396E+01
  2.159967E+01  2.846997E+01  3.799493E+01  4.843721E+01  5.806015E+01  6.752019E+01  7.701065E+01  8.531938E+01  9.144622E+01  9.529322E+01
  9.740254E+01  9.842322E+01  4.901827E+01  4.895394E+01  4.979605E+01  5.038915E+01  5.138012E+01  5.262406E+01  5.434240E+01  5.667527E+01
  5.994642E+01  6.436084E+01  6.988780E+01  7.636548E+01  8.321951E+01  8.928385E+01  9.375613E+01  9.656487E+01  9.810535E+01  9.885082E+01
  2.453446E+00  2.454531E+00  2.529127E+00  2.601107E+00  2.744172E+00  3.026218E+00  3.611565E+00  4.764642E+00  7.071592E+00  1.154728E+01
  1.966920E+01  3.302476E+01  5.086483E+01  6.845791E+01  8.163770E+01  8.988062E+01  9.442216E+01  9.658210E+01  2.489550E+00  2.489628E+00
  2.566705E+00  2.640661E+00  2.789298E+00  3.076767E+00  3.677172E+00  4.851043E+00  7.205354E+00  1.175777E+01  1.999318E+01  3.345496E+01
  5.128601E+01  6.875032E+01  8.180827E+01  8.997443E+01  9.447369E+01  9.661351E+01  2.605088E+00  2.605094E+00  2.688143E+00  2.766302E+00
  2.925503E+00  3.232486E+00  3.873121E+00  5.121799E+00  7.620222E+00  1.242025E+01  2.100740E+01  3.477748E+01  5.255323E+01  6.962050E+01
  8.231553E+01  9.025346E+01  9.462700E+01  9.670691E+01  2.819566E+00  2.820226E+00  2.916265E+00  3.003729E+00  3.177351E+00  3.518508E+00
  4.233717E+00  5.625088E+00  8.387150E+00  1.363688E+01  2.284421E+01  3.709098E+01  5.467565E+01  7.104867E+01  8.314703E+01  9.071089E+01
  9.487838E+01  9.686018E+01  3.177321E+00  3.176240E+00  3.282914E+00  3.386320E+00  3.595926E+00  3.999894E+00  4.836966E+00  6.462916E+00
  9.665616E+00  1.564098E+01  2.576377E+01  4.054874E+01  5.764585E+01  7.300111E+01  8.428247E+01  9.133564E+01  9.522191E+01  9.706969E+01
  3.762428E+00  3.762545E+00  3.901684E+00  4.030528E+00  4.291139E+00  4.800777E+00  5.847890E+00  7.879937E+00  1.180423E+01  1.888852E+01
  3.020771E+01  4.532980E+01  6.142861E+01  7.543500E+01  8.569728E+01  9.211442E+01  9.565034E+01  9.733125E+01  4.783542E+00  4.784192E+00
  4.973037E+00  5.153038E+00  5.516331E+00  6.231425E+00  7.674516E+00  1.042567E+01  1.555912E+01  2.427538E+01  3.682477E+01  5.153737E+01
  6.594948E+01  7.831136E+01  8.736958E+01  9.303527E+01  9.615735E+01  9.764112E+01  6.836820E+00  6.840988E+00  7.149218E+00  7.443750E+00
  8.033762E+00  9.177736E+00  1.143900E+01  1.559780E+01  2.278192E+01  3.347337E+01  4.626226E+01  5.904011E+01  7.114866E+01  8.161339E+01
  8.929010E+01  9.409322E+01  9.674036E+01  9.799785E+01  1.258348E+01  1.259165E+01  1.325809E+01  1.389147E+01  1.512658E+01  1.746126E+01
  2.172402E+01  2.864059E+01  3.821655E+01  4.862725E+01  5.822458E+01  6.766565E+01  7.713540E+01  8.542327E+01  9.150699E+01  9.531489E+01
  9.741439E+01  9.841090E+01  4.901827E+01  4.902749E+01  4.980686E+01  5.040322E+01  5.139432E+01  5.264170E+01  5.441854E+01  5.673103E+01
  6.002867E+01  6.445230E+01  6.998732E+01  7.647266E+01  8.331378E+01  8.935823E+01  9.380329E+01  9.658071E+01  9.811333E+01  9.884189E+01
  2.453446E+00  2.455735E+00  2.528948E+00  2.601378E+00  2.747204E+00  3.029064E+00  3.613260E+00  4.779424E+00  7.099494E+00  1.158995E+01
  1.978431E+01  3.322640E+01  5.108985E+01  6.864073E+01  8.177529E+01  8.994712E+01  9.443591E+01  9.655482E+01  2.489550E+00  2.491747E+00
  2.567103E+00  2.640938E+00  2.791423E+00  3.078963E+00  3.679797E+00  4.866467E+00  7.233720E+00  1.180195E+01  2.011111E+01  3.365836E+01
  5.151047E+01  6.893131E+01  8.194472E+01  9.004031E+01  9.448727E+01  9.658643E+01  2.605088E+00  2.606693E+00  2.688562E+00  2.767108E+00
  2.928698E+00  3.234995E+00  3.875680E+00  5.139756E+00  7.651494E+00  1.246897E+01  2.113277E+01  3.498640E+01  5.277612E+01  6.979655E+01
  8.244858E+01  9.031754E+01  9.464009E+01  9.668054E+01  2.819566E+00  2.821084E+00  2.918164E+00  3.005752E+00  3.181192E+00  3.521663E+00
  4.237789E+00  5.646192E+00  8.425364E+00  1.369553E+01  2.298314E+01  3.730837E+01  5.489390E+01  7.121623E+01  8.327452E+01  9.077201E+01
  9.489070E+01  9.683492E+01  3.177321E+00  3.179668E+00  3.282801E+00  3.388051E+00  3.600970E+00  4.004882E+00  4.843571E+00  6.490147E+00
  9.714211E+00  1.571513E+01  2.592408E+01  4.077398E+01  5.785538E+01  7.315673E+01  8.440226E+01  9.139276E+01  9.523316E+01  9.704600E+01
  3.762428E+00  3.764659E+00  3.902114E+00  4.031910E+00  4.296377E+00  4.808372E+00  5.858464E+00  7.916366E+00  1.186961E+01  1.898714E+01
  3.039368E+01  4.555492E+01  6.162250E+01  7.557588E+01  8.580759E+01  9.216661E+01  9.566037E+01  9.730955E+01  4.783542E+00  4.787502E+00
  4.973166E+00  5.156684E+00  5.525689E+00  6.243466E+00  7.695378E+00  1.048587E+01  1.565748E+01  2.441168E+01  3.703422E+01  5.174803E+01
  6.612270E+01  7.843526E+01  8.746877E+01  9.308185E+01  9.616602E+01  9.762186E+01  6.836820E+00  6.847252E+00  7.150972E+00  7.451089E+00
  8.051649E+00  9.207613E+00  1.148142E+01  1.570038E+01  2.293915E+01  3.365239E+01  4.646878E+01  5.921931E+01  7.129845E+01  8.171938E+01
  8.937683E+01  9.413373E+01  9.674769E+01  9.798159E+01  1.258348E+01  1.259407E+01  1.326291E+01  1.390783E+01  1.517356E+01  1.752314E+01
  2.183221E+01  2.881767E+01  3.842510E+01  4.877897E+01  5.837884E+01  6.780943E+01  7.725978E+01  8.550960E+01  9.157911E+01  9.534875E+01
  9.742048E+01  9.839825E+01  4.901827E+01  4.903052E+01  4.980367E+01  5.039928E+01  5.145893E+01  5.269372E+01  5.444178E+01  5.680061E+01
  6.009156E+01  6.450607E+01  7.008032E+01  7.658218E+01  8.340116E+01  8.941916E+01  9.385136E+01  9.660449E+01  9.811756E+01  9.883253E+01
  2.453446E+00  2.455917E+00  2.529138E+00  2.601887E+00  2.747092E+00  3.033573E+00  3.621685E+00  4.786988E+00  7.122153E+00  1.163274E+01
  1.989919E+01  3.341401E+01  5.129832E+01  6.883481E+01  8.188136E+01  9.000992E+01  9.445019E+01  9.652725E+01  2.489550E+00  2.491234E+00
  2.567310E+00  2.640859E+00  2.791110E+00  3.083182E+00  3.688099E+00  4.874682E+00  7.257263E+00  1.184612E+01  2.022902E+01  3.384788E+01
  5.171825E+01  6.912394E+01  8.204964E+01  9.010254E+01  9.450137E+01  9.655907E+01  2.605088E+00  2.606697E+00  2.688797E+00  2.766591E+00
  2.928688E+00  3.239914E+00  3.885490E+00  5.149241E+00  7.677755E+00  1.251824E+01  2.125936E+01  3.518301E+01  5.298210E+01  6.998424E+01
  8.255020E+01  9.037807E+01  9.465376E+01  9.665383E+01  2.819566E+00  2.821202E+00  2.918802E+00  3.005238E+00  3.180964E+00  3.528022E+00
  4.249523E+00  5.659718E+00  8.455726E+00  1.375512E+01  2.312330E+01  3.751399E+01  5.509478E+01  7.139607E+01  8.337070E+01  9.082973E+01
  9.490366E+01  9.680939E+01  3.177321E+00  3.179146E+00  3.284182E+00  3.387774E+00  3.602177E+00  4.013395E+00  4.856609E+00  6.507226E+00
  9.755730E+00  1.579003E+01  2.608481E+01  4.098783E+01  5.804622E+01  7.332557E+01  8.449113E+01  9.144667E+01  9.524516E+01  9.702206E+01
  3.762428E+00  3.765476E+00  3.902718E+00  4.033476E+00  4.297647E+00  4.818549E+00  5.878500E+00  7.944221E+00  1.192787E+01  1.909064E+01
  3.057988E+01  4.577216E+01  6.179732E+01  7.573095E+01  8.588760E+01  9.221585E+01  9.567124E+01  9.728767E+01  4.783542E+00  4.786424E+00
  4.975943E+00  5.157964E+00  5.529291E+00  6.259567E+00  7.727326E+00  1.053055E+01  1.575083E+01  2.455177E+01  3.724425E+01  5.195450E+01
  6.627635E+01  7.857458E+01  8.753864E+01  9.312570E+01  9.617564E+01  9.760249E+01  6.836820E+00  6.845892E+00  7.154164E+00  7.455949E+00
  8.060412E+00  9.239194E+00  1.154209E+01  1.578383E+01  2.308210E+01  3.383172E+01  4.667381E+01  5.939781E+01  7.142805E+01  8.184110E+01
  8.943579E+01  9.417168E+01  9.675610E+01  9.796523E+01  1.258348E+01  1.259523E+01  1.327211E+01  1.392397E+01  1.520630E+01  1.759790E+01
  2.195350E+01  2.896177E+01  3.861178E+01  4.893096E+01  5.853152E+01  6.795198E+01  7.736486E+01  8.561132E+01  9.162604E+01  9.538004E+01
  9.742755E+01  9.838559E+01  4.901827E+01  4.904058E+01  4.982959E+01  5.040598E+01  5.145001E+01  5.272878E+01  5.447206E+01  5.681383E+01
  6.015334E+01  6.457619E+01  7.017706E+01  7.667625E+01  8.347726E+01  8.949377E+01  9.388732E+01  9.662673E+01  9.812262E+01  9.882323E+01
  2.453446E+00  2.455954E+00  2.528726E+00  2.601863E+00  2.748151E+00  3.037935E+00  3.628070E+00  4.799691E+00  7.149311E+00  1.166693E+01
  2.000597E+01  3.357418E+01  5.147711E+01  6.902850E+01  8.200803E+01  9.006747E+01  9.445951E+01  9.649900E+01  2.489550E+00  2.492294E+00
  2.567175E+00  2.641500E+00  2.792571E+00  3.088613E+00  3.693955E+00  4.889304E+00  7.285243E+00  1.188368E+01  2.033740E+01  3.400988E+01
  5.189634E+01  6.931605E+01  8.217519E+01  9.015955E+01  9.451057E+01  9.653110E+01  2.605088E+00  2.607388E+00  2.688519E+00  2.767381E+00
  2.930304E+00  3.244928E+00  3.891767E+00  5.164598E+00  7.708817E+00  1.256009E+01  2.137558E+01  3.534927E+01  5.315802E+01  7.017162E+01
  8.267268E+01  9.043343E+01  9.466260E+01  9.662660E+01  2.819566E+00  2.821904E+00  2.917890E+00  3.005565E+00  3.182886E+00  3.533430E+00
  4.257416E+00  5.678319E+00  8.493019E+00  1.380471E+01  2.325302E+01  3.768827E+01  5.526506E+01  7.157546E+01  8.348799E+01  9.088245E+01
  9.491189E+01  9.678332E+01  3.177321E+00  3.179919E+00  3.283306E+00  3.388655E+00  3.605025E+00  4.020327E+00  4.866992E+00  6.531298E+00
  9.803690E+00  1.585497E+01  2.623426E+01  4.117056E+01  5.820667E+01  7.349397E+01  8.460143E+01  9.149578E+01  9.525259E+01  9.699769E+01
  3.762428E+00  3.766012E+00  3.902792E+00  4.034962E+00  4.303020E+00  4.829018E+00  5.897727E+00  7.979716E+00  1.199475E+01  1.917872E+01
  3.075464E+01  4.595739E+01  6.194160E+01  7.588576E+01  8.598927E+01  9.226056E+01  9.567770E+01  9.726539E+01  4.783542E+00  4.788958E+00
  4.976769E+00  5.160675E+00  5.536380E+00  6.277290E+00  7.756797E+00  1.058393E+01  1.585225E+01  2.467687E+01  3.744019E+01  5.212831E+01
  6.640013E+01  7.871360E+01  8.763053E+01  9.316537E+01  9.618116E+01  9.758282E+01  6.836820E+00  6.849666E+00  7.157406E+00  7.461122E+00
  8.076802E+00  9.272764E+00  1.159790E+01  1.588162E+01  2.324228E+01  3.399117E+01  4.686531E+01  5.954481E+01  7.152882E+01  8.196285E+01
  8.951674E+01  9.420590E+01  9.676079E+01  9.794869E+01  1.258348E+01  1.259571E+01  1.327911E+01  1.393674E+01  1.524058E+01  1.767303E+01
  2.206368E+01  2.912827E+01  3.881192E+01  4.905740E+01  5.867396E+01  6.806981E+01  7.744311E+01  8.571408E+01  9.169497E+01  9.540809E+01
  9.743158E+01  9.837279E+01  4.901827E+01  4.906008E+01  4.982433E+01  5.042134E+01  5.146381E+01  5.278777E+01  5.450804E+01  5.684359E+01
  6.024141E+01  6.462636E+01  7.028166E+01  7.676073E+01  8.353041E+01  8.956793E+01  9.393410E+01  9.664592E+01  9.812527E+01  9.881343E+01
  2.453446E+00  2.450347E+00  2.530672E+00  2.603404E+00  2.750132E+00  3.037542E+00  3.628207E+00  4.809820E+00  7.168145E+00  1.172424E+01
  2.010160E+01  3.373915E+01  5.169511E+01  6.918980E+01  8.211132E+01  9.011951E+01  9.447125E+01  9.646882E+01  2.489550E+00  2.486489E+00
  2.569066E+00  2.642929E+00  2.794156E+00  3.088452E+00  3.694406E+00  4.898901E+00  7.303581E+00  1.194177E+01  2.043606E+01  3.417715E+01
  5.211380E+01  6.947574E+01  8.227753E+01  9.021106E+01  9.452221E+01  9.650117E+01  2.605088E+00  2.601535E+00  2.690323E+00  2.768991E+00
  2.931678E+00  3.244544E+00  3.892953E+00  5.174300E+00  7.730937E+00  1.262370E+01  2.148037E+01  3.552283E+01  5.337394E+01  7.032682E+01
  8.277189E+01  9.048334E+01  9.467388E+01  9.659743E+01  2.819566E+00  2.815376E+00  2.921071E+00  3.008025E+00  3.185347E+00  3.534315E+00
  4.259761E+00  5.692121E+00  8.520859E+00  1.387911E+01  2.337121E+01  3.786973E+01  5.547717E+01  7.172319E+01  8.358224E+01  9.092979E+01
  9.492262E+01  9.675544E+01  3.177321E+00  3.173247E+00  3.286559E+00  3.390980E+00  3.607511E+00  4.022555E+00  4.872544E+00  6.549919E+00
  9.838875E+00  1.594864E+01  2.637082E+01  4.135954E+01  5.841082E+01  7.363120E+01  8.468880E+01  9.153961E+01  9.526260E+01  9.697153E+01
  3.762428E+00  3.757417E+00  3.906901E+00  4.038179E+00  4.306890E+00  4.832753E+00  5.907534E+00  8.007182E+00  1.204880E+01  1.929934E+01
  3.091354E+01  4.614919E+01  6.213261E+01  7.601010E+01  8.606821E+01  9.230016E+01  9.568688E+01  9.724150E+01  4.783542E+00  4.777018E+00
  4.981053E+00  5.165830E+00  5.543955E+00  6.285917E+00  7.775699E+00  1.063271E+01  1.593517E+01  2.483892E+01  3.761972E+01  5.230959E+01
  6.657321E+01  7.882333E+01  8.769989E+01  9.320021E+01  9.618948E+01  9.756164E+01  6.836820E+00  6.833131E+00  7.163845E+00  7.470173E+00
  8.089834E+00  9.295305E+00  1.163775E+01  1.597164E+01  2.337340E+01  3.419722E+01  4.703586E+01  5.970091E+01  7.168226E+01  8.205676E+01
  8.957565E+01  9.423566E+01  9.676828E+01  9.793082E+01  1.258348E+01  1.257548E+01  1.329736E+01  1.395889E+01  1.528030E+01  1.772561E+01
  2.215378E+01  2.929020E+01  3.897353E+01  4.923870E+01  5.879352E+01  6.819703E+01  7.757471E+01  8.579023E+01  9.174280E+01  9.543258E+01
  9.743826E+01  9.835892E+01  4.901827E+01  4.895701E+01  4.984286E+01  5.043435E+01  5.147861E+01  5.281166E+01  5.451381E+01  5.689584E+01
  6.026806E+01  6.471088E+01  7.034365E+01  7.684831E+01  8.363072E+01  8.962440E+01  9.397154E+01  9.666350E+01  9.812965E+01  9.880362E+01
  2.453446E+00  2.456076E+00  2.529284E+00  2.601245E+00  2.750033E+00  3.037228E+00  3.630173E+00  4.801609E+00  7.165846E+00  1.168925E+01
  2.005417E+01  3.366691E+01  5.160510E+01  6.911517E+01  8.205474E+01  9.007715E+01  9.442653E+01  9.641086E+01  2.489550E+00  2.491715E+00
  2.567407E+00  2.640494E+00  2.793840E+00  3.088503E+00  3.696053E+00  4.891132E+00  7.301575E+00  1.190659E+01  2.038762E+01  3.410384E+01
  5.202412E+01  6.940202E+01  8.222146E+01  9.016910E+01  9.447788E+01  9.644370E+01  2.605088E+00  2.607124E+00  2.688825E+00  2.766462E+00
  2.931197E+00  3.244611E+00  3.893559E+00  5.166151E+00  7.727503E+00  1.258504E+01  2.142846E+01  3.544677E+01  5.328506E+01  7.025511E+01
  8.271735E+01  9.044254E+01  9.463066E+01  9.654150E+01  2.819566E+00  2.821657E+00  2.919378E+00  3.006011E+00  3.184625E+00  3.533181E+00
  4.260982E+00  5.682446E+00  8.515342E+00  1.383548E+01  2.331379E+01  3.779024E+01  5.539045E+01  7.165501E+01  8.353020E+01  9.089088E+01
  9.488126E+01  9.670200E+01  3.177321E+00  3.179382E+00  3.284742E+00  3.388452E+00  3.606568E+00  4.020711E+00  4.871906E+00  6.537318E+00
  9.831611E+00  1.589474E+01  2.630511E+01  4.127673E+01  5.832793E+01  7.356783E+01  8.464029E+01  9.150336E+01  9.522379E+01  9.692154E+01
  3.762428E+00  3.766342E+00  3.903889E+00  4.033536E+00  4.305834E+00  4.830164E+00  5.905654E+00  7.990566E+00  1.203399E+01  1.923181E+01
  3.083869E+01  4.606578E+01  6.205602E+01  7.595293E+01  8.602399E+01  9.226714E+01  9.565131E+01  9.719578E+01  4.783542E+00  4.788649E+00
  4.978271E+00  5.160754E+00  5.541866E+00  6.282601E+00  7.769163E+00  1.060352E+01  1.591027E+01  2.475114E+01  3.753645E+01  5.223132E+01
  6.650483E+01  7.877287E+01  8.766066E+01  9.317097E+01  9.615770E+01  9.752106E+01  6.836820E+00  6.849251E+00  7.158877E+00  7.461930E+00
  8.084376E+00  9.283500E+00  1.162441E+01  1.592190E+01  2.333369E+01  3.408603E+01  4.695718E+01  5.963464E+01  7.162276E+01  8.201386E+01
  8.954169E+01  9.421065E+01  9.674091E+01  9.789617E+01  1.258348E+01  1.259382E+01  1.328719E+01  1.394221E+01  1.526468E+01  1.770490E+01
  2.211889E+01  2.920477E+01  3.893206E+01  4.913372E+01  5.874064E+01  6.814471E+01  7.752319E+01  8.575524E+01  9.171473E+01  9.541216E+01
  9.741611E+01  9.833119E+01  4.901827E+01  4.905644E+01  4.982653E+01  5.042681E+01  5.147947E+01  5.281284E+01  5.452279E+01  5.687011E+01
  6.028000E+01  6.466046E+01  7.031738E+01  7.682111E+01  8.359077E+01  8.959917E+01  9.394828E+01  9.664957E+01  9.811399E+01  9.878349E+01
  2.453446E+00  2.456373E+00  2.528162E+00  2.603235E+00  2.746438E+00  3.032812E+00  3.622482E+00  4.793519E+00  7.139750E+00  1.163971E+01
  1.994530E+01  3.342523E+01  5.132978E+01  6.886812E+01  8.189211E+01  8.997036E+01  9.435199E+01  9.633840E+01  2.489550E+00  2.492617E+00
  2.566461E+00  2.642519E+00  2.791414E+00  3.082671E+00  3.688689E+00  4.881821E+00  7.275666E+00  1.185416E+01  2.027598E+01  3.385974E+01
  5.174940E+01  6.915687E+01  8.206017E+01  9.006318E+01  9.440400E+01  9.637193E+01  2.605088E+00  2.607903E+00  2.687601E+00  2.768376E+00
  2.928355E+00  3.238999E+00  3.886155E+00  5.156715E+00  7.697034E+00  1.252843E+01  2.130812E+01  3.519550E+01  5.301243E+01  7.001582E+01
  8.256021E+01  9.033932E+01  9.455875E+01  9.647163E+01  2.819566E+00  2.821971E+00  2.917387E+00  3.007159E+00  3.180540E+00  3.527126E+00
  4.250339E+00  5.668476E+00  8.478266E+00  1.376684E+01  2.317695E+01  3.752896E+01  5.512384E+01  7.142549E+01  8.337983E+01  9.079205E+01
  9.481255E+01  9.663521E+01  3.177321E+00  3.181104E+00  3.282938E+00  3.390408E+00  3.602086E+00  4.013191E+00  4.858830E+00  6.518417E+00
  9.782374E+00  1.580705E+01  2.614537E+01  4.100527E+01  5.807269E+01  7.335210E+01  8.449918E+01  9.141055E+01  9.515948E+01  9.685899E+01
  3.762428E+00  3.766641E+00  3.901713E+00  4.036091E+00  4.298360E+00  4.819404E+00  5.881994E+00  7.959882E+00  1.196200E+01  1.911590E+01
  3.064954E+01  4.579011E+01  6.181918E+01  7.575409E+01  8.589445E+01  9.218187E+01  9.559248E+01  9.713859E+01  4.783542E+00  4.789630E+00
  4.975123E+00  5.162049E+00  5.530824E+00  6.261956E+00  7.732686E+00  1.055399E+01  1.579955E+01  2.459050E+01  3.732058E+01  5.197029E+01
  6.629251E+01  7.859383E+01  8.754439E+01  9.309454E+01  9.610535E+01  9.747018E+01  6.836820E+00  6.849747E+00  7.153796E+00  7.461589E+00
  8.063344E+00  9.245371E+00  1.155812E+01  1.582335E+01  2.315081E+01  3.388440E+01  4.674850E+01  5.940658E+01  7.143765E+01  8.185670E+01
  8.944106E+01  9.414416E+01  9.669589E+01  9.785252E+01  1.258348E+01  1.260032E+01  1.327262E+01  1.393715E+01  1.521391E+01  1.761227E+01
  2.198597E+01  2.903189E+01  3.869783E+01  4.897779E+01  5.858774E+01  6.795490E+01  7.736928E+01  8.562360E+01  9.163104E+01  9.535747E+01
  9.737955E+01  9.829593E+01  4.901827E+01  4.905893E+01  4.982627E+01  5.043596E+01  5.143460E+01  5.272453E+01  5.447179E+01  5.682928E+01
  6.020973E+01  6.459184E+01  7.021663E+01  7.667116E+01  8.347723E+01  8.950259E+01  9.389089E+01  9.660973E+01  9.808863E+01  9.875801E+01
  2.453446E+00  2.450122E+00  2.528775E+00  2.600940E+00  2.745524E+00  3.028894E+00  3.614972E+00  4.775000E+00  7.099082E+00  1.158276E+01
  1.975278E+01  3.321888E+01  5.108044E+01  6.864095E+01  8.173124E+01  8.987165E+01  9.427975E+01  9.626510E+01  2.489550E+00  2.486236E+00
  2.566447E+00  2.640501E+00  2.790309E+00  3.079277E+00  3.681302E+00  4.862174E+00  7.233380E+00  1.179479E+01  2.007984E+01  3.365083E+01
  5.150118E+01  6.893162E+01  8.190079E+01  8.996540E+01  9.433241E+01  9.629924E+01  2.605088E+00  2.601192E+00  2.687599E+00  2.766279E+00
  2.926836E+00  3.235002E+00  3.877932E+00  5.134998E+00  7.651556E+00  1.246186E+01  2.110209E+01  3.497937E+01  5.276648E+01  6.979691E+01
  8.240515E+01  9.024424E+01  9.448911E+01  9.640086E+01  2.819566E+00  2.815076E+00  2.917848E+00  3.004399E+00  3.179831E+00  3.522479E+00
  4.240070E+00  5.641540E+00  8.425887E+00  1.368936E+01  2.295182E+01  3.730214E+01  5.488420E+01  7.121682E+01  8.323190E+01  9.070148E+01
  9.474610E+01  9.656757E+01  3.177321E+00  3.172803E+00  3.282539E+00  3.386922E+00  3.599879E+00  4.005368E+00  4.845793E+00  6.485013E+00
  9.715243E+00  1.570987E+01  2.589339E+01  4.076836E+01  5.784484E+01  7.315771E+01  8.436095E+01  9.132609E+01  9.509744E+01  9.679568E+01
  3.762428E+00  3.756744E+00  3.901627E+00  4.030817E+00  4.295230E+00  4.809603E+00  5.862202E+00  7.911969E+00  1.187174E+01  1.898419E+01
  3.036361E+01  4.555011E+01  6.161064E+01  7.557740E+01  8.576811E+01  9.210499E+01  9.553591E+01  9.708068E+01  4.783542E+00  4.777092E+00
  4.973697E+00  5.155177E+00  5.523776E+00  6.244431E+00  7.700738E+00  1.048063E+01  1.566424E+01  2.441225E+01  3.700499E+01  5.174322E+01
  6.610941E+01  7.843786E+01  8.743199E+01  9.302653E+01  9.605521E+01  9.741867E+01  6.836820E+00  6.830938E+00  7.152033E+00  7.450361E+00
  8.048881E+00  9.210600E+00  1.148915E+01  1.569713E+01  2.295019E+01  3.365636E+01  4.643880E+01  5.921223E+01  7.128436E+01  8.172324E+01
  8.934367E+01  9.408601E+01  9.665305E+01  9.780831E+01  1.258348E+01  1.256604E+01  1.326256E+01  1.390886E+01  1.517153E+01  1.752664E+01
  2.184661E+01  2.881594E+01  3.843724E+01  4.878127E+01  5.834830E+01  6.780083E+01  7.724580E+01  8.551497E+01  9.155157E+01  9.531026E+01
  9.734504E+01  9.826019E+01  4.901827E+01  4.895216E+01  4.980404E+01  5.040582E+01  5.142604E+01  5.268702E+01  5.444933E+01  5.678700E+01
  6.009604E+01  6.450901E+01  7.005658E+01  7.657368E+01  8.339005E+01  8.942175E+01  9.383310E+01  9.657747E+01  9.806376E+01  9.873178E+01
  2.453446E+00  2.453874E+00  2.527855E+00  2.599933E+00  2.742927E+00  3.024943E+00  3.606644E+00  4.759892E+00  7.056837E+00  1.151443E+01
  1.962934E+01  3.296208E+01  5.080013E+01  6.837661E+01  8.156676E+01  8.976078E+01  9.420018E+01  9.619302E+01  2.489550E+00  2.489212E+00
  2.565068E+00  2.638813E+00  2.787371E+00  3.075763E+00  3.671897E+00  4.846102E+00  7.189962E+00  1.172481E+01  1.995344E+01  3.339153E+01
  5.122129E+01  6.866945E+01  8.173781E+01  8.985547E+01  9.425350E+01  9.622776E+01  2.605088E+00  2.604848E+00  2.686412E+00  2.764382E+00
  2.923649E+00  3.230841E+00  3.867851E+00  5.116859E+00  7.604142E+00  1.238627E+01  2.096645E+01  3.471392E+01  5.248928E+01  6.954063E+01
  8.224676E+01  9.013721E+01  9.441221E+01  9.633124E+01  2.819566E+00  2.819302E+00  2.916182E+00  3.002503E+00  3.175541E+00  3.517353E+00
  4.228018E+00  5.619735E+00  8.369075E+00  1.360006E+01  2.280079E+01  3.702570E+01  5.461270E+01  7.097066E+01  8.308096E+01  9.059917E+01
  9.467251E+01  9.650108E+01  3.177321E+00  3.176180E+00  3.281068E+00  3.384324E+00  3.594066E+00  3.998044E+00  4.831195E+00  6.456661E+00
  9.646473E+00  1.559970E+01  2.571694E+01  4.048278E+01  5.758518E+01  7.292558E+01  8.422018E+01  9.123026E+01  9.502839E+01  9.673348E+01
  3.762428E+00  3.761758E+00  3.899601E+00  4.027980E+00  4.288830E+00  4.798297E+00  5.840017E+00  7.872278E+00  1.178193E+01  1.884250E+01
  3.015654E+01  4.526262E+01  6.137141E+01  7.536315E+01  8.563980E+01  9.201725E+01  9.547253E+01  9.702380E+01  4.783542E+00  4.784343E+00
  4.970452E+00  5.150039E+00  5.513579E+00  6.228035E+00  7.664050E+00  1.041535E+01  1.553133E+01  2.422204E+01  3.676899E+01  5.147202E+01
  6.589667E+01  7.824385E+01  8.731836E+01  9.294820E+01  9.599853E+01  9.736809E+01  6.836820E+00  6.839790E+00  7.145642E+00  7.438967E+00
  8.028774E+00  9.173325E+00  1.142516E+01  1.558184E+01  2.274753E+01  3.341191E+01  4.620549E+01  5.898003E+01  7.110214E+01  8.155165E+01
  8.924635E+01  9.401830E+01  9.660394E+01  9.776495E+01  1.258348E+01  1.258662E+01  1.325024E+01  1.388314E+01  1.511687E+01  1.745280E+01
  2.169780E+01  2.861355E+01  3.817620E+01  4.856940E+01  5.817747E+01  6.761342E+01  7.709782E+01  8.536958E+01  9.147186E+01  9.525488E+01
  9.730478E+01  9.822515E+01  4.901827E+01  4.900369E+01  4.979096E+01  5.038649E+01  5.136190E+01  5.265364E+01  5.438228E+01  5.671862E+01
  6.000356E+01  6.441647E+01  6.996259E+01  7.642854E+01  8.328367E+01  8.932085E+01  9.377575E+01  9.653707E+01  9.803527E+01  9.870674E+01
  4.577978E+00  4.710474E+00  4.796519E+00  5.004253E+00  5.438908E+00  6.255626E+00  7.843553E+00  1.087019E+01  1.575514E+01  2.374699E+01
  3.528251E+01  5.003225E+01  6.553291E+01  7.869802E+01  8.792579E+01  9.351857E+01  9.662331E+01  9.824930E+01  4.577978E+00  4.478201E+00
  4.808305E+00  4.976175E+00  5.389770E+00  6.148568E+00  7.717582E+00  1.059468E+01  1.537958E+01  2.319995E+01  3.462191E+01  4.920768E+01
  6.473396E+01  7.810646E+01  8.753576E+01  9.328919E+01  9.648196E+01  9.813896E+01  4.577978E+00  4.460672E+00  4.797181E+00  4.985869E+00
  5.411616E+00  6.116487E+00  7.663054E+00  1.052976E+01  1.521720E+01  2.293700E+01  3.429276E+01  4.888851E+01  6.446202E+01  7.789790E+01
  8.737026E+01  9.318621E+01  9.641121E+01  9.807203E+01  4.577978E+00  4.523054E+00  4.795460E+00  4.963759E+00  5.365258E+00  6.058779E+00
  7.655902E+00  1.045920E+01  1.514134E+01  2.282101E+01  3.410749E+01  4.863375E+01  6.423510E+01  7.770830E+01  8.726212E+01  9.311287E+01
  9.635571E+01  9.801154E+01  4.577978E+00  4.645658E+00  4.816559E+00  4.966472E+00  5.348564E+00  6.028924E+00  7.621753E+00  1.034966E+01
  1.506983E+01  2.265628E+01  3.392680E+01  4.843420E+01  6.402756E+01  7.754535E+01  8.717083E+01  9.304386E+01  9.630824E+01  9.795452E+01
  4.577978E+00  4.690186E+00  4.818352E+00  4.949222E+00  5.366057E+00  6.029008E+00  7.586042E+00  1.022912E+01  1.496914E+01  2.253196E+01
  3.373467E+01  4.821581E+01  6.379796E+01  7.736963E+01  8.704122E+01  9.296542E+01  9.624585E+01  9.789371E+01  4.577978E+00  4.465559E+00
  4.791418E+00  4.941041E+00  5.351882E+00  6.014855E+00  7.509248E+00  1.018932E+01  1.478705E+01  2.234159E+01  3.348478E+01  4.789543E+01
  6.353710E+01  7.713031E+01  8.687830E+01  9.287187E+01  9.617745E+01  9.782757E+01  4.577978E+00  4.546459E+00  4.839689E+00  4.952173E+00
  5.334872E+00  5.975428E+00  7.445800E+00  1.010691E+01  1.469112E+01  2.213197E+01  3.325750E+01  4.758418E+01  6.319309E+01  7.689153E+01
  8.672551E+01  9.276685E+01  9.610715E+01  9.776242E+01  4.577978E+00  4.623117E+00  4.806594E+00  4.957783E+00  5.260045E+00  5.899521E+00
  7.245570E+00  9.668880E+00  1.410020E+01  2.122580E+01  3.198015E+01  4.602388E+01  6.166328E+01  7.567929E+01  8.592489E+01  9.229482E+01
  9.583298E+01  9.758865E+01  4.577978E+00  4.558127E+00  4.803926E+00  4.930909E+00  5.238808E+00  5.815925E+00  7.190491E+00  9.567389E+00
  1.389484E+01  2.095717E+01  3.146299E+01  4.551201E+01  6.111382E+01  7.525166E+01  8.563747E+01  9.211259E+01  9.572038E+01  9.749857E+01
  4.577978E+00  4.679310E+00  4.793179E+00  4.931104E+00  5.280810E+00  5.758225E+00  7.085756E+00  9.466343E+00  1.366309E+01  2.059766E+01
  3.097243E+01  4.490874E+01  6.055506E+01  7.476015E+01  8.529736E+01  9.191946E+01  9.559647E+01  9.740493E+01  4.577978E+00  4.673171E+00
  4.859666E+00  4.917795E+00  5.257890E+00  5.754334E+00  7.044577E+00  9.383607E+00  1.354112E+01  2.040615E+01  3.083362E+01  4.467619E+01
  6.029533E+01  7.458459E+01  8.516449E+01  9.183387E+01  9.553738E+01  9.734837E+01  4.577978E+00  4.480607E+00  4.819729E+00  4.939511E+00
  5.244355E+00  5.798515E+00  7.055066E+00  9.446468E+00  1.363191E+01  2.056009E+01  3.096103E+01  4.488022E+01  6.051642E+01  7.474376E+01
  8.526508E+01  9.188964E+01  9.555637E+01  9.733119E+01  4.577978E+00  4.477339E+00  4.820078E+00  4.946570E+00  5.282439E+00  5.777030E+00
  7.095430E+00  9.458435E+00  1.369850E+01  2.069724E+01  3.114407E+01  4.507673E+01  6.072741E+01  7.490629E+01  8.538156E+01  9.195461E+01
  9.556892E+01  9.731361E+01  4.577978E+00  4.650519E+00  4.820481E+00  4.935377E+00  5.257250E+00  5.792456E+00  7.172370E+00  9.506126E+00
  1.380033E+01  2.086313E+01  3.131975E+01  4.527165E+01  6.092455E+01  7.506707E+01  8.548297E+01  9.199596E+01  9.558572E+01  9.729233E+01
  4.577978E+00  4.631820E+00  4.788023E+00  4.902621E+00  5.329836E+00  5.804515E+00  7.173567E+00  9.569979E+00  1.388083E+01  2.094325E+01
  3.147752E+01  4.549214E+01  6.110823E+01  7.521353E+01  8.559093E+01  9.204864E+01  9.559572E+01  9.727007E+01  4.577978E+00  4.662330E+00
  4.799178E+00  4.930107E+00  5.286242E+00  5.833842E+00  7.207184E+00  9.588025E+00  1.392607E+01  2.102557E+01  3.163347E+01  4.568133E+01
  6.128914E+01  7.536805E+01  8.567557E+01  9.209784E+01  9.560664E+01  9.724789E+01  4.577978E+00  4.648009E+00  4.794684E+00  4.930296E+00
  5.278501E+00  5.875653E+00  7.234522E+00  9.619837E+00  1.405014E+01  2.108941E+01  3.181552E+01  4.584838E+01  6.143180E+01  7.552541E+01
  8.577582E+01  9.214220E+01  9.561342E+01  9.722524E+01  4.577978E+00  4.514252E+00  4.826568E+00  4.921391E+00  5.274499E+00  5.867157E+00
  7.223939E+00  9.670567E+00  1.408450E+01  2.121926E+01  3.195142E+01  4.603373E+01  6.162183E+01  7.565437E+01  8.585753E+01  9.218334E+01
  9.562260E+01  9.720181E+01  4.577978E+00  4.668050E+00  4.798348E+00  4.930541E+00  5.294799E+00  5.881304E+00  7.234527E+00  9.627722E+00
  1.408565E+01  2.115514E+01  3.187594E+01  4.596247E+01  6.153827E+01  7.559528E+01  8.581067E+01  9.214950E+01  9.558728E+01  9.715517E+01
  4.577978E+00  4.651275E+00  4.803743E+00  4.941498E+00  5.242477E+00  5.818969E+00  7.215737E+00  9.597578E+00  1.402013E+01  2.103184E+01
  3.170862E+01  4.568697E+01  6.131202E+01  7.539057E+01  8.568130E+01  9.206341E+01  9.552902E+01  9.709722E+01  4.577978E+00  4.492421E+00
  4.794845E+00  4.925163E+00  5.267840E+00  5.799669E+00  7.187326E+00  9.554414E+00  1.388639E+01  2.093359E+01  3.143925E+01  4.548579E+01
  6.109591E+01  7.521352E+01  8.555423E+01  9.198701E+01  9.547027E+01  9.703806E+01  4.577978E+00  4.636020E+00  4.790656E+00  4.930063E+00
  5.223167E+00  5.809781E+00  7.139990E+00  9.494463E+00  1.374929E+01  2.080307E+01  3.127421E+01  4.520197E+01  6.086401E+01  7.499396E+01
  8.542294E+01  9.189883E+01  9.540672E+01  9.698107E+01
